GICDeviceID,SampleDateTime,GICMeasured
10066,5/10/2024 12:00:00 AM,0.60
10066,5/10/2024 12:00:10 AM,0.68
10066,5/10/2024 12:00:20 AM,0.77
10066,5/10/2024 12:00:30 AM,0.85
10066,5/10/2024 12:00:40 AM,0.93
10066,5/10/2024 12:00:50 AM,1.01
10066,5/10/2024 12:01:00 AM,1.09
10066,5/10/2024 12:01:10 AM,1.18
10066,5/10/2024 12:01:20 AM,0.93
10066,5/10/2024 12:01:30 AM,0.53
10066,5/10/2024 12:01:40 AM,0.54
10066,5/10/2024 12:01:50 AM,0.74
10066,5/10/2024 12:02:00 AM,0.94
10066,5/10/2024 12:02:10 AM,1.14
10066,5/10/2024 12:02:20 AM,1.11
10066,5/10/2024 12:02:30 AM,0.98
10066,5/10/2024 12:02:40 AM,0.86
10066,5/10/2024 12:02:50 AM,0.73
10066,5/10/2024 12:03:00 AM,0.60
10066,5/10/2024 12:03:10 AM,0.47
10066,5/10/2024 12:03:20 AM,0.34
10066,5/10/2024 12:03:30 AM,0.39
10066,5/10/2024 12:03:40 AM,0.52
10066,5/10/2024 12:03:50 AM,0.64
10066,5/10/2024 12:04:00 AM,0.77
10066,5/10/2024 12:04:10 AM,0.90
10066,5/10/2024 12:04:20 AM,1.03
10066,5/10/2024 12:04:30 AM,1.16
10066,5/10/2024 12:04:40 AM,1.08
10066,5/10/2024 12:04:50 AM,0.90
10066,5/10/2024 12:05:00 AM,0.72
10066,5/10/2024 12:05:10 AM,0.54
10066,5/10/2024 12:05:20 AM,0.36
10066,5/10/2024 12:05:30 AM,0.39
10066,5/10/2024 12:05:40 AM,0.53
10066,5/10/2024 12:05:50 AM,0.67
10066,5/10/2024 12:06:00 AM,0.81
10066,5/10/2024 12:06:10 AM,0.94
10066,5/10/2024 12:06:20 AM,1.08
10066,5/10/2024 12:06:30 AM,1.22
10066,5/10/2024 12:06:40 AM,1.36
10066,5/10/2024 12:06:50 AM,1.34
10066,5/10/2024 12:07:00 AM,1.26
10066,5/10/2024 12:07:10 AM,1.17
10066,5/10/2024 12:07:20 AM,1.08
10066,5/10/2024 12:07:30 AM,1.00
10066,5/10/2024 12:07:40 AM,0.91
10066,5/10/2024 12:07:50 AM,0.82
10066,5/10/2024 12:08:00 AM,0.74
10066,5/10/2024 12:08:10 AM,0.65
10066,5/10/2024 12:08:20 AM,0.56
10066,5/10/2024 12:08:30 AM,0.47
10066,5/10/2024 12:08:40 AM,0.39
10066,5/10/2024 12:08:50 AM,0.30
10066,5/10/2024 12:09:00 AM,0.21
10066,5/10/2024 12:09:10 AM,0.13
10066,5/10/2024 12:09:20 AM,0.30
10066,5/10/2024 12:09:30 AM,0.60
10066,5/10/2024 12:09:40 AM,0.90
10066,5/10/2024 12:09:50 AM,1.20
10066,5/10/2024 12:10:00 AM,1.05
10066,5/10/2024 12:10:10 AM,0.69
10066,5/10/2024 12:10:20 AM,0.32
10066,5/10/2024 12:10:30 AM,0.54
10066,5/10/2024 12:10:40 AM,1.04
10066,5/10/2024 12:10:50 AM,1.13
10066,5/10/2024 12:11:00 AM,1.03
10066,5/10/2024 12:11:10 AM,0.93
10066,5/10/2024 12:11:20 AM,0.83
10066,5/10/2024 12:11:30 AM,0.73
10066,5/10/2024 12:11:40 AM,0.75
10066,5/10/2024 12:11:50 AM,0.83
10066,5/10/2024 12:12:00 AM,0.90
10066,5/10/2024 12:12:10 AM,0.98
10066,5/10/2024 12:12:20 AM,1.05
10066,5/10/2024 12:12:30 AM,1.13
10066,5/10/2024 12:12:40 AM,1.20
10066,5/10/2024 12:12:50 AM,1.28
10066,5/10/2024 12:13:00 AM,1.09
10066,5/10/2024 12:13:10 AM,0.80
10066,5/10/2024 12:13:20 AM,0.50
10066,5/10/2024 12:13:30 AM,0.48
10066,5/10/2024 12:13:40 AM,0.60
10066,5/10/2024 12:13:50 AM,0.71
10066,5/10/2024 12:14:00 AM,0.83
10066,5/10/2024 12:14:10 AM,0.95
10066,5/10/2024 12:14:20 AM,1.06
10066,5/10/2024 12:14:30 AM,0.86
10066,5/10/2024 12:14:40 AM,0.51
10066,5/10/2024 12:14:50 AM,0.47
10066,5/10/2024 12:15:00 AM,0.57
10066,5/10/2024 12:15:10 AM,0.67
10066,5/10/2024 12:15:20 AM,0.77
10066,5/10/2024 12:15:30 AM,0.87
10066,5/10/2024 12:15:40 AM,0.97
10066,5/10/2024 12:15:50 AM,1.07
10066,5/10/2024 12:16:00 AM,1.17
10066,5/10/2024 12:16:10 AM,1.27
10066,5/10/2024 12:16:20 AM,1.37
10066,5/10/2024 12:16:30 AM,1.47
10066,5/10/2024 12:16:40 AM,1.57
10066,5/10/2024 12:16:50 AM,1.67
10066,5/10/2024 12:17:00 AM,1.77
10066,5/10/2024 12:17:10 AM,1.63
10066,5/10/2024 12:17:20 AM,1.38
10066,5/10/2024 12:17:30 AM,1.13
10066,5/10/2024 12:17:40 AM,0.88
10066,5/10/2024 12:17:50 AM,0.63
10066,5/10/2024 12:18:00 AM,0.38
10066,5/10/2024 12:18:10 AM,0.31
10066,5/10/2024 12:18:20 AM,0.33
10066,5/10/2024 12:18:30 AM,0.34
10066,5/10/2024 12:18:40 AM,0.36
10066,5/10/2024 12:18:50 AM,0.38
10066,5/10/2024 12:19:00 AM,0.39
10066,5/10/2024 12:19:10 AM,0.41
10066,5/10/2024 12:19:20 AM,0.42
10066,5/10/2024 12:19:30 AM,0.44
10066,5/10/2024 12:19:40 AM,0.45
10066,5/10/2024 12:19:50 AM,0.47
10066,5/10/2024 12:20:00 AM,0.49
10066,5/10/2024 12:20:10 AM,0.50
10066,5/10/2024 12:20:20 AM,0.52
10066,5/10/2024 12:20:30 AM,0.53
10066,5/10/2024 12:20:40 AM,0.55
10066,5/10/2024 12:20:50 AM,0.57
10066,5/10/2024 12:21:00 AM,0.58
10066,5/10/2024 12:21:10 AM,0.60
10066,5/10/2024 12:21:20 AM,0.61
10066,5/10/2024 12:21:30 AM,0.63
10066,5/10/2024 12:21:40 AM,0.65
10066,5/10/2024 12:21:50 AM,0.66
10066,5/10/2024 12:22:00 AM,0.68
10066,5/10/2024 12:22:10 AM,0.69
10066,5/10/2024 12:22:20 AM,0.71
10066,5/10/2024 12:22:30 AM,0.73
10066,5/10/2024 12:22:40 AM,0.74
10066,5/10/2024 12:22:50 AM,0.76
10066,5/10/2024 12:23:00 AM,0.77
10066,5/10/2024 12:23:10 AM,0.79
10066,5/10/2024 12:23:20 AM,0.81
10066,5/10/2024 12:23:30 AM,0.82
10066,5/10/2024 12:23:40 AM,0.84
10066,5/10/2024 12:23:50 AM,0.85
10066,5/10/2024 12:24:00 AM,0.87
10066,5/10/2024 12:24:10 AM,0.89
10066,5/10/2024 12:24:20 AM,0.90
10066,5/10/2024 12:24:30 AM,0.92
10066,5/10/2024 12:24:40 AM,0.93
10066,5/10/2024 12:24:50 AM,0.95
10066,5/10/2024 12:25:00 AM,0.97
10066,5/10/2024 12:25:10 AM,0.98
10066,5/10/2024 12:25:20 AM,1.00
10066,5/10/2024 12:25:30 AM,1.01
10066,5/10/2024 12:25:40 AM,1.03
10066,5/10/2024 12:25:50 AM,1.04
10066,5/10/2024 12:26:00 AM,1.06
10066,5/10/2024 12:26:10 AM,1.08
10066,5/10/2024 12:26:20 AM,1.09
10066,5/10/2024 12:26:30 AM,1.11
10066,5/10/2024 12:26:40 AM,1.12
10066,5/10/2024 12:26:50 AM,1.14
10066,5/10/2024 12:27:00 AM,1.16
10066,5/10/2024 12:27:10 AM,1.17
10066,5/10/2024 12:27:20 AM,1.19
10066,5/10/2024 12:27:30 AM,1.20
10066,5/10/2024 12:27:40 AM,1.22
10066,5/10/2024 12:27:50 AM,1.24
10066,5/10/2024 12:28:00 AM,1.25
10066,5/10/2024 12:28:10 AM,1.27
10066,5/10/2024 12:28:20 AM,1.28
10066,5/10/2024 12:28:30 AM,1.30
10066,5/10/2024 12:28:40 AM,1.32
10066,5/10/2024 12:28:50 AM,1.33
10066,5/10/2024 12:29:00 AM,1.35
10066,5/10/2024 12:29:10 AM,1.36
10066,5/10/2024 12:29:20 AM,1.38
10066,5/10/2024 12:29:30 AM,1.40
10066,5/10/2024 12:29:40 AM,1.29
10066,5/10/2024 12:29:50 AM,1.13
10066,5/10/2024 12:30:00 AM,0.97
10066,5/10/2024 12:30:10 AM,0.82
10066,5/10/2024 12:30:20 AM,0.70
10066,5/10/2024 12:30:30 AM,0.69
10066,5/10/2024 12:30:40 AM,0.68
10066,5/10/2024 12:30:50 AM,0.67
10066,5/10/2024 12:31:00 AM,0.66
10066,5/10/2024 12:31:10 AM,0.66
10066,5/10/2024 12:31:20 AM,0.65
10066,5/10/2024 12:31:30 AM,0.64
10066,5/10/2024 12:31:40 AM,0.63
10066,5/10/2024 12:31:50 AM,0.62
10066,5/10/2024 12:32:00 AM,0.61
10066,5/10/2024 12:32:10 AM,0.60
10066,5/10/2024 12:32:20 AM,0.60
10066,5/10/2024 12:32:30 AM,0.59
10066,5/10/2024 12:32:40 AM,0.58
10066,5/10/2024 12:32:50 AM,0.57
10066,5/10/2024 12:33:00 AM,0.56
10066,5/10/2024 12:33:10 AM,0.55
10066,5/10/2024 12:33:20 AM,0.55
10066,5/10/2024 12:33:30 AM,0.54
10066,5/10/2024 12:33:40 AM,0.53
10066,5/10/2024 12:33:50 AM,0.52
10066,5/10/2024 12:34:00 AM,0.51
10066,5/10/2024 12:34:10 AM,0.50
10066,5/10/2024 12:34:20 AM,0.53
10066,5/10/2024 12:34:30 AM,0.58
10066,5/10/2024 12:34:40 AM,0.63
10066,5/10/2024 12:34:50 AM,0.68
10066,5/10/2024 12:35:00 AM,0.73
10066,5/10/2024 12:35:10 AM,0.78
10066,5/10/2024 12:35:20 AM,0.83
10066,5/10/2024 12:35:30 AM,0.88
10066,5/10/2024 12:35:40 AM,0.93
10066,5/10/2024 12:35:50 AM,0.98
10066,5/10/2024 12:36:00 AM,1.03
10066,5/10/2024 12:36:10 AM,1.08
10066,5/10/2024 12:36:20 AM,1.13
10066,5/10/2024 12:36:30 AM,1.18
10066,5/10/2024 12:36:40 AM,1.23
10066,5/10/2024 12:36:50 AM,1.28
10066,5/10/2024 12:37:00 AM,1.24
10066,5/10/2024 12:37:10 AM,1.16
10066,5/10/2024 12:37:20 AM,1.08
10066,5/10/2024 12:37:30 AM,1.00
10066,5/10/2024 12:37:40 AM,0.92
10066,5/10/2024 12:37:50 AM,0.84
10066,5/10/2024 12:38:00 AM,0.75
10066,5/10/2024 12:38:10 AM,0.67
10066,5/10/2024 12:38:20 AM,0.59
10066,5/10/2024 12:38:30 AM,0.51
10066,5/10/2024 12:38:40 AM,0.43
10066,5/10/2024 12:38:50 AM,0.50
10066,5/10/2024 12:39:00 AM,0.64
10066,5/10/2024 12:39:10 AM,0.78
10066,5/10/2024 12:39:20 AM,0.92
10066,5/10/2024 12:39:30 AM,1.06
10066,5/10/2024 12:39:40 AM,0.69
10066,5/10/2024 12:39:50 AM,0.51
10066,5/10/2024 12:40:00 AM,0.53
10066,5/10/2024 12:40:10 AM,0.54
10066,5/10/2024 12:40:20 AM,0.56
10066,5/10/2024 12:40:30 AM,0.58
10066,5/10/2024 12:40:40 AM,0.59
10066,5/10/2024 12:40:50 AM,0.61
10066,5/10/2024 12:41:00 AM,0.63
10066,5/10/2024 12:41:10 AM,0.64
10066,5/10/2024 12:41:20 AM,0.66
10066,5/10/2024 12:41:30 AM,0.67
10066,5/10/2024 12:41:40 AM,0.69
10066,5/10/2024 12:41:50 AM,0.71
10066,5/10/2024 12:42:00 AM,0.72
10066,5/10/2024 12:42:10 AM,0.74
10066,5/10/2024 12:42:20 AM,0.76
10066,5/10/2024 12:42:30 AM,0.77
10066,5/10/2024 12:42:40 AM,0.79
10066,5/10/2024 12:42:50 AM,0.81
10066,5/10/2024 12:43:00 AM,0.82
10066,5/10/2024 12:43:10 AM,0.84
10066,5/10/2024 12:43:20 AM,0.85
10066,5/10/2024 12:43:30 AM,0.87
10066,5/10/2024 12:43:40 AM,0.89
10066,5/10/2024 12:43:50 AM,0.90
10066,5/10/2024 12:44:00 AM,0.92
10066,5/10/2024 12:44:10 AM,0.94
10066,5/10/2024 12:44:20 AM,0.95
10066,5/10/2024 12:44:30 AM,0.97
10066,5/10/2024 12:44:40 AM,0.99
10066,5/10/2024 12:44:50 AM,1.00
10066,5/10/2024 12:45:00 AM,1.02
10066,5/10/2024 12:45:10 AM,1.03
10066,5/10/2024 12:45:20 AM,1.05
10066,5/10/2024 12:45:30 AM,1.07
10066,5/10/2024 12:45:40 AM,1.08
10066,5/10/2024 12:45:50 AM,1.10
10066,5/10/2024 12:46:00 AM,1.12
10066,5/10/2024 12:46:10 AM,1.13
10066,5/10/2024 12:46:20 AM,1.15
10066,5/10/2024 12:46:30 AM,1.16
10066,5/10/2024 12:46:40 AM,1.18
10066,5/10/2024 12:46:50 AM,1.20
10066,5/10/2024 12:47:00 AM,1.21
10066,5/10/2024 12:47:10 AM,1.23
10066,5/10/2024 12:47:20 AM,1.25
10066,5/10/2024 12:47:30 AM,1.26
10066,5/10/2024 12:47:40 AM,1.28
10066,5/10/2024 12:47:50 AM,1.30
10066,5/10/2024 12:48:00 AM,1.16
10066,5/10/2024 12:48:10 AM,0.96
10066,5/10/2024 12:48:20 AM,0.76
10066,5/10/2024 12:48:30 AM,0.56
10066,5/10/2024 12:48:40 AM,0.51
10066,5/10/2024 12:48:50 AM,0.53
10066,5/10/2024 12:49:00 AM,0.55
10066,5/10/2024 12:49:10 AM,0.56
10066,5/10/2024 12:49:20 AM,0.58
10066,5/10/2024 12:49:30 AM,0.60
10066,5/10/2024 12:49:40 AM,0.62
10066,5/10/2024 12:49:50 AM,0.63
10066,5/10/2024 12:50:00 AM,0.65
10066,5/10/2024 12:50:10 AM,0.67
10066,5/10/2024 12:50:20 AM,0.68
10066,5/10/2024 12:50:30 AM,0.70
10066,5/10/2024 12:50:40 AM,0.72
10066,5/10/2024 12:50:50 AM,0.74
10066,5/10/2024 12:51:00 AM,0.75
10066,5/10/2024 12:51:10 AM,0.77
10066,5/10/2024 12:51:20 AM,0.79
10066,5/10/2024 12:51:30 AM,0.81
10066,5/10/2024 12:51:40 AM,0.82
10066,5/10/2024 12:51:50 AM,0.84
10066,5/10/2024 12:52:00 AM,0.86
10066,5/10/2024 12:52:10 AM,0.87
10066,5/10/2024 12:52:20 AM,0.89
10066,5/10/2024 12:52:30 AM,0.91
10066,5/10/2024 12:52:40 AM,0.93
10066,5/10/2024 12:52:50 AM,0.94
10066,5/10/2024 12:53:00 AM,0.96
10066,5/10/2024 12:53:10 AM,0.98
10066,5/10/2024 12:53:20 AM,0.99
10066,5/10/2024 12:53:30 AM,0.95
10066,5/10/2024 12:53:40 AM,0.87
10066,5/10/2024 12:53:50 AM,0.80
10066,5/10/2024 12:54:00 AM,0.72
10066,5/10/2024 12:54:10 AM,0.65
10066,5/10/2024 12:54:20 AM,0.57
10066,5/10/2024 12:54:30 AM,0.50
10066,5/10/2024 12:54:40 AM,0.42
10066,5/10/2024 12:54:50 AM,0.43
10066,5/10/2024 12:55:00 AM,0.48
10066,5/10/2024 12:55:10 AM,0.53
10066,5/10/2024 12:55:20 AM,0.58
10066,5/10/2024 12:55:30 AM,0.63
10066,5/10/2024 12:55:40 AM,0.68
10066,5/10/2024 12:55:50 AM,0.73
10066,5/10/2024 12:56:00 AM,0.78
10066,5/10/2024 12:56:10 AM,0.83
10066,5/10/2024 12:56:20 AM,0.88
10066,5/10/2024 12:56:30 AM,0.93
10066,5/10/2024 12:56:40 AM,0.98
10066,5/10/2024 12:56:50 AM,1.03
10066,5/10/2024 12:57:00 AM,1.08
10066,5/10/2024 12:57:10 AM,1.13
10066,5/10/2024 12:57:20 AM,1.18
10066,5/10/2024 12:57:30 AM,1.23
10066,5/10/2024 12:57:40 AM,1.28
10066,5/10/2024 12:57:50 AM,1.33
10066,5/10/2024 12:58:00 AM,1.38
10066,5/10/2024 12:58:10 AM,1.20
10066,5/10/2024 12:58:20 AM,0.90
10066,5/10/2024 12:58:30 AM,0.60
10066,5/10/2024 12:58:40 AM,0.53
10066,5/10/2024 12:58:50 AM,0.58
10066,5/10/2024 12:59:00 AM,0.62
10066,5/10/2024 12:59:10 AM,0.67
10066,5/10/2024 12:59:20 AM,0.71
10066,5/10/2024 12:59:30 AM,0.76
10066,5/10/2024 12:59:40 AM,0.80
10066,5/10/2024 12:59:50 AM,0.85
10066,5/10/2024 1:00:00 AM,0.89
10066,5/10/2024 1:00:10 AM,0.94
10066,5/10/2024 1:00:20 AM,0.99
10066,5/10/2024 1:00:30 AM,1.03
10066,5/10/2024 1:00:40 AM,1.08
10066,5/10/2024 1:00:50 AM,1.12
10066,5/10/2024 1:01:00 AM,1.17
10066,5/10/2024 1:01:10 AM,1.21
10066,5/10/2024 1:01:20 AM,1.26
10066,5/10/2024 1:01:30 AM,1.30
10066,5/10/2024 1:01:40 AM,1.35
10066,5/10/2024 1:01:50 AM,1.40
10066,5/10/2024 1:02:00 AM,1.44
10066,5/10/2024 1:02:10 AM,1.49
10066,5/10/2024 1:02:20 AM,1.48
10066,5/10/2024 1:02:30 AM,1.45
10066,5/10/2024 1:02:40 AM,1.42
10066,5/10/2024 1:02:50 AM,1.39
10066,5/10/2024 1:03:00 AM,1.36
10066,5/10/2024 1:03:10 AM,1.33
10066,5/10/2024 1:03:20 AM,1.30
10066,5/10/2024 1:03:30 AM,1.27
10066,5/10/2024 1:03:40 AM,1.24
10066,5/10/2024 1:03:50 AM,1.21
10066,5/10/2024 1:04:00 AM,1.18
10066,5/10/2024 1:04:10 AM,1.15
10066,5/10/2024 1:04:20 AM,1.12
10066,5/10/2024 1:04:30 AM,1.09
10066,5/10/2024 1:04:40 AM,1.06
10066,5/10/2024 1:04:50 AM,1.03
10066,5/10/2024 1:05:00 AM,1.00
10066,5/10/2024 1:05:10 AM,0.97
10066,5/10/2024 1:05:20 AM,0.94
10066,5/10/2024 1:05:30 AM,0.91
10066,5/10/2024 1:05:40 AM,0.96
10066,5/10/2024 1:05:50 AM,1.05
10066,5/10/2024 1:06:00 AM,1.14
10066,5/10/2024 1:06:10 AM,1.23
10066,5/10/2024 1:06:20 AM,1.32
10066,5/10/2024 1:06:30 AM,1.41
10066,5/10/2024 1:06:40 AM,1.50
10066,5/10/2024 1:06:50 AM,1.59
10066,5/10/2024 1:07:00 AM,1.68
10066,5/10/2024 1:07:10 AM,1.77
10066,5/10/2024 1:07:20 AM,1.59
10066,5/10/2024 1:07:30 AM,1.29
10066,5/10/2024 1:07:40 AM,0.99
10066,5/10/2024 1:07:50 AM,0.69
10066,5/10/2024 1:08:00 AM,0.62
10066,5/10/2024 1:08:10 AM,0.65
10066,5/10/2024 1:08:20 AM,0.68
10066,5/10/2024 1:08:30 AM,0.70
10066,5/10/2024 1:08:40 AM,0.73
10066,5/10/2024 1:08:50 AM,0.76
10066,5/10/2024 1:09:00 AM,0.79
10066,5/10/2024 1:09:10 AM,0.82
10066,5/10/2024 1:09:20 AM,0.84
10066,5/10/2024 1:09:30 AM,0.87
10066,5/10/2024 1:09:40 AM,0.90
10066,5/10/2024 1:09:50 AM,0.93
10066,5/10/2024 1:10:00 AM,0.96
10066,5/10/2024 1:10:10 AM,0.98
10066,5/10/2024 1:10:20 AM,1.01
10066,5/10/2024 1:10:30 AM,1.04
10066,5/10/2024 1:10:40 AM,1.07
10066,5/10/2024 1:10:50 AM,1.10
10066,5/10/2024 1:11:00 AM,1.12
10066,5/10/2024 1:11:10 AM,1.15
10066,5/10/2024 1:11:20 AM,1.18
10066,5/10/2024 1:11:30 AM,1.21
10066,5/10/2024 1:11:40 AM,1.24
10066,5/10/2024 1:11:50 AM,1.26
10066,5/10/2024 1:12:00 AM,1.29
10066,5/10/2024 1:12:10 AM,0.82
10066,5/10/2024 1:12:20 AM,0.63
10066,5/10/2024 1:12:30 AM,0.67
10066,5/10/2024 1:12:40 AM,0.70
10066,5/10/2024 1:12:50 AM,0.74
10066,5/10/2024 1:13:00 AM,0.78
10066,5/10/2024 1:13:10 AM,0.82
10066,5/10/2024 1:13:20 AM,0.86
10066,5/10/2024 1:13:30 AM,0.90
10066,5/10/2024 1:13:40 AM,0.94
10066,5/10/2024 1:13:50 AM,0.98
10066,5/10/2024 1:14:00 AM,1.02
10066,5/10/2024 1:14:10 AM,1.05
10066,5/10/2024 1:14:20 AM,1.09
10066,5/10/2024 1:14:30 AM,1.13
10066,5/10/2024 1:14:40 AM,1.17
10066,5/10/2024 1:14:50 AM,1.21
10066,5/10/2024 1:15:00 AM,1.25
10066,5/10/2024 1:15:10 AM,1.29
10066,5/10/2024 1:15:20 AM,1.19
10066,5/10/2024 1:15:30 AM,1.03
10066,5/10/2024 1:15:40 AM,0.86
10066,5/10/2024 1:15:50 AM,0.70
10066,5/10/2024 1:16:00 AM,0.54
10066,5/10/2024 1:16:10 AM,0.38
10066,5/10/2024 1:16:20 AM,0.21
10066,5/10/2024 1:16:30 AM,0.05
10066,5/10/2024 1:16:40 AM,0.55
10066,5/10/2024 1:16:50 AM,0.91
10066,5/10/2024 1:17:00 AM,1.07
10066,5/10/2024 1:17:10 AM,1.22
10066,5/10/2024 1:17:20 AM,1.38
10066,5/10/2024 1:17:30 AM,1.54
10066,5/10/2024 1:17:40 AM,1.69
10066,5/10/2024 1:17:50 AM,1.85
10066,5/10/2024 1:18:00 AM,1.79
10066,5/10/2024 1:18:10 AM,1.63
10066,5/10/2024 1:18:20 AM,1.46
10066,5/10/2024 1:18:30 AM,1.30
10066,5/10/2024 1:18:40 AM,1.14
10066,5/10/2024 1:18:50 AM,0.98
10066,5/10/2024 1:19:00 AM,0.81
10066,5/10/2024 1:19:10 AM,0.65
10066,5/10/2024 1:19:20 AM,1.05
10066,5/10/2024 1:19:30 AM,1.70
10066,5/10/2024 1:19:40 AM,1.69
10066,5/10/2024 1:19:50 AM,1.40
10066,5/10/2024 1:20:00 AM,1.10
10066,5/10/2024 1:20:10 AM,0.80
10066,5/10/2024 1:20:20 AM,0.72
10066,5/10/2024 1:20:30 AM,0.75
10066,5/10/2024 1:20:40 AM,0.78
10066,5/10/2024 1:20:50 AM,0.81
10066,5/10/2024 1:21:00 AM,0.84
10066,5/10/2024 1:21:10 AM,0.87
10066,5/10/2024 1:21:20 AM,0.90
10066,5/10/2024 1:21:30 AM,0.94
10066,5/10/2024 1:21:40 AM,0.97
10066,5/10/2024 1:21:50 AM,1.00
10066,5/10/2024 1:22:00 AM,1.03
10066,5/10/2024 1:22:10 AM,1.06
10066,5/10/2024 1:22:20 AM,1.09
10066,5/10/2024 1:22:30 AM,1.12
10066,5/10/2024 1:22:40 AM,1.15
10066,5/10/2024 1:22:50 AM,1.18
10066,5/10/2024 1:23:00 AM,1.21
10066,5/10/2024 1:23:10 AM,1.24
10066,5/10/2024 1:23:20 AM,1.27
10066,5/10/2024 1:23:30 AM,1.30
10066,5/10/2024 1:23:40 AM,1.33
10066,5/10/2024 1:23:50 AM,1.36
10066,5/10/2024 1:24:00 AM,1.39
10066,5/10/2024 1:24:10 AM,1.42
10066,5/10/2024 1:24:20 AM,1.45
10066,5/10/2024 1:24:30 AM,1.49
10066,5/10/2024 1:24:40 AM,1.52
10066,5/10/2024 1:24:50 AM,1.55
10066,5/10/2024 1:25:00 AM,1.58
10066,5/10/2024 1:25:10 AM,1.61
10066,5/10/2024 1:25:20 AM,1.64
10066,5/10/2024 1:25:30 AM,1.67
10066,5/10/2024 1:25:40 AM,1.70
10066,5/10/2024 1:25:50 AM,1.73
10066,5/10/2024 1:26:00 AM,1.76
10066,5/10/2024 1:26:10 AM,1.79
10066,5/10/2024 1:26:20 AM,1.68
10066,5/10/2024 1:26:30 AM,1.50
10066,5/10/2024 1:26:40 AM,1.32
10066,5/10/2024 1:26:50 AM,1.14
10066,5/10/2024 1:27:00 AM,0.96
10066,5/10/2024 1:27:10 AM,0.91
10066,5/10/2024 1:27:20 AM,0.92
10066,5/10/2024 1:27:30 AM,0.92
10066,5/10/2024 1:27:40 AM,0.93
10066,5/10/2024 1:27:50 AM,0.94
10066,5/10/2024 1:28:00 AM,0.95
10066,5/10/2024 1:28:10 AM,0.96
10066,5/10/2024 1:28:20 AM,0.97
10066,5/10/2024 1:28:30 AM,0.98
10066,5/10/2024 1:28:40 AM,0.98
10066,5/10/2024 1:28:50 AM,0.99
10066,5/10/2024 1:29:00 AM,1.00
10066,5/10/2024 1:29:10 AM,1.01
10066,5/10/2024 1:29:20 AM,1.02
10066,5/10/2024 1:29:30 AM,1.03
10066,5/10/2024 1:29:40 AM,1.04
10066,5/10/2024 1:29:50 AM,1.05
10066,5/10/2024 1:30:00 AM,1.05
10066,5/10/2024 1:30:10 AM,1.06
10066,5/10/2024 1:30:20 AM,1.07
10066,5/10/2024 1:30:30 AM,1.08
10066,5/10/2024 1:30:40 AM,1.09
10066,5/10/2024 1:30:50 AM,1.10
10066,5/10/2024 1:31:00 AM,1.11
10066,5/10/2024 1:31:10 AM,1.12
10066,5/10/2024 1:31:20 AM,1.12
10066,5/10/2024 1:31:30 AM,1.13
10066,5/10/2024 1:31:40 AM,1.14
10066,5/10/2024 1:31:50 AM,1.15
10066,5/10/2024 1:32:00 AM,1.16
10066,5/10/2024 1:32:10 AM,1.17
10066,5/10/2024 1:32:20 AM,1.18
10066,5/10/2024 1:32:30 AM,1.18
10066,5/10/2024 1:32:40 AM,1.19
10066,5/10/2024 1:32:50 AM,1.20
10066,5/10/2024 1:33:00 AM,1.21
10066,5/10/2024 1:33:10 AM,1.22
10066,5/10/2024 1:33:20 AM,1.23
10066,5/10/2024 1:33:30 AM,1.24
10066,5/10/2024 1:33:40 AM,1.25
10066,5/10/2024 1:33:50 AM,1.25
10066,5/10/2024 1:34:00 AM,1.26
10066,5/10/2024 1:34:10 AM,1.27
10066,5/10/2024 1:34:20 AM,1.28
10066,5/10/2024 1:34:30 AM,1.29
10066,5/10/2024 1:34:40 AM,1.30
10066,5/10/2024 1:34:50 AM,1.31
10066,5/10/2024 1:35:00 AM,1.32
10066,5/10/2024 1:35:10 AM,1.32
10066,5/10/2024 1:35:20 AM,1.33
10066,5/10/2024 1:35:30 AM,1.34
10066,5/10/2024 1:35:40 AM,1.35
10066,5/10/2024 1:35:50 AM,1.36
10066,5/10/2024 1:36:00 AM,1.37
10066,5/10/2024 1:36:10 AM,1.38
10066,5/10/2024 1:36:20 AM,1.38
10066,5/10/2024 1:36:30 AM,1.39
10066,5/10/2024 1:36:40 AM,1.40
10066,5/10/2024 1:36:50 AM,1.41
10066,5/10/2024 1:37:00 AM,1.42
10066,5/10/2024 1:37:10 AM,1.43
10066,5/10/2024 1:37:20 AM,1.44
10066,5/10/2024 1:37:30 AM,1.45
10066,5/10/2024 1:37:40 AM,1.45
10066,5/10/2024 1:37:50 AM,1.46
10066,5/10/2024 1:38:00 AM,1.47
10066,5/10/2024 1:38:10 AM,1.48
10066,5/10/2024 1:38:20 AM,1.49
10066,5/10/2024 1:38:30 AM,1.50
10066,5/10/2024 1:38:40 AM,1.34
10066,5/10/2024 1:38:50 AM,1.11
10066,5/10/2024 1:39:00 AM,0.88
10066,5/10/2024 1:39:10 AM,0.81
10066,5/10/2024 1:39:20 AM,0.83
10066,5/10/2024 1:39:30 AM,0.84
10066,5/10/2024 1:39:40 AM,0.86
10066,5/10/2024 1:39:50 AM,0.87
10066,5/10/2024 1:40:00 AM,0.89
10066,5/10/2024 1:40:10 AM,0.90
10066,5/10/2024 1:40:20 AM,0.92
10066,5/10/2024 1:40:30 AM,0.94
10066,5/10/2024 1:40:40 AM,0.95
10066,5/10/2024 1:40:50 AM,0.97
10066,5/10/2024 1:41:00 AM,0.98
10066,5/10/2024 1:41:10 AM,1.00
10066,5/10/2024 1:41:20 AM,1.01
10066,5/10/2024 1:41:30 AM,1.03
10066,5/10/2024 1:41:40 AM,1.04
10066,5/10/2024 1:41:50 AM,1.06
10066,5/10/2024 1:42:00 AM,1.08
10066,5/10/2024 1:42:10 AM,1.09
10066,5/10/2024 1:42:20 AM,1.11
10066,5/10/2024 1:42:30 AM,1.12
10066,5/10/2024 1:42:40 AM,1.14
10066,5/10/2024 1:42:50 AM,1.15
10066,5/10/2024 1:43:00 AM,1.17
10066,5/10/2024 1:43:10 AM,1.19
10066,5/10/2024 1:43:20 AM,1.20
10066,5/10/2024 1:43:30 AM,1.22
10066,5/10/2024 1:43:40 AM,1.23
10066,5/10/2024 1:43:50 AM,1.25
10066,5/10/2024 1:44:00 AM,1.26
10066,5/10/2024 1:44:10 AM,1.28
10066,5/10/2024 1:44:20 AM,1.29
10066,5/10/2024 1:44:30 AM,1.31
10066,5/10/2024 1:44:40 AM,1.33
10066,5/10/2024 1:44:50 AM,1.34
10066,5/10/2024 1:45:00 AM,1.36
10066,5/10/2024 1:45:10 AM,1.37
10066,5/10/2024 1:45:20 AM,1.39
10066,5/10/2024 1:45:30 AM,1.40
10066,5/10/2024 1:45:40 AM,1.42
10066,5/10/2024 1:45:50 AM,1.43
10066,5/10/2024 1:46:00 AM,1.45
10066,5/10/2024 1:46:10 AM,1.47
10066,5/10/2024 1:46:20 AM,1.48
10066,5/10/2024 1:46:30 AM,1.50
10066,5/10/2024 1:46:40 AM,1.51
10066,5/10/2024 1:46:50 AM,1.53
10066,5/10/2024 1:47:00 AM,1.54
10066,5/10/2024 1:47:10 AM,1.56
10066,5/10/2024 1:47:20 AM,1.57
10066,5/10/2024 1:47:30 AM,1.59
10066,5/10/2024 1:47:40 AM,1.61
10066,5/10/2024 1:47:50 AM,1.62
10066,5/10/2024 1:48:00 AM,1.64
10066,5/10/2024 1:48:10 AM,1.65
10066,5/10/2024 1:48:20 AM,1.67
10066,5/10/2024 1:48:30 AM,1.68
10066,5/10/2024 1:48:40 AM,1.70
10066,5/10/2024 1:48:50 AM,1.72
10066,5/10/2024 1:49:00 AM,1.73
10066,5/10/2024 1:49:10 AM,1.75
10066,5/10/2024 1:49:20 AM,1.76
10066,5/10/2024 1:49:30 AM,1.78
10066,5/10/2024 1:49:40 AM,1.79
10066,5/10/2024 1:49:50 AM,1.81
10066,5/10/2024 1:50:00 AM,1.82
10066,5/10/2024 1:50:10 AM,1.84
10066,5/10/2024 1:50:20 AM,1.86
10066,5/10/2024 1:50:30 AM,1.87
10066,5/10/2024 1:50:40 AM,1.89
10066,5/10/2024 1:50:50 AM,1.90
10066,5/10/2024 1:51:00 AM,1.92
10066,5/10/2024 1:51:10 AM,1.93
10066,5/10/2024 1:51:20 AM,1.95
10066,5/10/2024 1:51:30 AM,1.96
10066,5/10/2024 1:51:40 AM,1.98
10066,5/10/2024 1:51:50 AM,2.00
10066,5/10/2024 1:52:00 AM,1.63
10066,5/10/2024 1:52:10 AM,1.10
10066,5/10/2024 1:52:20 AM,0.57
10066,5/10/2024 1:52:30 AM,0.40
10066,5/10/2024 1:52:40 AM,0.41
10066,5/10/2024 1:52:50 AM,0.42
10066,5/10/2024 1:53:00 AM,0.42
10066,5/10/2024 1:53:10 AM,0.43
10066,5/10/2024 1:53:20 AM,0.44
10066,5/10/2024 1:53:30 AM,0.44
10066,5/10/2024 1:53:40 AM,0.45
10066,5/10/2024 1:53:50 AM,0.45
10066,5/10/2024 1:54:00 AM,0.46
10066,5/10/2024 1:54:10 AM,0.47
10066,5/10/2024 1:54:20 AM,0.47
10066,5/10/2024 1:54:30 AM,0.48
10066,5/10/2024 1:54:40 AM,0.48
10066,5/10/2024 1:54:50 AM,0.49
10066,5/10/2024 1:55:00 AM,0.50
10066,5/10/2024 1:55:10 AM,0.50
10066,5/10/2024 1:55:20 AM,0.51
10066,5/10/2024 1:55:30 AM,0.51
10066,5/10/2024 1:55:40 AM,0.52
10066,5/10/2024 1:55:50 AM,0.53
10066,5/10/2024 1:56:00 AM,0.53
10066,5/10/2024 1:56:10 AM,0.54
10066,5/10/2024 1:56:20 AM,0.55
10066,5/10/2024 1:56:30 AM,0.55
10066,5/10/2024 1:56:40 AM,0.56
10066,5/10/2024 1:56:50 AM,0.56
10066,5/10/2024 1:57:00 AM,0.57
10066,5/10/2024 1:57:10 AM,0.58
10066,5/10/2024 1:57:20 AM,0.58
10066,5/10/2024 1:57:30 AM,0.59
10066,5/10/2024 1:57:40 AM,0.59
10066,5/10/2024 1:57:50 AM,0.60
10066,5/10/2024 1:58:00 AM,0.61
10066,5/10/2024 1:58:10 AM,0.61
10066,5/10/2024 1:58:20 AM,0.62
10066,5/10/2024 1:58:30 AM,0.62
10066,5/10/2024 1:58:40 AM,0.63
10066,5/10/2024 1:58:50 AM,0.64
10066,5/10/2024 1:59:00 AM,0.64
10066,5/10/2024 1:59:10 AM,0.65
10066,5/10/2024 1:59:20 AM,0.66
10066,5/10/2024 1:59:30 AM,0.66
10066,5/10/2024 1:59:40 AM,0.67
10066,5/10/2024 1:59:50 AM,0.67
10066,5/10/2024 2:00:00 AM,0.68
10066,5/10/2024 2:00:10 AM,0.69
10066,5/10/2024 2:00:20 AM,0.69
10066,5/10/2024 2:00:30 AM,0.70
10066,5/10/2024 2:00:40 AM,0.70
10066,5/10/2024 2:00:50 AM,0.71
10066,5/10/2024 2:01:00 AM,0.72
10066,5/10/2024 2:01:10 AM,0.72
10066,5/10/2024 2:01:20 AM,0.73
10066,5/10/2024 2:01:30 AM,0.73
10066,5/10/2024 2:01:40 AM,0.74
10066,5/10/2024 2:01:50 AM,0.75
10066,5/10/2024 2:02:00 AM,0.75
10066,5/10/2024 2:02:10 AM,0.76
10066,5/10/2024 2:02:20 AM,0.76
10066,5/10/2024 2:02:30 AM,0.77
10066,5/10/2024 2:02:40 AM,0.78
10066,5/10/2024 2:02:50 AM,0.78
10066,5/10/2024 2:03:00 AM,0.79
10066,5/10/2024 2:03:10 AM,0.80
10066,5/10/2024 2:03:20 AM,0.80
10066,5/10/2024 2:03:30 AM,0.81
10066,5/10/2024 2:03:40 AM,0.81
10066,5/10/2024 2:03:50 AM,0.82
10066,5/10/2024 2:04:00 AM,0.83
10066,5/10/2024 2:04:10 AM,0.83
10066,5/10/2024 2:04:20 AM,0.84
10066,5/10/2024 2:04:30 AM,0.84
10066,5/10/2024 2:04:40 AM,0.85
10066,5/10/2024 2:04:50 AM,0.86
10066,5/10/2024 2:05:00 AM,0.86
10066,5/10/2024 2:05:10 AM,0.87
10066,5/10/2024 2:05:20 AM,0.87
10066,5/10/2024 2:05:30 AM,0.88
10066,5/10/2024 2:05:40 AM,0.89
10066,5/10/2024 2:05:50 AM,0.89
10066,5/10/2024 2:06:00 AM,0.90
10066,5/10/2024 2:06:10 AM,0.91
10066,5/10/2024 2:06:20 AM,0.91
10066,5/10/2024 2:06:30 AM,0.92
10066,5/10/2024 2:06:40 AM,0.92
10066,5/10/2024 2:06:50 AM,0.93
10066,5/10/2024 2:07:00 AM,0.94
10066,5/10/2024 2:07:10 AM,0.94
10066,5/10/2024 2:07:20 AM,0.95
10066,5/10/2024 2:07:30 AM,0.95
10066,5/10/2024 2:07:40 AM,0.96
10066,5/10/2024 2:07:50 AM,0.97
10066,5/10/2024 2:08:00 AM,0.97
10066,5/10/2024 2:08:10 AM,0.98
10066,5/10/2024 2:08:20 AM,0.98
10066,5/10/2024 2:08:30 AM,0.99
10066,5/10/2024 2:08:40 AM,1.00
10066,5/10/2024 2:08:50 AM,1.00
10066,5/10/2024 2:09:00 AM,1.01
10066,5/10/2024 2:09:10 AM,1.02
10066,5/10/2024 2:09:20 AM,1.02
10066,5/10/2024 2:09:30 AM,1.03
10066,5/10/2024 2:09:40 AM,1.03
10066,5/10/2024 2:09:50 AM,1.04
10066,5/10/2024 2:10:00 AM,1.05
10066,5/10/2024 2:10:10 AM,1.05
10066,5/10/2024 2:10:20 AM,1.06
10066,5/10/2024 2:10:30 AM,1.06
10066,5/10/2024 2:10:40 AM,1.07
10066,5/10/2024 2:10:50 AM,1.08
10066,5/10/2024 2:11:00 AM,1.08
10066,5/10/2024 2:11:10 AM,1.09
10066,5/10/2024 2:11:20 AM,1.09
10066,5/10/2024 2:11:30 AM,1.10
10066,5/10/2024 2:11:40 AM,1.11
10066,5/10/2024 2:11:50 AM,1.11
10066,5/10/2024 2:12:00 AM,1.12
10066,5/10/2024 2:12:10 AM,1.13
10066,5/10/2024 2:12:20 AM,1.13
10066,5/10/2024 2:12:30 AM,1.14
10066,5/10/2024 2:12:40 AM,1.14
10066,5/10/2024 2:12:50 AM,1.15
10066,5/10/2024 2:13:00 AM,1.16
10066,5/10/2024 2:13:10 AM,1.16
10066,5/10/2024 2:13:20 AM,1.17
10066,5/10/2024 2:13:30 AM,1.17
10066,5/10/2024 2:13:40 AM,1.18
10066,5/10/2024 2:13:50 AM,1.19
10066,5/10/2024 2:14:00 AM,1.19
10066,5/10/2024 2:14:10 AM,1.20
10066,5/10/2024 2:14:20 AM,0.89
10066,5/10/2024 2:14:30 AM,0.44
10066,5/10/2024 2:14:40 AM,0.44
10066,5/10/2024 2:14:50 AM,0.64
10066,5/10/2024 2:15:00 AM,0.84
10066,5/10/2024 2:15:10 AM,1.04
10066,5/10/2024 2:15:20 AM,1.09
10066,5/10/2024 2:15:30 AM,1.09
10066,5/10/2024 2:15:40 AM,1.08
10066,5/10/2024 2:15:50 AM,1.07
10066,5/10/2024 2:16:00 AM,1.06
10066,5/10/2024 2:16:10 AM,1.05
10066,5/10/2024 2:16:20 AM,1.04
10066,5/10/2024 2:16:30 AM,1.03
10066,5/10/2024 2:16:40 AM,1.02
10066,5/10/2024 2:16:50 AM,1.01
10066,5/10/2024 2:17:00 AM,1.00
10066,5/10/2024 2:17:10 AM,0.99
10066,5/10/2024 2:17:20 AM,0.99
10066,5/10/2024 2:17:30 AM,0.98
10066,5/10/2024 2:17:40 AM,0.97
10066,5/10/2024 2:17:50 AM,0.96
10066,5/10/2024 2:18:00 AM,0.95
10066,5/10/2024 2:18:10 AM,0.94
10066,5/10/2024 2:18:20 AM,0.93
10066,5/10/2024 2:18:30 AM,0.92
10066,5/10/2024 2:18:40 AM,0.91
10066,5/10/2024 2:18:50 AM,0.90
10066,5/10/2024 2:19:00 AM,0.02
10066,5/10/2024 2:19:10 AM,-0.16
10066,5/10/2024 2:19:20 AM,0.19
10066,5/10/2024 2:19:30 AM,0.54
10066,5/10/2024 2:19:40 AM,0.89
10066,5/10/2024 2:19:50 AM,0.97
10066,5/10/2024 2:20:00 AM,0.92
10066,5/10/2024 2:20:10 AM,0.87
10066,5/10/2024 2:20:20 AM,0.82
10066,5/10/2024 2:20:30 AM,0.78
10066,5/10/2024 2:20:40 AM,0.73
10066,5/10/2024 2:20:50 AM,0.68
10066,5/10/2024 2:21:00 AM,0.63
10066,5/10/2024 2:21:10 AM,0.58
10066,5/10/2024 2:21:20 AM,0.54
10066,5/10/2024 2:21:30 AM,0.49
10066,5/10/2024 2:21:40 AM,0.44
10066,5/10/2024 2:21:50 AM,0.39
10066,5/10/2024 2:22:00 AM,0.34
10066,5/10/2024 2:22:10 AM,0.30
10066,5/10/2024 2:22:20 AM,0.25
10066,5/10/2024 2:22:30 AM,0.20
10066,5/10/2024 2:22:40 AM,0.15
10066,5/10/2024 2:22:50 AM,0.10
10066,5/10/2024 2:23:00 AM,0.06
10066,5/10/2024 2:23:10 AM,0.01
10066,5/10/2024 2:23:20 AM,-0.04
10066,5/10/2024 2:23:30 AM,-0.09
10066,5/10/2024 2:23:40 AM,-0.14
10066,5/10/2024 2:23:50 AM,-0.19
10066,5/10/2024 2:24:00 AM,0.28
10066,5/10/2024 2:24:10 AM,0.98
10066,5/10/2024 2:24:20 AM,1.20
10066,5/10/2024 2:24:30 AM,1.19
10066,5/10/2024 2:24:40 AM,1.19
10066,5/10/2024 2:24:50 AM,1.18
10066,5/10/2024 2:25:00 AM,1.18
10066,5/10/2024 2:25:10 AM,1.17
10066,5/10/2024 2:25:20 AM,1.17
10066,5/10/2024 2:25:30 AM,1.16
10066,5/10/2024 2:25:40 AM,1.16
10066,5/10/2024 2:25:50 AM,1.15
10066,5/10/2024 2:26:00 AM,1.15
10066,5/10/2024 2:26:10 AM,1.14
10066,5/10/2024 2:26:20 AM,1.14
10066,5/10/2024 2:26:30 AM,1.13
10066,5/10/2024 2:26:40 AM,1.13
10066,5/10/2024 2:26:50 AM,1.12
10066,5/10/2024 2:27:00 AM,1.11
10066,5/10/2024 2:27:10 AM,1.11
10066,5/10/2024 2:27:20 AM,1.10
10066,5/10/2024 2:27:30 AM,1.10
10066,5/10/2024 2:27:40 AM,1.09
10066,5/10/2024 2:27:50 AM,1.09
10066,5/10/2024 2:28:00 AM,1.08
10066,5/10/2024 2:28:10 AM,1.08
10066,5/10/2024 2:28:20 AM,1.07
10066,5/10/2024 2:28:30 AM,1.07
10066,5/10/2024 2:28:40 AM,1.06
10066,5/10/2024 2:28:50 AM,1.06
10066,5/10/2024 2:29:00 AM,1.05
10066,5/10/2024 2:29:10 AM,1.05
10066,5/10/2024 2:29:20 AM,1.04
10066,5/10/2024 2:29:30 AM,1.04
10066,5/10/2024 2:29:40 AM,1.03
10066,5/10/2024 2:29:50 AM,1.03
10066,5/10/2024 2:30:00 AM,1.02
10066,5/10/2024 2:30:10 AM,1.02
10066,5/10/2024 2:30:20 AM,1.01
10066,5/10/2024 2:30:30 AM,1.01
10066,5/10/2024 2:30:40 AM,1.00
10066,5/10/2024 2:30:50 AM,1.00
10066,5/10/2024 2:31:00 AM,0.99
10066,5/10/2024 2:31:10 AM,0.99
10066,5/10/2024 2:31:20 AM,0.98
10066,5/10/2024 2:31:30 AM,0.98
10066,5/10/2024 2:31:40 AM,0.97
10066,5/10/2024 2:31:50 AM,0.97
10066,5/10/2024 2:32:00 AM,0.96
10066,5/10/2024 2:32:10 AM,0.96
10066,5/10/2024 2:32:20 AM,0.95
10066,5/10/2024 2:32:30 AM,0.95
10066,5/10/2024 2:32:40 AM,0.94
10066,5/10/2024 2:32:50 AM,0.94
10066,5/10/2024 2:33:00 AM,0.93
10066,5/10/2024 2:33:10 AM,0.93
10066,5/10/2024 2:33:20 AM,0.92
10066,5/10/2024 2:33:30 AM,0.91
10066,5/10/2024 2:33:40 AM,0.91
10066,5/10/2024 2:33:50 AM,0.90
10066,5/10/2024 2:34:00 AM,0.90
10066,5/10/2024 2:34:10 AM,0.89
10066,5/10/2024 2:34:20 AM,0.89
10066,5/10/2024 2:34:30 AM,0.88
10066,5/10/2024 2:34:40 AM,0.88
10066,5/10/2024 2:34:50 AM,0.87
10066,5/10/2024 2:35:00 AM,0.87
10066,5/10/2024 2:35:10 AM,0.86
10066,5/10/2024 2:35:20 AM,0.86
10066,5/10/2024 2:35:30 AM,0.85
10066,5/10/2024 2:35:40 AM,0.85
10066,5/10/2024 2:35:50 AM,0.84
10066,5/10/2024 2:36:00 AM,0.84
10066,5/10/2024 2:36:10 AM,0.83
10066,5/10/2024 2:36:20 AM,0.83
10066,5/10/2024 2:36:30 AM,0.82
10066,5/10/2024 2:36:40 AM,0.82
10066,5/10/2024 2:36:50 AM,0.81
10066,5/10/2024 2:37:00 AM,0.81
10066,5/10/2024 2:37:10 AM,0.80
10066,5/10/2024 2:37:20 AM,0.80
10066,5/10/2024 2:37:30 AM,0.79
10066,5/10/2024 2:37:40 AM,0.79
10066,5/10/2024 2:37:50 AM,0.78
10066,5/10/2024 2:38:00 AM,0.78
10066,5/10/2024 2:38:10 AM,0.77
10066,5/10/2024 2:38:20 AM,0.77
10066,5/10/2024 2:38:30 AM,0.76
10066,5/10/2024 2:38:40 AM,0.76
10066,5/10/2024 2:38:50 AM,0.75
10066,5/10/2024 2:39:00 AM,0.75
10066,5/10/2024 2:39:10 AM,0.74
10066,5/10/2024 2:39:20 AM,0.74
10066,5/10/2024 2:39:30 AM,0.73
10066,5/10/2024 2:39:40 AM,0.73
10066,5/10/2024 2:39:50 AM,0.72
10066,5/10/2024 2:40:00 AM,0.71
10066,5/10/2024 2:40:10 AM,0.71
10066,5/10/2024 2:40:20 AM,0.70
10066,5/10/2024 2:40:30 AM,0.70
10066,5/10/2024 2:40:40 AM,0.69
10066,5/10/2024 2:40:50 AM,0.69
10066,5/10/2024 2:41:00 AM,0.68
10066,5/10/2024 2:41:10 AM,0.68
10066,5/10/2024 2:41:20 AM,0.67
10066,5/10/2024 2:41:30 AM,0.67
10066,5/10/2024 2:41:40 AM,0.66
10066,5/10/2024 2:41:50 AM,0.66
10066,5/10/2024 2:42:00 AM,0.65
10066,5/10/2024 2:42:10 AM,0.65
10066,5/10/2024 2:42:20 AM,0.64
10066,5/10/2024 2:42:30 AM,0.64
10066,5/10/2024 2:42:40 AM,0.63
10066,5/10/2024 2:42:50 AM,0.63
10066,5/10/2024 2:43:00 AM,0.62
10066,5/10/2024 2:43:10 AM,0.62
10066,5/10/2024 2:43:20 AM,0.61
10066,5/10/2024 2:43:30 AM,0.61
10066,5/10/2024 2:43:40 AM,0.60
10066,5/10/2024 2:43:50 AM,0.60
10066,5/10/2024 2:44:00 AM,0.59
10066,5/10/2024 2:44:10 AM,0.59
10066,5/10/2024 2:44:20 AM,0.58
10066,5/10/2024 2:44:30 AM,0.58
10066,5/10/2024 2:44:40 AM,0.57
10066,5/10/2024 2:44:50 AM,0.57
10066,5/10/2024 2:45:00 AM,0.56
10066,5/10/2024 2:45:10 AM,0.56
10066,5/10/2024 2:45:20 AM,0.55
10066,5/10/2024 2:45:30 AM,0.55
10066,5/10/2024 2:45:40 AM,0.54
10066,5/10/2024 2:45:50 AM,0.54
10066,5/10/2024 2:46:00 AM,0.53
10066,5/10/2024 2:46:10 AM,0.53
10066,5/10/2024 2:46:20 AM,0.52
10066,5/10/2024 2:46:30 AM,0.51
10066,5/10/2024 2:46:40 AM,0.51
10066,5/10/2024 2:46:50 AM,0.50
10066,5/10/2024 2:47:00 AM,0.50
10066,5/10/2024 2:47:10 AM,0.49
10066,5/10/2024 2:47:20 AM,0.49
10066,5/10/2024 2:47:30 AM,0.48
10066,5/10/2024 2:47:40 AM,0.48
10066,5/10/2024 2:47:50 AM,0.47
10066,5/10/2024 2:48:00 AM,0.47
10066,5/10/2024 2:48:10 AM,0.46
10066,5/10/2024 2:48:20 AM,0.46
10066,5/10/2024 2:48:30 AM,0.45
10066,5/10/2024 2:48:40 AM,0.45
10066,5/10/2024 2:48:50 AM,0.44
10066,5/10/2024 2:49:00 AM,0.44
10066,5/10/2024 2:49:10 AM,0.43
10066,5/10/2024 2:49:20 AM,0.43
10066,5/10/2024 2:49:30 AM,0.42
10066,5/10/2024 2:49:40 AM,0.42
10066,5/10/2024 2:49:50 AM,0.41
10066,5/10/2024 2:50:00 AM,0.41
10066,5/10/2024 2:50:10 AM,0.40
10066,5/10/2024 2:50:20 AM,0.38
10066,5/10/2024 2:50:30 AM,0.35
10066,5/10/2024 2:50:40 AM,0.32
10066,5/10/2024 2:50:50 AM,0.30
10066,5/10/2024 2:51:00 AM,0.27
10066,5/10/2024 2:51:10 AM,0.24
10066,5/10/2024 2:51:20 AM,0.21
10066,5/10/2024 2:51:30 AM,0.18
10066,5/10/2024 2:51:40 AM,0.15
10066,5/10/2024 2:51:50 AM,0.12
10066,5/10/2024 2:52:00 AM,0.10
10066,5/10/2024 2:52:10 AM,0.07
10066,5/10/2024 2:52:20 AM,0.04
10066,5/10/2024 2:52:30 AM,0.01
10066,5/10/2024 2:52:40 AM,0.07
10066,5/10/2024 2:52:50 AM,0.18
10066,5/10/2024 2:53:00 AM,0.29
10066,5/10/2024 2:53:10 AM,0.40
10066,5/10/2024 2:53:20 AM,0.51
10066,5/10/2024 2:53:30 AM,0.62
10066,5/10/2024 2:53:40 AM,0.72
10066,5/10/2024 2:53:50 AM,0.83
10066,5/10/2024 2:54:00 AM,0.94
10066,5/10/2024 2:54:10 AM,1.05
10066,5/10/2024 2:54:20 AM,1.16
10066,5/10/2024 2:54:30 AM,1.27
10066,5/10/2024 2:54:40 AM,1.03
10066,5/10/2024 2:54:50 AM,0.63
10066,5/10/2024 2:55:00 AM,0.23
10066,5/10/2024 2:55:10 AM,0.15
10066,5/10/2024 2:55:20 AM,0.22
10066,5/10/2024 2:55:30 AM,0.29
10066,5/10/2024 2:55:40 AM,0.36
10066,5/10/2024 2:55:50 AM,0.42
10066,5/10/2024 2:56:00 AM,0.49
10066,5/10/2024 2:56:10 AM,0.56
10066,5/10/2024 2:56:20 AM,0.63
10066,5/10/2024 2:56:30 AM,0.70
10066,5/10/2024 2:56:40 AM,0.77
10066,5/10/2024 2:56:50 AM,0.84
10066,5/10/2024 2:57:00 AM,0.91
10066,5/10/2024 2:57:10 AM,0.98
10066,5/10/2024 2:57:20 AM,0.85
10066,5/10/2024 2:57:30 AM,0.62
10066,5/10/2024 2:57:40 AM,0.40
10066,5/10/2024 2:57:50 AM,0.17
10066,5/10/2024 2:58:00 AM,0.25
10066,5/10/2024 2:58:10 AM,0.48
10066,5/10/2024 2:58:20 AM,0.70
10066,5/10/2024 2:58:30 AM,0.93
10066,5/10/2024 2:58:40 AM,0.86
10066,5/10/2024 2:58:50 AM,0.66
10066,5/10/2024 2:59:00 AM,0.46
10066,5/10/2024 2:59:10 AM,0.26
10066,5/10/2024 2:59:20 AM,0.43
10066,5/10/2024 2:59:30 AM,0.76
10066,5/10/2024 2:59:40 AM,1.10
10066,5/10/2024 2:59:50 AM,0.75
10066,5/10/2024 3:00:00 AM,0.09
10066,5/10/2024 3:00:10 AM,-0.01
10066,5/10/2024 3:00:20 AM,0.32
10066,5/10/2024 3:00:30 AM,0.66
10066,5/10/2024 3:00:40 AM,0.99
10066,5/10/2024 3:00:50 AM,1.02
10066,5/10/2024 3:01:00 AM,0.90
10066,5/10/2024 3:01:10 AM,0.78
10066,5/10/2024 3:01:20 AM,0.66
10066,5/10/2024 3:01:30 AM,0.54
10066,5/10/2024 3:01:40 AM,0.77
10066,5/10/2024 3:01:50 AM,1.17
10066,5/10/2024 3:02:00 AM,1.15
10066,5/10/2024 3:02:10 AM,0.92
10066,5/10/2024 3:02:20 AM,0.70
10066,5/10/2024 3:02:30 AM,0.47
10066,5/10/2024 3:02:40 AM,0.39
10066,5/10/2024 3:02:50 AM,0.38
10066,5/10/2024 3:03:00 AM,0.37
10066,5/10/2024 3:03:10 AM,0.36
10066,5/10/2024 3:03:20 AM,0.35
10066,5/10/2024 3:03:30 AM,0.34
10066,5/10/2024 3:03:40 AM,0.33
10066,5/10/2024 3:03:50 AM,0.32
10066,5/10/2024 3:04:00 AM,0.31
10066,5/10/2024 3:04:10 AM,0.30
10066,5/10/2024 3:04:20 AM,0.29
10066,5/10/2024 3:04:30 AM,0.28
10066,5/10/2024 3:04:40 AM,0.27
10066,5/10/2024 3:04:50 AM,0.26
10066,5/10/2024 3:05:00 AM,0.25
10066,5/10/2024 3:05:10 AM,0.24
10066,5/10/2024 3:05:20 AM,0.23
10066,5/10/2024 3:05:30 AM,0.22
10066,5/10/2024 3:05:40 AM,0.21
10066,5/10/2024 3:05:50 AM,0.20
10066,5/10/2024 3:06:00 AM,0.35
10066,5/10/2024 3:06:10 AM,0.57
10066,5/10/2024 3:06:20 AM,0.78
10066,5/10/2024 3:06:30 AM,1.00
10066,5/10/2024 3:06:40 AM,1.22
10066,5/10/2024 3:06:50 AM,1.43
10066,5/10/2024 3:07:00 AM,1.34
10066,5/10/2024 3:07:10 AM,1.12
10066,5/10/2024 3:07:20 AM,0.89
10066,5/10/2024 3:07:30 AM,0.66
10066,5/10/2024 3:07:40 AM,0.43
10066,5/10/2024 3:07:50 AM,0.20
10066,5/10/2024 3:08:00 AM,-0.03
10066,5/10/2024 3:08:10 AM,0.22
10066,5/10/2024 3:08:20 AM,0.69
10066,5/10/2024 3:08:30 AM,1.15
10066,5/10/2024 3:08:40 AM,1.19
10066,5/10/2024 3:08:50 AM,1.02
10066,5/10/2024 3:09:00 AM,0.85
10066,5/10/2024 3:09:10 AM,0.69
10066,5/10/2024 3:09:20 AM,0.52
10066,5/10/2024 3:09:30 AM,0.35
10066,5/10/2024 3:09:40 AM,0.32
10066,5/10/2024 3:09:50 AM,0.34
10066,5/10/2024 3:10:00 AM,0.37
10066,5/10/2024 3:10:10 AM,0.39
10066,5/10/2024 3:10:20 AM,0.42
10066,5/10/2024 3:10:30 AM,0.44
10066,5/10/2024 3:10:40 AM,0.47
10066,5/10/2024 3:10:50 AM,0.49
10066,5/10/2024 3:11:00 AM,0.52
10066,5/10/2024 3:11:10 AM,0.54
10066,5/10/2024 3:11:20 AM,0.57
10066,5/10/2024 3:11:30 AM,0.59
10066,5/10/2024 3:11:40 AM,0.62
10066,5/10/2024 3:11:50 AM,0.64
10066,5/10/2024 3:12:00 AM,0.67
10066,5/10/2024 3:12:10 AM,0.69
10066,5/10/2024 3:12:20 AM,0.72
10066,5/10/2024 3:12:30 AM,0.74
10066,5/10/2024 3:12:40 AM,0.77
10066,5/10/2024 3:12:50 AM,0.79
10066,5/10/2024 3:13:00 AM,0.79
10066,5/10/2024 3:13:10 AM,0.78
10066,5/10/2024 3:13:20 AM,0.76
10066,5/10/2024 3:13:30 AM,0.75
10066,5/10/2024 3:13:40 AM,0.73
10066,5/10/2024 3:13:50 AM,0.72
10066,5/10/2024 3:14:00 AM,0.71
10066,5/10/2024 3:14:10 AM,0.69
10066,5/10/2024 3:14:20 AM,0.68
10066,5/10/2024 3:14:30 AM,0.66
10066,5/10/2024 3:14:40 AM,0.65
10066,5/10/2024 3:14:50 AM,0.64
10066,5/10/2024 3:15:00 AM,0.62
10066,5/10/2024 3:15:10 AM,0.61
10066,5/10/2024 3:15:20 AM,0.65
10066,5/10/2024 3:15:30 AM,0.75
10066,5/10/2024 3:15:40 AM,0.85
10066,5/10/2024 3:15:50 AM,0.95
10066,5/10/2024 3:16:00 AM,1.05
10066,5/10/2024 3:16:10 AM,1.15
10066,5/10/2024 3:16:20 AM,1.25
10066,5/10/2024 3:16:30 AM,1.35
10066,5/10/2024 3:16:40 AM,1.45
10066,5/10/2024 3:16:50 AM,1.31
10066,5/10/2024 3:17:00 AM,0.92
10066,5/10/2024 3:17:10 AM,0.53
10066,5/10/2024 3:17:20 AM,0.42
10066,5/10/2024 3:17:30 AM,0.44
10066,5/10/2024 3:17:40 AM,0.46
10066,5/10/2024 3:17:50 AM,0.49
10066,5/10/2024 3:18:00 AM,0.51
10066,5/10/2024 3:18:10 AM,0.53
10066,5/10/2024 3:18:20 AM,0.56
10066,5/10/2024 3:18:30 AM,0.58
10066,5/10/2024 3:18:40 AM,0.60
10066,5/10/2024 3:18:50 AM,0.63
10066,5/10/2024 3:19:00 AM,0.65
10066,5/10/2024 3:19:10 AM,0.68
10066,5/10/2024 3:19:20 AM,0.70
10066,5/10/2024 3:19:30 AM,0.72
10066,5/10/2024 3:19:40 AM,0.75
10066,5/10/2024 3:19:50 AM,0.77
10066,5/10/2024 3:20:00 AM,0.79
10066,5/10/2024 3:20:10 AM,0.82
10066,5/10/2024 3:20:20 AM,0.84
10066,5/10/2024 3:20:30 AM,0.86
10066,5/10/2024 3:20:40 AM,0.89
10066,5/10/2024 3:20:50 AM,0.91
10066,5/10/2024 3:21:00 AM,0.93
10066,5/10/2024 3:21:10 AM,0.96
10066,5/10/2024 3:21:20 AM,0.98
10066,5/10/2024 3:21:30 AM,1.00
10066,5/10/2024 3:21:40 AM,1.03
10066,5/10/2024 3:21:50 AM,1.05
10066,5/10/2024 3:22:00 AM,1.08
10066,5/10/2024 3:22:10 AM,1.10
10066,5/10/2024 3:22:20 AM,1.12
10066,5/10/2024 3:22:30 AM,1.15
10066,5/10/2024 3:22:40 AM,1.17
10066,5/10/2024 3:22:50 AM,1.19
10066,5/10/2024 3:23:00 AM,1.22
10066,5/10/2024 3:23:10 AM,1.24
10066,5/10/2024 3:23:20 AM,1.26
10066,5/10/2024 3:23:30 AM,1.29
10066,5/10/2024 3:23:40 AM,1.31
10066,5/10/2024 3:23:50 AM,1.33
10066,5/10/2024 3:24:00 AM,1.36
10066,5/10/2024 3:24:10 AM,1.38
10066,5/10/2024 3:24:20 AM,1.40
10066,5/10/2024 3:24:30 AM,1.43
10066,5/10/2024 3:24:40 AM,1.45
10066,5/10/2024 3:24:50 AM,1.48
10066,5/10/2024 3:25:00 AM,1.50
10066,5/10/2024 3:25:10 AM,1.52
10066,5/10/2024 3:25:20 AM,1.55
10066,5/10/2024 3:25:30 AM,1.57
10066,5/10/2024 3:25:40 AM,1.59
10066,5/10/2024 3:25:50 AM,1.26
10066,5/10/2024 3:26:00 AM,0.76
10066,5/10/2024 3:26:10 AM,0.66
10066,5/10/2024 3:26:20 AM,0.74
10066,5/10/2024 3:26:30 AM,0.82
10066,5/10/2024 3:26:40 AM,0.90
10066,5/10/2024 3:26:50 AM,0.98
10066,5/10/2024 3:27:00 AM,1.07
10066,5/10/2024 3:27:10 AM,1.15
10066,5/10/2024 3:27:20 AM,1.23
10066,5/10/2024 3:27:30 AM,1.31
10066,5/10/2024 3:27:40 AM,1.39
10066,5/10/2024 3:27:50 AM,1.47
10066,5/10/2024 3:28:00 AM,1.47
10066,5/10/2024 3:28:10 AM,1.42
10066,5/10/2024 3:28:20 AM,1.37
10066,5/10/2024 3:28:30 AM,1.32
10066,5/10/2024 3:28:40 AM,1.28
10066,5/10/2024 3:28:50 AM,1.23
10066,5/10/2024 3:29:00 AM,1.18
10066,5/10/2024 3:29:10 AM,1.13
10066,5/10/2024 3:29:20 AM,1.09
10066,5/10/2024 3:29:30 AM,1.04
10066,5/10/2024 3:29:40 AM,0.99
10066,5/10/2024 3:29:50 AM,0.94
10066,5/10/2024 3:30:00 AM,0.90
10066,5/10/2024 3:30:10 AM,0.85
10066,5/10/2024 3:30:20 AM,0.80
10066,5/10/2024 3:30:30 AM,0.75
10066,5/10/2024 3:30:40 AM,0.71
10066,5/10/2024 3:30:50 AM,0.66
10066,5/10/2024 3:31:00 AM,0.61
10066,5/10/2024 3:31:10 AM,0.56
10066,5/10/2024 3:31:20 AM,0.52
10066,5/10/2024 3:31:30 AM,0.62
10066,5/10/2024 3:31:40 AM,0.80
10066,5/10/2024 3:31:50 AM,0.98
10066,5/10/2024 3:32:00 AM,1.16
10066,5/10/2024 3:32:10 AM,1.34
10066,5/10/2024 3:32:20 AM,1.15
10066,5/10/2024 3:32:30 AM,0.78
10066,5/10/2024 3:32:40 AM,0.42
10066,5/10/2024 3:32:50 AM,0.33
10066,5/10/2024 3:33:00 AM,0.37
10066,5/10/2024 3:33:10 AM,0.41
10066,5/10/2024 3:33:20 AM,0.45
10066,5/10/2024 3:33:30 AM,0.48
10066,5/10/2024 3:33:40 AM,0.52
10066,5/10/2024 3:33:50 AM,0.56
10066,5/10/2024 3:34:00 AM,0.60
10066,5/10/2024 3:34:10 AM,0.64
10066,5/10/2024 3:34:20 AM,0.68
10066,5/10/2024 3:34:30 AM,0.72
10066,5/10/2024 3:34:40 AM,0.76
10066,5/10/2024 3:34:50 AM,0.80
10066,5/10/2024 3:35:00 AM,0.84
10066,5/10/2024 3:35:10 AM,0.88
10066,5/10/2024 3:35:20 AM,0.92
10066,5/10/2024 3:35:30 AM,0.96
10066,5/10/2024 3:35:40 AM,1.00
10066,5/10/2024 3:35:50 AM,1.04
10066,5/10/2024 3:36:00 AM,1.08
10066,5/10/2024 3:36:10 AM,1.12
10066,5/10/2024 3:36:20 AM,1.15
10066,5/10/2024 3:36:30 AM,1.19
10066,5/10/2024 3:36:40 AM,1.23
10066,5/10/2024 3:36:50 AM,1.27
10066,5/10/2024 3:37:00 AM,1.31
10066,5/10/2024 3:37:10 AM,1.35
10066,5/10/2024 3:37:20 AM,1.39
10066,5/10/2024 3:37:30 AM,1.43
10066,5/10/2024 3:37:40 AM,1.47
10066,5/10/2024 3:37:50 AM,1.51
10066,5/10/2024 3:38:00 AM,1.55
10066,5/10/2024 3:38:10 AM,1.59
10066,5/10/2024 3:38:20 AM,1.53
10066,5/10/2024 3:38:30 AM,1.42
10066,5/10/2024 3:38:40 AM,1.31
10066,5/10/2024 3:38:50 AM,1.20
10066,5/10/2024 3:39:00 AM,1.09
10066,5/10/2024 3:39:10 AM,0.98
10066,5/10/2024 3:39:20 AM,0.87
10066,5/10/2024 3:39:30 AM,0.76
10066,5/10/2024 3:39:40 AM,0.65
10066,5/10/2024 3:39:50 AM,0.54
10066,5/10/2024 3:40:00 AM,0.52
10066,5/10/2024 3:40:10 AM,0.55
10066,5/10/2024 3:40:20 AM,0.59
10066,5/10/2024 3:40:30 AM,0.62
10066,5/10/2024 3:40:40 AM,0.65
10066,5/10/2024 3:40:50 AM,0.68
10066,5/10/2024 3:41:00 AM,0.71
10066,5/10/2024 3:41:10 AM,0.74
10066,5/10/2024 3:41:20 AM,0.78
10066,5/10/2024 3:41:30 AM,0.81
10066,5/10/2024 3:41:40 AM,0.84
10066,5/10/2024 3:41:50 AM,0.87
10066,5/10/2024 3:42:00 AM,0.90
10066,5/10/2024 3:42:10 AM,0.94
10066,5/10/2024 3:42:20 AM,0.97
10066,5/10/2024 3:42:30 AM,1.00
10066,5/10/2024 3:42:40 AM,1.03
10066,5/10/2024 3:42:50 AM,1.06
10066,5/10/2024 3:43:00 AM,1.09
10066,5/10/2024 3:43:10 AM,1.13
10066,5/10/2024 3:43:20 AM,1.16
10066,5/10/2024 3:43:30 AM,1.19
10066,5/10/2024 3:43:40 AM,1.00
10066,5/10/2024 3:43:50 AM,0.70
10066,5/10/2024 3:44:00 AM,0.61
10066,5/10/2024 3:44:10 AM,0.63
10066,5/10/2024 3:44:20 AM,0.65
10066,5/10/2024 3:44:30 AM,0.67
10066,5/10/2024 3:44:40 AM,0.69
10066,5/10/2024 3:44:50 AM,0.70
10066,5/10/2024 3:45:00 AM,0.72
10066,5/10/2024 3:45:10 AM,0.74
10066,5/10/2024 3:45:20 AM,0.76
10066,5/10/2024 3:45:30 AM,0.78
10066,5/10/2024 3:45:40 AM,0.80
10066,5/10/2024 3:45:50 AM,0.81
10066,5/10/2024 3:46:00 AM,0.83
10066,5/10/2024 3:46:10 AM,0.85
10066,5/10/2024 3:46:20 AM,0.87
10066,5/10/2024 3:46:30 AM,0.89
10066,5/10/2024 3:46:40 AM,0.91
10066,5/10/2024 3:46:50 AM,0.93
10066,5/10/2024 3:47:00 AM,0.94
10066,5/10/2024 3:47:10 AM,0.96
10066,5/10/2024 3:47:20 AM,0.98
10066,5/10/2024 3:47:30 AM,1.00
10066,5/10/2024 3:47:40 AM,1.02
10066,5/10/2024 3:47:50 AM,1.04
10066,5/10/2024 3:48:00 AM,1.05
10066,5/10/2024 3:48:10 AM,1.07
10066,5/10/2024 3:48:20 AM,1.09
10066,5/10/2024 3:48:30 AM,1.11
10066,5/10/2024 3:48:40 AM,1.13
10066,5/10/2024 3:48:50 AM,1.15
10066,5/10/2024 3:49:00 AM,1.16
10066,5/10/2024 3:49:10 AM,1.18
10066,5/10/2024 3:49:20 AM,1.20
10066,5/10/2024 3:49:30 AM,1.22
10066,5/10/2024 3:49:40 AM,1.24
10066,5/10/2024 3:49:50 AM,1.26
10066,5/10/2024 3:50:00 AM,1.27
10066,5/10/2024 3:50:10 AM,1.29
10066,5/10/2024 3:50:20 AM,1.31
10066,5/10/2024 3:50:30 AM,1.33
10066,5/10/2024 3:50:40 AM,1.35
10066,5/10/2024 3:50:50 AM,1.37
10066,5/10/2024 3:51:00 AM,1.38
10066,5/10/2024 3:51:10 AM,1.40
10066,5/10/2024 3:51:20 AM,1.42
10066,5/10/2024 3:51:30 AM,1.44
10066,5/10/2024 3:51:40 AM,1.46
10066,5/10/2024 3:51:50 AM,1.48
10066,5/10/2024 3:52:00 AM,1.49
10066,5/10/2024 3:52:10 AM,1.40
10066,5/10/2024 3:52:20 AM,1.25
10066,5/10/2024 3:52:30 AM,1.10
10066,5/10/2024 3:52:40 AM,0.95
10066,5/10/2024 3:52:50 AM,0.92
10066,5/10/2024 3:53:00 AM,0.94
10066,5/10/2024 3:53:10 AM,0.97
10066,5/10/2024 3:53:20 AM,0.99
10066,5/10/2024 3:53:30 AM,1.01
10066,5/10/2024 3:53:40 AM,1.04
10066,5/10/2024 3:53:50 AM,1.06
10066,5/10/2024 3:54:00 AM,1.09
10066,5/10/2024 3:54:10 AM,1.11
10066,5/10/2024 3:54:20 AM,1.13
10066,5/10/2024 3:54:30 AM,1.16
10066,5/10/2024 3:54:40 AM,1.18
10066,5/10/2024 3:54:50 AM,1.21
10066,5/10/2024 3:55:00 AM,1.23
10066,5/10/2024 3:55:10 AM,1.26
10066,5/10/2024 3:55:20 AM,1.28
10066,5/10/2024 3:55:30 AM,1.30
10066,5/10/2024 3:55:40 AM,1.33
10066,5/10/2024 3:55:50 AM,1.35
10066,5/10/2024 3:56:00 AM,1.38
10066,5/10/2024 3:56:10 AM,1.40
10066,5/10/2024 3:56:20 AM,1.42
10066,5/10/2024 3:56:30 AM,1.45
10066,5/10/2024 3:56:40 AM,1.47
10066,5/10/2024 3:56:50 AM,1.50
10066,5/10/2024 3:57:00 AM,1.52
10066,5/10/2024 3:57:10 AM,1.54
10066,5/10/2024 3:57:20 AM,1.57
10066,5/10/2024 3:57:30 AM,1.59
10066,5/10/2024 3:57:40 AM,1.46
10066,5/10/2024 3:57:50 AM,1.26
10066,5/10/2024 3:58:00 AM,1.06
10066,5/10/2024 3:58:10 AM,0.86
10066,5/10/2024 3:58:20 AM,0.66
10066,5/10/2024 3:58:30 AM,0.71
10066,5/10/2024 3:58:40 AM,0.88
10066,5/10/2024 3:58:50 AM,1.05
10066,5/10/2024 3:59:00 AM,1.21
10066,5/10/2024 3:59:10 AM,1.38
10066,5/10/2024 3:59:20 AM,1.55
10066,5/10/2024 3:59:30 AM,1.52
10066,5/10/2024 3:59:40 AM,1.39
10066,5/10/2024 3:59:50 AM,1.27
10066,5/10/2024 4:00:00 AM,1.14
10066,5/10/2024 4:00:10 AM,1.02
10066,5/10/2024 4:00:20 AM,0.89
10066,5/10/2024 4:00:30 AM,0.77
10066,5/10/2024 4:00:40 AM,0.64
10066,5/10/2024 4:00:50 AM,0.73
10066,5/10/2024 4:01:00 AM,0.93
10066,5/10/2024 4:01:10 AM,1.14
10066,5/10/2024 4:01:20 AM,1.34
10066,5/10/2024 4:01:30 AM,1.36
10066,5/10/2024 4:01:40 AM,1.29
10066,5/10/2024 4:01:50 AM,1.23
10066,5/10/2024 4:02:00 AM,1.17
10066,5/10/2024 4:02:10 AM,1.10
10066,5/10/2024 4:02:20 AM,1.04
10066,5/10/2024 4:02:30 AM,0.98
10066,5/10/2024 4:02:40 AM,0.91
10066,5/10/2024 4:02:50 AM,0.85
10066,5/10/2024 4:03:00 AM,0.79
10066,5/10/2024 4:03:10 AM,0.72
10066,5/10/2024 4:03:20 AM,0.82
10066,5/10/2024 4:03:30 AM,0.99
10066,5/10/2024 4:03:40 AM,1.17
10066,5/10/2024 4:03:50 AM,1.34
10066,5/10/2024 4:04:00 AM,1.40
10066,5/10/2024 4:04:10 AM,1.40
10066,5/10/2024 4:04:20 AM,1.40
10066,5/10/2024 4:04:30 AM,1.40
10066,5/10/2024 4:04:40 AM,1.40
10066,5/10/2024 4:04:50 AM,1.40
10066,5/10/2024 4:05:00 AM,1.40
10066,5/10/2024 4:05:10 AM,1.40
10066,5/10/2024 4:05:20 AM,1.40
10066,5/10/2024 4:05:30 AM,1.40
10066,5/10/2024 4:05:40 AM,1.40
10066,5/10/2024 4:05:50 AM,1.40
10066,5/10/2024 4:06:00 AM,1.40
10066,5/10/2024 4:06:10 AM,1.40
10066,5/10/2024 4:06:20 AM,1.40
10066,5/10/2024 4:06:30 AM,1.40
10066,5/10/2024 4:06:40 AM,1.40
10066,5/10/2024 4:06:50 AM,1.40
10066,5/10/2024 4:07:00 AM,1.40
10066,5/10/2024 4:07:10 AM,1.40
10066,5/10/2024 4:07:20 AM,1.40
10066,5/10/2024 4:07:30 AM,1.40
10066,5/10/2024 4:07:40 AM,1.40
10066,5/10/2024 4:07:50 AM,1.40
10066,5/10/2024 4:08:00 AM,1.40
10066,5/10/2024 4:08:10 AM,1.30
10066,5/10/2024 4:08:20 AM,1.16
10066,5/10/2024 4:08:30 AM,1.02
10066,5/10/2024 4:08:40 AM,0.88
10066,5/10/2024 4:08:50 AM,0.74
10066,5/10/2024 4:09:00 AM,0.70
10066,5/10/2024 4:09:10 AM,0.69
10066,5/10/2024 4:09:20 AM,0.69
10066,5/10/2024 4:09:30 AM,0.68
10066,5/10/2024 4:09:40 AM,0.68
10066,5/10/2024 4:09:50 AM,0.67
10066,5/10/2024 4:10:00 AM,0.67
10066,5/10/2024 4:10:10 AM,0.66
10066,5/10/2024 4:10:20 AM,0.66
10066,5/10/2024 4:10:30 AM,0.65
10066,5/10/2024 4:10:40 AM,0.64
10066,5/10/2024 4:10:50 AM,0.64
10066,5/10/2024 4:11:00 AM,0.63
10066,5/10/2024 4:11:10 AM,0.63
10066,5/10/2024 4:11:20 AM,0.62
10066,5/10/2024 4:11:30 AM,0.62
10066,5/10/2024 4:11:40 AM,0.61
10066,5/10/2024 4:11:50 AM,0.61
10066,5/10/2024 4:12:00 AM,0.60
10066,5/10/2024 4:12:10 AM,0.60
10066,5/10/2024 4:12:20 AM,0.59
10066,5/10/2024 4:12:30 AM,0.59
10066,5/10/2024 4:12:40 AM,0.58
10066,5/10/2024 4:12:50 AM,0.58
10066,5/10/2024 4:13:00 AM,0.57
10066,5/10/2024 4:13:10 AM,0.57
10066,5/10/2024 4:13:20 AM,0.56
10066,5/10/2024 4:13:30 AM,0.56
10066,5/10/2024 4:13:40 AM,0.55
10066,5/10/2024 4:13:50 AM,0.55
10066,5/10/2024 4:14:00 AM,0.54
10066,5/10/2024 4:14:10 AM,0.53
10066,5/10/2024 4:14:20 AM,0.53
10066,5/10/2024 4:14:30 AM,0.52
10066,5/10/2024 4:14:40 AM,0.52
10066,5/10/2024 4:14:50 AM,0.51
10066,5/10/2024 4:15:00 AM,0.51
10066,5/10/2024 4:15:10 AM,0.50
10066,5/10/2024 4:15:20 AM,0.51
10066,5/10/2024 4:15:30 AM,0.53
10066,5/10/2024 4:15:40 AM,0.54
10066,5/10/2024 4:15:50 AM,0.56
10066,5/10/2024 4:16:00 AM,0.58
10066,5/10/2024 4:16:10 AM,0.60
10066,5/10/2024 4:16:20 AM,0.62
10066,5/10/2024 4:16:30 AM,0.63
10066,5/10/2024 4:16:40 AM,0.65
10066,5/10/2024 4:16:50 AM,0.67
10066,5/10/2024 4:17:00 AM,0.69
10066,5/10/2024 4:17:10 AM,0.70
10066,5/10/2024 4:17:20 AM,0.72
10066,5/10/2024 4:17:30 AM,0.74
10066,5/10/2024 4:17:40 AM,0.76
10066,5/10/2024 4:17:50 AM,0.78
10066,5/10/2024 4:18:00 AM,0.79
10066,5/10/2024 4:18:10 AM,0.81
10066,5/10/2024 4:18:20 AM,0.83
10066,5/10/2024 4:18:30 AM,0.85
10066,5/10/2024 4:18:40 AM,0.86
10066,5/10/2024 4:18:50 AM,0.88
10066,5/10/2024 4:19:00 AM,0.90
10066,5/10/2024 4:19:10 AM,0.92
10066,5/10/2024 4:19:20 AM,0.94
10066,5/10/2024 4:19:30 AM,0.95
10066,5/10/2024 4:19:40 AM,0.97
10066,5/10/2024 4:19:50 AM,0.99
10066,5/10/2024 4:20:00 AM,1.01
10066,5/10/2024 4:20:10 AM,1.03
10066,5/10/2024 4:20:20 AM,1.04
10066,5/10/2024 4:20:30 AM,1.06
10066,5/10/2024 4:20:40 AM,1.08
10066,5/10/2024 4:20:50 AM,1.10
10066,5/10/2024 4:21:00 AM,1.11
10066,5/10/2024 4:21:10 AM,1.13
10066,5/10/2024 4:21:20 AM,1.15
10066,5/10/2024 4:21:30 AM,1.17
10066,5/10/2024 4:21:40 AM,1.19
10066,5/10/2024 4:21:50 AM,1.20
10066,5/10/2024 4:22:00 AM,1.22
10066,5/10/2024 4:22:10 AM,1.24
10066,5/10/2024 4:22:20 AM,1.26
10066,5/10/2024 4:22:30 AM,1.27
10066,5/10/2024 4:22:40 AM,1.29
10066,5/10/2024 4:22:50 AM,1.31
10066,5/10/2024 4:23:00 AM,1.33
10066,5/10/2024 4:23:10 AM,1.35
10066,5/10/2024 4:23:20 AM,1.36
10066,5/10/2024 4:23:30 AM,1.38
10066,5/10/2024 4:23:40 AM,1.40
10066,5/10/2024 4:23:50 AM,1.42
10066,5/10/2024 4:24:00 AM,1.43
10066,5/10/2024 4:24:10 AM,1.45
10066,5/10/2024 4:24:20 AM,1.47
10066,5/10/2024 4:24:30 AM,1.49
10066,5/10/2024 4:24:40 AM,1.51
10066,5/10/2024 4:24:50 AM,1.52
10066,5/10/2024 4:25:00 AM,1.54
10066,5/10/2024 4:25:10 AM,1.56
10066,5/10/2024 4:25:20 AM,1.58
10066,5/10/2024 4:25:30 AM,1.59
10066,5/10/2024 4:25:40 AM,1.41
10066,5/10/2024 4:25:50 AM,1.14
10066,5/10/2024 4:26:00 AM,0.87
10066,5/10/2024 4:26:10 AM,0.59
10066,5/10/2024 4:26:20 AM,0.57
10066,5/10/2024 4:26:30 AM,0.67
10066,5/10/2024 4:26:40 AM,0.77
10066,5/10/2024 4:26:50 AM,0.87
10066,5/10/2024 4:27:00 AM,0.97
10066,5/10/2024 4:27:10 AM,1.07
10066,5/10/2024 4:27:20 AM,1.17
10066,5/10/2024 4:27:30 AM,1.27
10066,5/10/2024 4:27:40 AM,1.37
10066,5/10/2024 4:27:50 AM,1.47
10066,5/10/2024 4:28:00 AM,1.46
10066,5/10/2024 4:28:10 AM,1.39
10066,5/10/2024 4:28:20 AM,1.33
10066,5/10/2024 4:28:30 AM,1.27
10066,5/10/2024 4:28:40 AM,1.20
10066,5/10/2024 4:28:50 AM,1.14
10066,5/10/2024 4:29:00 AM,1.07
10066,5/10/2024 4:29:10 AM,1.01
10066,5/10/2024 4:29:20 AM,0.95
10066,5/10/2024 4:29:30 AM,0.88
10066,5/10/2024 4:29:40 AM,0.82
10066,5/10/2024 4:29:50 AM,0.83
10066,5/10/2024 4:30:00 AM,0.86
10066,5/10/2024 4:30:10 AM,0.90
10066,5/10/2024 4:30:20 AM,0.94
10066,5/10/2024 4:30:30 AM,0.98
10066,5/10/2024 4:30:40 AM,1.01
10066,5/10/2024 4:30:50 AM,1.05
10066,5/10/2024 4:31:00 AM,1.09
10066,5/10/2024 4:31:10 AM,1.12
10066,5/10/2024 4:31:20 AM,1.15
10066,5/10/2024 4:31:30 AM,1.17
10066,5/10/2024 4:31:40 AM,1.20
10066,5/10/2024 4:31:50 AM,1.23
10066,5/10/2024 4:32:00 AM,1.25
10066,5/10/2024 4:32:10 AM,1.28
10066,5/10/2024 4:32:20 AM,1.31
10066,5/10/2024 4:32:30 AM,1.33
10066,5/10/2024 4:32:40 AM,1.36
10066,5/10/2024 4:32:50 AM,1.39
10066,5/10/2024 4:33:00 AM,1.41
10066,5/10/2024 4:33:10 AM,1.44
10066,5/10/2024 4:33:20 AM,1.47
10066,5/10/2024 4:33:30 AM,1.49
10066,5/10/2024 4:33:40 AM,1.47
10066,5/10/2024 4:33:50 AM,1.44
10066,5/10/2024 4:34:00 AM,1.40
10066,5/10/2024 4:34:10 AM,1.36
10066,5/10/2024 4:34:20 AM,1.32
10066,5/10/2024 4:34:30 AM,1.28
10066,5/10/2024 4:34:40 AM,1.25
10066,5/10/2024 4:34:50 AM,1.21
10066,5/10/2024 4:35:00 AM,1.17
10066,5/10/2024 4:35:10 AM,1.13
10066,5/10/2024 4:35:20 AM,1.09
10066,5/10/2024 4:35:30 AM,1.06
10066,5/10/2024 4:35:40 AM,1.02
10066,5/10/2024 4:35:50 AM,0.98
10066,5/10/2024 4:36:00 AM,0.94
10066,5/10/2024 4:36:10 AM,0.90
10066,5/10/2024 4:36:20 AM,0.87
10066,5/10/2024 4:36:30 AM,0.83
10066,5/10/2024 4:36:40 AM,0.79
10066,5/10/2024 4:36:50 AM,0.75
10066,5/10/2024 4:37:00 AM,0.71
10066,5/10/2024 4:37:10 AM,0.82
10066,5/10/2024 4:37:20 AM,0.99
10066,5/10/2024 4:37:30 AM,1.17
10066,5/10/2024 4:37:40 AM,1.34
10066,5/10/2024 4:37:50 AM,1.34
10066,5/10/2024 4:38:00 AM,1.25
10066,5/10/2024 4:38:10 AM,1.16
10066,5/10/2024 4:38:20 AM,1.07
10066,5/10/2024 4:38:30 AM,0.98
10066,5/10/2024 4:38:40 AM,0.89
10066,5/10/2024 4:38:50 AM,0.80
10066,5/10/2024 4:39:00 AM,0.71
10066,5/10/2024 4:39:10 AM,0.62
10066,5/10/2024 4:39:20 AM,0.53
10066,5/10/2024 4:39:30 AM,0.77
10066,5/10/2024 4:39:40 AM,1.17
10066,5/10/2024 4:39:50 AM,1.20
10066,5/10/2024 4:40:00 AM,1.05
10066,5/10/2024 4:40:10 AM,0.90
10066,5/10/2024 4:40:20 AM,0.75
10066,5/10/2024 4:40:30 AM,0.60
10066,5/10/2024 4:40:40 AM,0.45
10066,5/10/2024 4:40:50 AM,0.42
10066,5/10/2024 4:41:00 AM,0.46
10066,5/10/2024 4:41:10 AM,0.49
10066,5/10/2024 4:41:20 AM,0.53
10066,5/10/2024 4:41:30 AM,0.56
10066,5/10/2024 4:41:40 AM,0.60
10066,5/10/2024 4:41:50 AM,0.63
10066,5/10/2024 4:42:00 AM,0.67
10066,5/10/2024 4:42:10 AM,0.70
10066,5/10/2024 4:42:20 AM,0.74
10066,5/10/2024 4:42:30 AM,0.77
10066,5/10/2024 4:42:40 AM,0.81
10066,5/10/2024 4:42:50 AM,0.84
10066,5/10/2024 4:43:00 AM,0.88
10066,5/10/2024 4:43:10 AM,0.91
10066,5/10/2024 4:43:20 AM,0.95
10066,5/10/2024 4:43:30 AM,0.98
10066,5/10/2024 4:43:40 AM,1.02
10066,5/10/2024 4:43:50 AM,1.05
10066,5/10/2024 4:44:00 AM,1.09
10066,5/10/2024 4:44:10 AM,1.12
10066,5/10/2024 4:44:20 AM,1.15
10066,5/10/2024 4:44:30 AM,1.19
10066,5/10/2024 4:44:40 AM,1.09
10066,5/10/2024 4:44:50 AM,0.93
10066,5/10/2024 4:45:00 AM,0.77
10066,5/10/2024 4:45:10 AM,0.61
10066,5/10/2024 4:45:20 AM,0.45
10066,5/10/2024 4:45:30 AM,0.49
10066,5/10/2024 4:45:40 AM,0.62
10066,5/10/2024 4:45:50 AM,0.75
10066,5/10/2024 4:46:00 AM,0.87
10066,5/10/2024 4:46:10 AM,1.00
10066,5/10/2024 4:46:20 AM,1.13
10066,5/10/2024 4:46:30 AM,1.26
10066,5/10/2024 4:46:40 AM,1.18
10066,5/10/2024 4:46:50 AM,1.00
10066,5/10/2024 4:47:00 AM,0.82
10066,5/10/2024 4:47:10 AM,0.64
10066,5/10/2024 4:47:20 AM,0.46
10066,5/10/2024 4:47:30 AM,0.43
10066,5/10/2024 4:47:40 AM,0.48
10066,5/10/2024 4:47:50 AM,0.53
10066,5/10/2024 4:48:00 AM,0.58
10066,5/10/2024 4:48:10 AM,0.62
10066,5/10/2024 4:48:20 AM,0.67
10066,5/10/2024 4:48:30 AM,0.72
10066,5/10/2024 4:48:40 AM,0.76
10066,5/10/2024 4:48:50 AM,0.81
10066,5/10/2024 4:49:00 AM,0.86
10066,5/10/2024 4:49:10 AM,0.91
10066,5/10/2024 4:49:20 AM,0.95
10066,5/10/2024 4:49:30 AM,1.00
10066,5/10/2024 4:49:40 AM,1.05
10066,5/10/2024 4:49:50 AM,1.10
10066,5/10/2024 4:50:00 AM,1.14
10066,5/10/2024 4:50:10 AM,1.19
10066,5/10/2024 4:50:20 AM,1.24
10066,5/10/2024 4:50:30 AM,1.29
10066,5/10/2024 4:50:40 AM,1.22
10066,5/10/2024 4:50:50 AM,1.11
10066,5/10/2024 4:51:00 AM,0.99
10066,5/10/2024 4:51:10 AM,0.88
10066,5/10/2024 4:51:20 AM,0.76
10066,5/10/2024 4:51:30 AM,0.65
10066,5/10/2024 4:51:40 AM,0.54
10066,5/10/2024 4:51:50 AM,0.49
10066,5/10/2024 4:52:00 AM,0.48
10066,5/10/2024 4:52:10 AM,0.47
10066,5/10/2024 4:52:20 AM,0.46
10066,5/10/2024 4:52:30 AM,0.45
10066,5/10/2024 4:52:40 AM,0.43
10066,5/10/2024 4:52:50 AM,0.42
10066,5/10/2024 4:53:00 AM,0.41
10066,5/10/2024 4:53:10 AM,0.40
10066,5/10/2024 4:53:20 AM,0.39
10066,5/10/2024 4:53:30 AM,0.38
10066,5/10/2024 4:53:40 AM,0.36
10066,5/10/2024 4:53:50 AM,0.35
10066,5/10/2024 4:54:00 AM,0.34
10066,5/10/2024 4:54:10 AM,0.33
10066,5/10/2024 4:54:20 AM,0.32
10066,5/10/2024 4:54:30 AM,0.30
10066,5/10/2024 4:54:40 AM,0.29
10066,5/10/2024 4:54:50 AM,0.28
10066,5/10/2024 4:55:00 AM,0.27
10066,5/10/2024 4:55:10 AM,0.26
10066,5/10/2024 4:55:20 AM,0.25
10066,5/10/2024 4:55:30 AM,0.23
10066,5/10/2024 4:55:40 AM,0.22
10066,5/10/2024 4:55:50 AM,0.21
10066,5/10/2024 4:56:00 AM,0.20
10066,5/10/2024 4:56:10 AM,0.19
10066,5/10/2024 4:56:20 AM,0.18
10066,5/10/2024 4:56:30 AM,0.16
10066,5/10/2024 4:56:40 AM,0.15
10066,5/10/2024 4:56:50 AM,0.14
10066,5/10/2024 4:57:00 AM,0.13
10066,5/10/2024 4:57:10 AM,0.12
10066,5/10/2024 4:57:20 AM,0.11
10066,5/10/2024 4:57:30 AM,0.09
10066,5/10/2024 4:57:40 AM,0.08
10066,5/10/2024 4:57:50 AM,0.07
10066,5/10/2024 4:58:00 AM,0.06
10066,5/10/2024 4:58:10 AM,0.05
10066,5/10/2024 4:58:20 AM,0.04
10066,5/10/2024 4:58:30 AM,0.02
10066,5/10/2024 4:58:40 AM,0.01
10066,5/10/2024 4:58:50 AM,0.00
10066,5/10/2024 4:59:00 AM,-0.01
10066,5/10/2024 4:59:10 AM,-0.02
10066,5/10/2024 4:59:20 AM,-0.04
10066,5/10/2024 4:59:30 AM,-0.05
10066,5/10/2024 4:59:40 AM,-0.06
10066,5/10/2024 4:59:50 AM,-0.07
10066,5/10/2024 5:00:00 AM,-0.08
10066,5/10/2024 5:00:10 AM,-0.09
10066,5/10/2024 5:00:20 AM,-0.07
10066,5/10/2024 5:00:30 AM,0.00
10066,5/10/2024 5:00:40 AM,0.08
10066,5/10/2024 5:00:50 AM,0.15
10066,5/10/2024 5:01:00 AM,0.22
10066,5/10/2024 5:01:10 AM,0.29
10066,5/10/2024 5:01:20 AM,0.36
10066,5/10/2024 5:01:30 AM,0.43
10066,5/10/2024 5:01:40 AM,0.50
10066,5/10/2024 5:01:50 AM,0.57
10066,5/10/2024 5:02:00 AM,0.64
10066,5/10/2024 5:02:10 AM,0.71
10066,5/10/2024 5:02:20 AM,0.78
10066,5/10/2024 5:02:30 AM,0.85
10066,5/10/2024 5:02:40 AM,0.92
10066,5/10/2024 5:02:50 AM,0.99
10066,5/10/2024 5:03:00 AM,1.06
10066,5/10/2024 5:03:10 AM,1.13
10066,5/10/2024 5:03:20 AM,1.20
10066,5/10/2024 5:03:30 AM,1.27
10066,5/10/2024 5:03:40 AM,1.34
10066,5/10/2024 5:03:50 AM,1.41
10066,5/10/2024 5:04:00 AM,1.48
10066,5/10/2024 5:04:10 AM,1.43
10066,5/10/2024 5:04:20 AM,1.33
10066,5/10/2024 5:04:30 AM,1.23
10066,5/10/2024 5:04:40 AM,1.13
10066,5/10/2024 5:04:50 AM,1.03
10066,5/10/2024 5:05:00 AM,0.93
10066,5/10/2024 5:05:10 AM,0.83
10066,5/10/2024 5:05:20 AM,0.73
10066,5/10/2024 5:05:30 AM,0.77
10066,5/10/2024 5:05:40 AM,0.87
10066,5/10/2024 5:05:50 AM,0.97
10066,5/10/2024 5:06:00 AM,1.07
10066,5/10/2024 5:06:10 AM,1.17
10066,5/10/2024 5:06:20 AM,1.03
10066,5/10/2024 5:06:30 AM,0.78
10066,5/10/2024 5:06:40 AM,0.53
10066,5/10/2024 5:06:50 AM,0.28
10066,5/10/2024 5:07:00 AM,0.21
10066,5/10/2024 5:07:10 AM,0.21
10066,5/10/2024 5:07:20 AM,0.22
10066,5/10/2024 5:07:30 AM,0.23
10066,5/10/2024 5:07:40 AM,0.23
10066,5/10/2024 5:07:50 AM,0.24
10066,5/10/2024 5:08:00 AM,0.25
10066,5/10/2024 5:08:10 AM,0.25
10066,5/10/2024 5:08:20 AM,0.26
10066,5/10/2024 5:08:30 AM,0.27
10066,5/10/2024 5:08:40 AM,0.28
10066,5/10/2024 5:08:50 AM,0.28
10066,5/10/2024 5:09:00 AM,0.29
10066,5/10/2024 5:09:10 AM,0.30
10066,5/10/2024 5:09:20 AM,0.30
10066,5/10/2024 5:09:30 AM,0.31
10066,5/10/2024 5:09:40 AM,0.32
10066,5/10/2024 5:09:50 AM,0.33
10066,5/10/2024 5:10:00 AM,0.33
10066,5/10/2024 5:10:10 AM,0.34
10066,5/10/2024 5:10:20 AM,0.35
10066,5/10/2024 5:10:30 AM,0.35
10066,5/10/2024 5:10:40 AM,0.36
10066,5/10/2024 5:10:50 AM,0.37
10066,5/10/2024 5:11:00 AM,0.37
10066,5/10/2024 5:11:10 AM,0.38
10066,5/10/2024 5:11:20 AM,0.39
10066,5/10/2024 5:11:30 AM,0.40
10066,5/10/2024 5:11:40 AM,0.40
10066,5/10/2024 5:11:50 AM,0.41
10066,5/10/2024 5:12:00 AM,0.42
10066,5/10/2024 5:12:10 AM,0.42
10066,5/10/2024 5:12:20 AM,0.43
10066,5/10/2024 5:12:30 AM,0.44
10066,5/10/2024 5:12:40 AM,0.44
10066,5/10/2024 5:12:50 AM,0.45
10066,5/10/2024 5:13:00 AM,0.46
10066,5/10/2024 5:13:10 AM,0.47
10066,5/10/2024 5:13:20 AM,0.47
10066,5/10/2024 5:13:30 AM,0.48
10066,5/10/2024 5:13:40 AM,0.49
10066,5/10/2024 5:13:50 AM,0.49
10066,5/10/2024 5:14:00 AM,0.50
10066,5/10/2024 5:14:10 AM,0.51
10066,5/10/2024 5:14:20 AM,0.52
10066,5/10/2024 5:14:30 AM,0.52
10066,5/10/2024 5:14:40 AM,0.53
10066,5/10/2024 5:14:50 AM,0.54
10066,5/10/2024 5:15:00 AM,0.54
10066,5/10/2024 5:15:10 AM,0.55
10066,5/10/2024 5:15:20 AM,0.56
10066,5/10/2024 5:15:30 AM,0.56
10066,5/10/2024 5:15:40 AM,0.57
10066,5/10/2024 5:15:50 AM,0.58
10066,5/10/2024 5:16:00 AM,0.59
10066,5/10/2024 5:16:10 AM,0.59
10066,5/10/2024 5:16:20 AM,0.60
10066,5/10/2024 5:16:30 AM,0.61
10066,5/10/2024 5:16:40 AM,0.61
10066,5/10/2024 5:16:50 AM,0.62
10066,5/10/2024 5:17:00 AM,0.63
10066,5/10/2024 5:17:10 AM,0.63
10066,5/10/2024 5:17:20 AM,0.64
10066,5/10/2024 5:17:30 AM,0.65
10066,5/10/2024 5:17:40 AM,0.66
10066,5/10/2024 5:17:50 AM,0.66
10066,5/10/2024 5:18:00 AM,0.67
10066,5/10/2024 5:18:10 AM,0.68
10066,5/10/2024 5:18:20 AM,0.68
10066,5/10/2024 5:18:30 AM,0.69
10066,5/10/2024 5:18:40 AM,0.70
10066,5/10/2024 5:18:50 AM,0.73
10066,5/10/2024 5:19:00 AM,0.78
10066,5/10/2024 5:19:10 AM,0.83
10066,5/10/2024 5:19:20 AM,0.87
10066,5/10/2024 5:19:30 AM,0.92
10066,5/10/2024 5:19:40 AM,0.97
10066,5/10/2024 5:19:50 AM,1.02
10066,5/10/2024 5:20:00 AM,1.06
10066,5/10/2024 5:20:10 AM,1.11
10066,5/10/2024 5:20:20 AM,1.16
10066,5/10/2024 5:20:30 AM,1.20
10066,5/10/2024 5:20:40 AM,1.25
10066,5/10/2024 5:20:50 AM,1.30
10066,5/10/2024 5:21:00 AM,1.34
10066,5/10/2024 5:21:10 AM,1.39
10066,5/10/2024 5:21:20 AM,1.44
10066,5/10/2024 5:21:30 AM,1.49
10066,5/10/2024 5:21:40 AM,1.42
10066,5/10/2024 5:21:50 AM,1.31
10066,5/10/2024 5:22:00 AM,1.20
10066,5/10/2024 5:22:10 AM,1.09
10066,5/10/2024 5:22:20 AM,0.98
10066,5/10/2024 5:22:30 AM,0.87
10066,5/10/2024 5:22:40 AM,0.76
10066,5/10/2024 5:22:50 AM,0.65
10066,5/10/2024 5:23:00 AM,0.54
10066,5/10/2024 5:23:10 AM,0.88
10066,5/10/2024 5:23:20 AM,1.43
10066,5/10/2024 5:23:30 AM,1.43
10066,5/10/2024 5:23:40 AM,1.18
10066,5/10/2024 5:23:50 AM,0.93
10066,5/10/2024 5:24:00 AM,0.68
10066,5/10/2024 5:24:10 AM,0.65
10066,5/10/2024 5:24:20 AM,0.72
10066,5/10/2024 5:24:30 AM,0.78
10066,5/10/2024 5:24:40 AM,0.85
10066,5/10/2024 5:24:50 AM,0.92
10066,5/10/2024 5:25:00 AM,0.99
10066,5/10/2024 5:25:10 AM,1.06
10066,5/10/2024 5:25:20 AM,1.13
10066,5/10/2024 5:25:30 AM,1.20
10066,5/10/2024 5:25:40 AM,1.27
10066,5/10/2024 5:25:50 AM,1.34
10066,5/10/2024 5:26:00 AM,1.40
10066,5/10/2024 5:26:10 AM,1.47
10066,5/10/2024 5:26:20 AM,1.54
10066,5/10/2024 5:26:30 AM,1.61
10066,5/10/2024 5:26:40 AM,1.68
10066,5/10/2024 5:26:50 AM,1.59
10066,5/10/2024 5:27:00 AM,1.43
10066,5/10/2024 5:27:10 AM,1.27
10066,5/10/2024 5:27:20 AM,1.11
10066,5/10/2024 5:27:30 AM,0.95
10066,5/10/2024 5:27:40 AM,0.90
10066,5/10/2024 5:27:50 AM,0.90
10066,5/10/2024 5:28:00 AM,0.90
10066,5/10/2024 5:28:10 AM,0.90
10066,5/10/2024 5:28:20 AM,0.90
10066,5/10/2024 5:28:30 AM,0.90
10066,5/10/2024 5:28:40 AM,0.90
10066,5/10/2024 5:28:50 AM,0.90
10066,5/10/2024 5:29:00 AM,0.90
10066,5/10/2024 5:29:10 AM,0.90
10066,5/10/2024 5:29:20 AM,0.90
10066,5/10/2024 5:29:30 AM,0.90
10066,5/10/2024 5:29:40 AM,0.90
10066,5/10/2024 5:29:50 AM,0.90
10066,5/10/2024 5:30:00 AM,0.90
10066,5/10/2024 5:30:10 AM,0.90
10066,5/10/2024 5:30:20 AM,0.60
10066,5/10/2024 5:30:30 AM,0.62
10066,5/10/2024 5:30:40 AM,0.95
10066,5/10/2024 5:30:50 AM,1.27
10066,5/10/2024 5:31:00 AM,1.60
10066,5/10/2024 5:31:10 AM,1.62
10066,5/10/2024 5:31:20 AM,1.50
10066,5/10/2024 5:31:30 AM,1.38
10066,5/10/2024 5:31:40 AM,1.26
10066,5/10/2024 5:31:50 AM,1.15
10066,5/10/2024 5:32:00 AM,1.03
10066,5/10/2024 5:32:10 AM,0.91
10066,5/10/2024 5:32:20 AM,0.79
10066,5/10/2024 5:32:30 AM,0.67
10066,5/10/2024 5:32:40 AM,0.56
10066,5/10/2024 5:32:50 AM,0.44
10066,5/10/2024 5:33:00 AM,1.09
10066,5/10/2024 5:33:10 AM,1.40
10066,5/10/2024 5:33:20 AM,1.40
10066,5/10/2024 5:33:30 AM,1.40
10066,5/10/2024 5:33:40 AM,1.39
10066,5/10/2024 5:33:50 AM,1.39
10066,5/10/2024 5:34:00 AM,1.39
10066,5/10/2024 5:34:10 AM,1.39
10066,5/10/2024 5:34:20 AM,1.39
10066,5/10/2024 5:34:30 AM,1.39
10066,5/10/2024 5:34:40 AM,1.39
10066,5/10/2024 5:34:50 AM,1.38
10066,5/10/2024 5:35:00 AM,1.38
10066,5/10/2024 5:35:10 AM,1.38
10066,5/10/2024 5:35:20 AM,1.38
10066,5/10/2024 5:35:30 AM,1.38
10066,5/10/2024 5:35:40 AM,1.38
10066,5/10/2024 5:35:50 AM,1.37
10066,5/10/2024 5:36:00 AM,1.37
10066,5/10/2024 5:36:10 AM,1.37
10066,5/10/2024 5:36:20 AM,1.37
10066,5/10/2024 5:36:30 AM,1.37
10066,5/10/2024 5:36:40 AM,1.37
10066,5/10/2024 5:36:50 AM,1.36
10066,5/10/2024 5:37:00 AM,1.36
10066,5/10/2024 5:37:10 AM,1.36
10066,5/10/2024 5:37:20 AM,1.36
10066,5/10/2024 5:37:30 AM,1.36
10066,5/10/2024 5:37:40 AM,1.36
10066,5/10/2024 5:37:50 AM,1.36
10066,5/10/2024 5:38:00 AM,1.35
10066,5/10/2024 5:38:10 AM,1.35
10066,5/10/2024 5:38:20 AM,1.35
10066,5/10/2024 5:38:30 AM,1.35
10066,5/10/2024 5:38:40 AM,1.35
10066,5/10/2024 5:38:50 AM,1.35
10066,5/10/2024 5:39:00 AM,1.34
10066,5/10/2024 5:39:10 AM,1.34
10066,5/10/2024 5:39:20 AM,1.34
10066,5/10/2024 5:39:30 AM,1.34
10066,5/10/2024 5:39:40 AM,1.34
10066,5/10/2024 5:39:50 AM,1.34
10066,5/10/2024 5:40:00 AM,1.33
10066,5/10/2024 5:40:10 AM,1.33
10066,5/10/2024 5:40:20 AM,1.33
10066,5/10/2024 5:40:30 AM,1.33
10066,5/10/2024 5:40:40 AM,1.33
10066,5/10/2024 5:40:50 AM,1.33
10066,5/10/2024 5:41:00 AM,1.33
10066,5/10/2024 5:41:10 AM,1.32
10066,5/10/2024 5:41:20 AM,1.32
10066,5/10/2024 5:41:30 AM,1.32
10066,5/10/2024 5:41:40 AM,1.32
10066,5/10/2024 5:41:50 AM,1.32
10066,5/10/2024 5:42:00 AM,1.32
10066,5/10/2024 5:42:10 AM,1.31
10066,5/10/2024 5:42:20 AM,1.31
10066,5/10/2024 5:42:30 AM,1.31
10066,5/10/2024 5:42:40 AM,1.31
10066,5/10/2024 5:42:50 AM,1.31
10066,5/10/2024 5:43:00 AM,1.31
10066,5/10/2024 5:43:10 AM,1.30
10066,5/10/2024 5:43:20 AM,1.30
10066,5/10/2024 5:43:30 AM,1.30
10066,5/10/2024 5:43:40 AM,1.30
10066,5/10/2024 5:43:50 AM,1.30
10066,5/10/2024 5:44:00 AM,1.30
10066,5/10/2024 5:44:10 AM,1.30
10066,5/10/2024 5:44:20 AM,1.29
10066,5/10/2024 5:44:30 AM,1.29
10066,5/10/2024 5:44:40 AM,1.29
10066,5/10/2024 5:44:50 AM,1.29
10066,5/10/2024 5:45:00 AM,1.29
10066,5/10/2024 5:45:10 AM,1.29
10066,5/10/2024 5:45:20 AM,1.28
10066,5/10/2024 5:45:30 AM,1.28
10066,5/10/2024 5:45:40 AM,1.28
10066,5/10/2024 5:45:50 AM,1.28
10066,5/10/2024 5:46:00 AM,1.28
10066,5/10/2024 5:46:10 AM,1.28
10066,5/10/2024 5:46:20 AM,1.27
10066,5/10/2024 5:46:30 AM,1.27
10066,5/10/2024 5:46:40 AM,1.27
10066,5/10/2024 5:46:50 AM,1.27
10066,5/10/2024 5:47:00 AM,1.27
10066,5/10/2024 5:47:10 AM,1.27
10066,5/10/2024 5:47:20 AM,1.27
10066,5/10/2024 5:47:30 AM,1.26
10066,5/10/2024 5:47:40 AM,1.26
10066,5/10/2024 5:47:50 AM,1.26
10066,5/10/2024 5:48:00 AM,1.26
10066,5/10/2024 5:48:10 AM,1.26
10066,5/10/2024 5:48:20 AM,1.26
10066,5/10/2024 5:48:30 AM,1.25
10066,5/10/2024 5:48:40 AM,1.25
10066,5/10/2024 5:48:50 AM,1.25
10066,5/10/2024 5:49:00 AM,1.25
10066,5/10/2024 5:49:10 AM,1.25
10066,5/10/2024 5:49:20 AM,1.25
10066,5/10/2024 5:49:30 AM,1.24
10066,5/10/2024 5:49:40 AM,1.24
10066,5/10/2024 5:49:50 AM,1.24
10066,5/10/2024 5:50:00 AM,1.24
10066,5/10/2024 5:50:10 AM,1.24
10066,5/10/2024 5:50:20 AM,1.24
10066,5/10/2024 5:50:30 AM,1.24
10066,5/10/2024 5:50:40 AM,1.23
10066,5/10/2024 5:50:50 AM,1.23
10066,5/10/2024 5:51:00 AM,1.23
10066,5/10/2024 5:51:10 AM,1.23
10066,5/10/2024 5:51:20 AM,1.23
10066,5/10/2024 5:51:30 AM,1.23
10066,5/10/2024 5:51:40 AM,1.22
10066,5/10/2024 5:51:50 AM,1.22
10066,5/10/2024 5:52:00 AM,1.22
10066,5/10/2024 5:52:10 AM,1.22
10066,5/10/2024 5:52:20 AM,1.22
10066,5/10/2024 5:52:30 AM,1.22
10066,5/10/2024 5:52:40 AM,1.21
10066,5/10/2024 5:52:50 AM,1.21
10066,5/10/2024 5:53:00 AM,1.21
10066,5/10/2024 5:53:10 AM,1.21
10066,5/10/2024 5:53:20 AM,1.21
10066,5/10/2024 5:53:30 AM,1.21
10066,5/10/2024 5:53:40 AM,1.21
10066,5/10/2024 5:53:50 AM,1.20
10066,5/10/2024 5:54:00 AM,1.20
10066,5/10/2024 5:54:10 AM,1.20
10066,5/10/2024 5:54:20 AM,1.20
10066,5/10/2024 5:54:30 AM,1.20
10066,5/10/2024 5:54:40 AM,1.20
10066,5/10/2024 5:54:50 AM,1.19
10066,5/10/2024 5:55:00 AM,1.19
10066,5/10/2024 5:55:10 AM,1.19
10066,5/10/2024 5:55:20 AM,1.19
10066,5/10/2024 5:55:30 AM,1.19
10066,5/10/2024 5:55:40 AM,1.19
10066,5/10/2024 5:55:50 AM,1.18
10066,5/10/2024 5:56:00 AM,1.18
10066,5/10/2024 5:56:10 AM,1.18
10066,5/10/2024 5:56:20 AM,1.18
10066,5/10/2024 5:56:30 AM,1.18
10066,5/10/2024 5:56:40 AM,1.18
10066,5/10/2024 5:56:50 AM,1.18
10066,5/10/2024 5:57:00 AM,1.17
10066,5/10/2024 5:57:10 AM,1.17
10066,5/10/2024 5:57:20 AM,1.17
10066,5/10/2024 5:57:30 AM,1.17
10066,5/10/2024 5:57:40 AM,1.17
10066,5/10/2024 5:57:50 AM,1.17
10066,5/10/2024 5:58:00 AM,1.16
10066,5/10/2024 5:58:10 AM,1.16
10066,5/10/2024 5:58:20 AM,1.16
10066,5/10/2024 5:58:30 AM,1.16
10066,5/10/2024 5:58:40 AM,1.16
10066,5/10/2024 5:58:50 AM,1.16
10066,5/10/2024 5:59:00 AM,1.15
10066,5/10/2024 5:59:10 AM,1.15
10066,5/10/2024 5:59:20 AM,1.15
10066,5/10/2024 5:59:30 AM,1.15
10066,5/10/2024 5:59:40 AM,1.15
10066,5/10/2024 5:59:50 AM,1.15
10066,5/10/2024 6:00:00 AM,1.15
10066,5/10/2024 6:00:10 AM,1.14
10066,5/10/2024 6:00:20 AM,1.14
10066,5/10/2024 6:00:30 AM,1.14
10066,5/10/2024 6:00:40 AM,1.14
10066,5/10/2024 6:00:50 AM,1.14
10066,5/10/2024 6:01:00 AM,1.14
10066,5/10/2024 6:01:10 AM,1.13
10066,5/10/2024 6:01:20 AM,1.13
10066,5/10/2024 6:01:30 AM,1.13
10066,5/10/2024 6:01:40 AM,1.13
10066,5/10/2024 6:01:50 AM,1.13
10066,5/10/2024 6:02:00 AM,1.13
10066,5/10/2024 6:02:10 AM,1.12
10066,5/10/2024 6:02:20 AM,1.12
10066,5/10/2024 6:02:30 AM,1.12
10066,5/10/2024 6:02:40 AM,1.12
10066,5/10/2024 6:02:50 AM,1.12
10066,5/10/2024 6:03:00 AM,1.12
10066,5/10/2024 6:03:10 AM,1.12
10066,5/10/2024 6:03:20 AM,1.11
10066,5/10/2024 6:03:30 AM,1.11
10066,5/10/2024 6:03:40 AM,1.11
10066,5/10/2024 6:03:50 AM,1.11
10066,5/10/2024 6:04:00 AM,1.11
10066,5/10/2024 6:04:10 AM,1.11
10066,5/10/2024 6:04:20 AM,1.10
10066,5/10/2024 6:04:30 AM,1.10
10066,5/10/2024 6:04:40 AM,1.10
10066,5/10/2024 6:04:50 AM,1.10
10066,5/10/2024 6:05:00 AM,1.10
10066,5/10/2024 6:05:10 AM,1.10
10066,5/10/2024 6:05:20 AM,1.09
10066,5/10/2024 6:05:30 AM,1.09
10066,5/10/2024 6:05:40 AM,1.09
10066,5/10/2024 6:05:50 AM,1.09
10066,5/10/2024 6:06:00 AM,1.09
10066,5/10/2024 6:06:10 AM,1.09
10066,5/10/2024 6:06:20 AM,1.09
10066,5/10/2024 6:06:30 AM,1.08
10066,5/10/2024 6:06:40 AM,1.08
10066,5/10/2024 6:06:50 AM,1.08
10066,5/10/2024 6:07:00 AM,1.08
10066,5/10/2024 6:07:10 AM,1.08
10066,5/10/2024 6:07:20 AM,1.08
10066,5/10/2024 6:07:30 AM,1.07
10066,5/10/2024 6:07:40 AM,1.07
10066,5/10/2024 6:07:50 AM,1.07
10066,5/10/2024 6:08:00 AM,1.07
10066,5/10/2024 6:08:10 AM,1.07
10066,5/10/2024 6:08:20 AM,1.07
10066,5/10/2024 6:08:30 AM,1.06
10066,5/10/2024 6:08:40 AM,1.06
10066,5/10/2024 6:08:50 AM,1.06
10066,5/10/2024 6:09:00 AM,1.06
10066,5/10/2024 6:09:10 AM,1.06
10066,5/10/2024 6:09:20 AM,1.06
10066,5/10/2024 6:09:30 AM,1.06
10066,5/10/2024 6:09:40 AM,1.05
10066,5/10/2024 6:09:50 AM,1.05
10066,5/10/2024 6:10:00 AM,1.05
10066,5/10/2024 6:10:10 AM,1.05
10066,5/10/2024 6:10:20 AM,1.05
10066,5/10/2024 6:10:30 AM,1.05
10066,5/10/2024 6:10:40 AM,1.04
10066,5/10/2024 6:10:50 AM,1.04
10066,5/10/2024 6:11:00 AM,1.04
10066,5/10/2024 6:11:10 AM,1.04
10066,5/10/2024 6:11:20 AM,1.04
10066,5/10/2024 6:11:30 AM,1.04
10066,5/10/2024 6:11:40 AM,1.03
10066,5/10/2024 6:11:50 AM,1.03
10066,5/10/2024 6:12:00 AM,1.03
10066,5/10/2024 6:12:10 AM,1.03
10066,5/10/2024 6:12:20 AM,1.03
10066,5/10/2024 6:12:30 AM,1.03
10066,5/10/2024 6:12:40 AM,1.03
10066,5/10/2024 6:12:50 AM,1.02
10066,5/10/2024 6:13:00 AM,1.02
10066,5/10/2024 6:13:10 AM,1.02
10066,5/10/2024 6:13:20 AM,1.02
10066,5/10/2024 6:13:30 AM,1.02
10066,5/10/2024 6:13:40 AM,1.02
10066,5/10/2024 6:13:50 AM,1.01
10066,5/10/2024 6:14:00 AM,1.01
10066,5/10/2024 6:14:10 AM,1.01
10066,5/10/2024 6:14:20 AM,1.01
10066,5/10/2024 6:14:30 AM,1.01
10066,5/10/2024 6:14:40 AM,1.01
10066,5/10/2024 6:14:50 AM,1.00
10066,5/10/2024 6:15:00 AM,1.00
10066,5/10/2024 6:15:10 AM,1.00
10066,5/10/2024 6:15:20 AM,1.00
10066,5/10/2024 6:15:30 AM,1.01
10066,5/10/2024 6:15:40 AM,1.01
10066,5/10/2024 6:15:50 AM,1.01
10066,5/10/2024 6:16:00 AM,1.02
10066,5/10/2024 6:16:10 AM,1.02
10066,5/10/2024 6:16:20 AM,1.03
10066,5/10/2024 6:16:30 AM,1.03
10066,5/10/2024 6:16:40 AM,1.03
10066,5/10/2024 6:16:50 AM,1.04
10066,5/10/2024 6:17:00 AM,1.04
10066,5/10/2024 6:17:10 AM,1.04
10066,5/10/2024 6:17:20 AM,1.05
10066,5/10/2024 6:17:30 AM,1.05
10066,5/10/2024 6:17:40 AM,1.06
10066,5/10/2024 6:17:50 AM,1.06
10066,5/10/2024 6:18:00 AM,1.06
10066,5/10/2024 6:18:10 AM,1.07
10066,5/10/2024 6:18:20 AM,1.07
10066,5/10/2024 6:18:30 AM,1.07
10066,5/10/2024 6:18:40 AM,1.08
10066,5/10/2024 6:18:50 AM,1.08
10066,5/10/2024 6:19:00 AM,1.09
10066,5/10/2024 6:19:10 AM,1.09
10066,5/10/2024 6:19:20 AM,1.09
10066,5/10/2024 6:19:30 AM,1.10
10066,5/10/2024 6:19:40 AM,1.10
10066,5/10/2024 6:19:50 AM,1.11
10066,5/10/2024 6:20:00 AM,1.11
10066,5/10/2024 6:20:10 AM,1.11
10066,5/10/2024 6:20:20 AM,1.12
10066,5/10/2024 6:20:30 AM,1.12
10066,5/10/2024 6:20:40 AM,1.12
10066,5/10/2024 6:20:50 AM,1.13
10066,5/10/2024 6:21:00 AM,1.13
10066,5/10/2024 6:21:10 AM,1.14
10066,5/10/2024 6:21:20 AM,1.14
10066,5/10/2024 6:21:30 AM,1.14
10066,5/10/2024 6:21:40 AM,1.15
10066,5/10/2024 6:21:50 AM,1.15
10066,5/10/2024 6:22:00 AM,1.15
10066,5/10/2024 6:22:10 AM,1.16
10066,5/10/2024 6:22:20 AM,1.16
10066,5/10/2024 6:22:30 AM,1.17
10066,5/10/2024 6:22:40 AM,1.17
10066,5/10/2024 6:22:50 AM,1.17
10066,5/10/2024 6:23:00 AM,1.18
10066,5/10/2024 6:23:10 AM,1.18
10066,5/10/2024 6:23:20 AM,1.19
10066,5/10/2024 6:23:30 AM,1.19
10066,5/10/2024 6:23:40 AM,1.19
10066,5/10/2024 6:23:50 AM,1.20
10066,5/10/2024 6:24:00 AM,1.20
10066,5/10/2024 6:24:10 AM,1.20
10066,5/10/2024 6:24:20 AM,1.21
10066,5/10/2024 6:24:30 AM,1.21
10066,5/10/2024 6:24:40 AM,1.22
10066,5/10/2024 6:24:50 AM,1.22
10066,5/10/2024 6:25:00 AM,1.22
10066,5/10/2024 6:25:10 AM,1.23
10066,5/10/2024 6:25:20 AM,1.23
10066,5/10/2024 6:25:30 AM,1.23
10066,5/10/2024 6:25:40 AM,1.24
10066,5/10/2024 6:25:50 AM,1.24
10066,5/10/2024 6:26:00 AM,1.25
10066,5/10/2024 6:26:10 AM,1.25
10066,5/10/2024 6:26:20 AM,1.25
10066,5/10/2024 6:26:30 AM,1.26
10066,5/10/2024 6:26:40 AM,1.26
10066,5/10/2024 6:26:50 AM,1.27
10066,5/10/2024 6:27:00 AM,1.27
10066,5/10/2024 6:27:10 AM,1.27
10066,5/10/2024 6:27:20 AM,1.28
10066,5/10/2024 6:27:30 AM,1.28
10066,5/10/2024 6:27:40 AM,1.28
10066,5/10/2024 6:27:50 AM,1.29
10066,5/10/2024 6:28:00 AM,1.29
10066,5/10/2024 6:28:10 AM,1.30
10066,5/10/2024 6:28:20 AM,1.30
10066,5/10/2024 6:28:30 AM,1.07
10066,5/10/2024 6:28:40 AM,0.74
10066,5/10/2024 6:28:50 AM,0.41
10066,5/10/2024 6:29:00 AM,0.45
10066,5/10/2024 6:29:10 AM,0.67
10066,5/10/2024 6:29:20 AM,0.89
10066,5/10/2024 6:29:30 AM,1.11
10066,5/10/2024 6:29:40 AM,1.33
10066,5/10/2024 6:29:50 AM,1.27
10066,5/10/2024 6:30:00 AM,1.09
10066,5/10/2024 6:30:10 AM,0.90
10066,5/10/2024 6:30:20 AM,0.80
10066,5/10/2024 6:30:30 AM,0.80
10066,5/10/2024 6:30:40 AM,0.80
10066,5/10/2024 6:30:50 AM,0.80
10066,5/10/2024 6:31:00 AM,0.80
10066,5/10/2024 6:31:10 AM,0.80
10066,5/10/2024 6:31:20 AM,0.80
10066,5/10/2024 6:31:30 AM,0.80
10066,5/10/2024 6:31:40 AM,0.80
10066,5/10/2024 6:31:50 AM,0.80
10066,5/10/2024 6:32:00 AM,0.80
10066,5/10/2024 6:32:10 AM,0.80
10066,5/10/2024 6:32:20 AM,0.80
10066,5/10/2024 6:32:30 AM,0.80
10066,5/10/2024 6:32:40 AM,0.80
10066,5/10/2024 6:32:50 AM,0.80
10066,5/10/2024 6:33:00 AM,0.80
10066,5/10/2024 6:33:10 AM,0.80
10066,5/10/2024 6:33:20 AM,0.80
10066,5/10/2024 6:33:30 AM,0.80
10066,5/10/2024 6:33:40 AM,0.80
10066,5/10/2024 6:33:50 AM,0.80
10066,5/10/2024 6:34:00 AM,0.80
10066,5/10/2024 6:34:10 AM,0.80
10066,5/10/2024 6:34:20 AM,0.80
10066,5/10/2024 6:34:30 AM,0.80
10066,5/10/2024 6:34:40 AM,0.80
10066,5/10/2024 6:34:50 AM,0.80
10066,5/10/2024 6:35:00 AM,0.80
10066,5/10/2024 6:35:10 AM,0.80
10066,5/10/2024 6:35:20 AM,0.80
10066,5/10/2024 6:35:30 AM,0.80
10066,5/10/2024 6:35:40 AM,0.80
10066,5/10/2024 6:35:50 AM,0.80
10066,5/10/2024 6:36:00 AM,0.80
10066,5/10/2024 6:36:10 AM,0.80
10066,5/10/2024 6:36:20 AM,0.80
10066,5/10/2024 6:36:30 AM,0.80
10066,5/10/2024 6:36:40 AM,0.80
10066,5/10/2024 6:36:50 AM,0.80
10066,5/10/2024 6:37:00 AM,0.80
10066,5/10/2024 6:37:10 AM,0.80
10066,5/10/2024 6:37:20 AM,0.80
10066,5/10/2024 6:37:30 AM,0.80
10066,5/10/2024 6:37:40 AM,0.80
10066,5/10/2024 6:37:50 AM,0.80
10066,5/10/2024 6:38:00 AM,0.80
10066,5/10/2024 6:38:10 AM,0.80
10066,5/10/2024 6:38:20 AM,0.80
10066,5/10/2024 6:38:30 AM,0.80
10066,5/10/2024 6:38:40 AM,0.80
10066,5/10/2024 6:38:50 AM,0.80
10066,5/10/2024 6:39:00 AM,0.80
10066,5/10/2024 6:39:10 AM,0.80
10066,5/10/2024 6:39:20 AM,0.80
10066,5/10/2024 6:39:30 AM,0.80
10066,5/10/2024 6:39:40 AM,0.80
10066,5/10/2024 6:39:50 AM,0.80
10066,5/10/2024 6:40:00 AM,0.80
10066,5/10/2024 6:40:10 AM,0.80
10066,5/10/2024 6:40:20 AM,0.80
10066,5/10/2024 6:40:30 AM,0.80
10066,5/10/2024 6:40:40 AM,0.80
10066,5/10/2024 6:40:50 AM,0.80
10066,5/10/2024 6:41:00 AM,0.80
10066,5/10/2024 6:41:10 AM,0.80
10066,5/10/2024 6:41:20 AM,0.80
10066,5/10/2024 6:41:30 AM,0.80
10066,5/10/2024 6:41:40 AM,0.80
10066,5/10/2024 6:41:50 AM,0.80
10066,5/10/2024 6:42:00 AM,0.80
10066,5/10/2024 6:42:10 AM,0.80
10066,5/10/2024 6:42:20 AM,0.80
10066,5/10/2024 6:42:30 AM,0.80
10066,5/10/2024 6:42:40 AM,0.80
10066,5/10/2024 6:42:50 AM,0.80
10066,5/10/2024 6:43:00 AM,0.80
10066,5/10/2024 6:43:10 AM,0.80
10066,5/10/2024 6:43:20 AM,0.80
10066,5/10/2024 6:43:30 AM,0.80
10066,5/10/2024 6:43:40 AM,0.80
10066,5/10/2024 6:43:50 AM,0.80
10066,5/10/2024 6:44:00 AM,0.80
10066,5/10/2024 6:44:10 AM,0.80
10066,5/10/2024 6:44:20 AM,0.80
10066,5/10/2024 6:44:30 AM,0.80
10066,5/10/2024 6:44:40 AM,0.80
10066,5/10/2024 6:44:50 AM,0.80
10066,5/10/2024 6:45:00 AM,0.80
10066,5/10/2024 6:45:10 AM,0.80
10066,5/10/2024 6:45:20 AM,0.80
10066,5/10/2024 6:45:30 AM,0.80
10066,5/10/2024 6:45:40 AM,0.80
10066,5/10/2024 6:45:50 AM,0.80
10066,5/10/2024 6:46:00 AM,0.80
10066,5/10/2024 6:46:10 AM,0.80
10066,5/10/2024 6:46:20 AM,0.80
10066,5/10/2024 6:46:30 AM,0.80
10066,5/10/2024 6:46:40 AM,0.80
10066,5/10/2024 6:46:50 AM,0.80
10066,5/10/2024 6:47:00 AM,0.80
10066,5/10/2024 6:47:10 AM,0.80
10066,5/10/2024 6:47:20 AM,0.80
10066,5/10/2024 6:47:30 AM,0.80
10066,5/10/2024 6:47:40 AM,0.80
10066,5/10/2024 6:47:50 AM,0.80
10066,5/10/2024 6:48:00 AM,0.80
10066,5/10/2024 6:48:10 AM,0.80
10066,5/10/2024 6:48:20 AM,0.80
10066,5/10/2024 6:48:30 AM,0.80
10066,5/10/2024 6:48:40 AM,0.80
10066,5/10/2024 6:48:50 AM,0.80
10066,5/10/2024 6:49:00 AM,0.80
10066,5/10/2024 6:49:10 AM,0.80
10066,5/10/2024 6:49:20 AM,0.80
10066,5/10/2024 6:49:30 AM,0.80
10066,5/10/2024 6:49:40 AM,0.80
10066,5/10/2024 6:49:50 AM,0.80
10066,5/10/2024 6:50:00 AM,0.80
10066,5/10/2024 6:50:10 AM,0.80
10066,5/10/2024 6:50:20 AM,0.80
10066,5/10/2024 6:50:30 AM,0.80
10066,5/10/2024 6:50:40 AM,0.80
10066,5/10/2024 6:50:50 AM,0.80
10066,5/10/2024 6:51:00 AM,0.80
10066,5/10/2024 6:51:10 AM,0.80
10066,5/10/2024 6:51:20 AM,0.80
10066,5/10/2024 6:51:30 AM,0.80
10066,5/10/2024 6:51:40 AM,0.80
10066,5/10/2024 6:51:50 AM,0.80
10066,5/10/2024 6:52:00 AM,0.80
10066,5/10/2024 6:52:10 AM,0.80
10066,5/10/2024 6:52:20 AM,0.80
10066,5/10/2024 6:52:30 AM,0.80
10066,5/10/2024 6:52:40 AM,0.80
10066,5/10/2024 6:52:50 AM,0.80
10066,5/10/2024 6:53:00 AM,0.80
10066,5/10/2024 6:53:10 AM,0.80
10066,5/10/2024 6:53:20 AM,0.80
10066,5/10/2024 6:53:30 AM,0.80
10066,5/10/2024 6:53:40 AM,0.80
10066,5/10/2024 6:53:50 AM,0.80
10066,5/10/2024 6:54:00 AM,0.80
10066,5/10/2024 6:54:10 AM,0.80
10066,5/10/2024 6:54:20 AM,0.80
10066,5/10/2024 6:54:30 AM,0.80
10066,5/10/2024 6:54:40 AM,0.80
10066,5/10/2024 6:54:50 AM,0.80
10066,5/10/2024 6:55:00 AM,0.80
10066,5/10/2024 6:55:10 AM,0.80
10066,5/10/2024 6:55:20 AM,0.80
10066,5/10/2024 6:55:30 AM,0.80
10066,5/10/2024 6:55:40 AM,0.80
10066,5/10/2024 6:55:50 AM,0.80
10066,5/10/2024 6:56:00 AM,0.80
10066,5/10/2024 6:56:10 AM,0.80
10066,5/10/2024 6:56:20 AM,0.80
10066,5/10/2024 6:56:30 AM,0.80
10066,5/10/2024 6:56:40 AM,0.80
10066,5/10/2024 6:56:50 AM,0.80
10066,5/10/2024 6:57:00 AM,0.80
10066,5/10/2024 6:57:10 AM,0.80
10066,5/10/2024 6:57:20 AM,0.80
10066,5/10/2024 6:57:30 AM,0.80
10066,5/10/2024 6:57:40 AM,0.80
10066,5/10/2024 6:57:50 AM,0.80
10066,5/10/2024 6:58:00 AM,0.80
10066,5/10/2024 6:58:10 AM,0.80
10066,5/10/2024 6:58:20 AM,0.80
10066,5/10/2024 6:58:30 AM,0.80
10066,5/10/2024 6:58:40 AM,0.80
10066,5/10/2024 6:58:50 AM,0.80
10066,5/10/2024 6:59:00 AM,0.80
10066,5/10/2024 6:59:10 AM,0.80
10066,5/10/2024 6:59:20 AM,0.80
10066,5/10/2024 6:59:30 AM,0.80
10066,5/10/2024 6:59:40 AM,0.80
10066,5/10/2024 6:59:50 AM,0.80
10066,5/10/2024 7:00:00 AM,0.80
10066,5/10/2024 7:00:10 AM,0.80
10066,5/10/2024 7:00:20 AM,0.80
10066,5/10/2024 7:00:30 AM,0.80
10066,5/10/2024 7:00:40 AM,0.80
10066,5/10/2024 7:00:50 AM,0.80
10066,5/10/2024 7:01:00 AM,0.80
10066,5/10/2024 7:01:10 AM,0.80
10066,5/10/2024 7:01:20 AM,0.80
10066,5/10/2024 7:01:30 AM,0.80
10066,5/10/2024 7:01:40 AM,0.80
10066,5/10/2024 7:01:50 AM,0.80
10066,5/10/2024 7:02:00 AM,0.80
10066,5/10/2024 7:02:10 AM,0.80
10066,5/10/2024 7:02:20 AM,0.80
10066,5/10/2024 7:02:30 AM,0.80
10066,5/10/2024 7:02:40 AM,0.80
10066,5/10/2024 7:02:50 AM,0.80
10066,5/10/2024 7:03:00 AM,0.80
10066,5/10/2024 7:03:10 AM,0.80
10066,5/10/2024 7:03:20 AM,0.80
10066,5/10/2024 7:03:30 AM,0.80
10066,5/10/2024 7:03:40 AM,0.80
10066,5/10/2024 7:03:50 AM,0.80
10066,5/10/2024 7:04:00 AM,0.80
10066,5/10/2024 7:04:10 AM,0.80
10066,5/10/2024 7:04:20 AM,0.80
10066,5/10/2024 7:04:30 AM,0.80
10066,5/10/2024 7:04:40 AM,0.80
10066,5/10/2024 7:04:50 AM,0.80
10066,5/10/2024 7:05:00 AM,0.80
10066,5/10/2024 7:05:10 AM,0.80
10066,5/10/2024 7:05:20 AM,0.80
10066,5/10/2024 7:05:30 AM,0.80
10066,5/10/2024 7:05:40 AM,0.80
10066,5/10/2024 7:05:50 AM,0.80
10066,5/10/2024 7:06:00 AM,0.80
10066,5/10/2024 7:06:10 AM,0.80
10066,5/10/2024 7:06:20 AM,0.80
10066,5/10/2024 7:06:30 AM,0.80
10066,5/10/2024 7:06:40 AM,0.80
10066,5/10/2024 7:06:50 AM,0.80
10066,5/10/2024 7:07:00 AM,0.80
10066,5/10/2024 7:07:10 AM,0.80
10066,5/10/2024 7:07:20 AM,0.80
10066,5/10/2024 7:07:30 AM,0.80
10066,5/10/2024 7:07:40 AM,0.80
10066,5/10/2024 7:07:50 AM,0.80
10066,5/10/2024 7:08:00 AM,0.80
10066,5/10/2024 7:08:10 AM,0.80
10066,5/10/2024 7:08:20 AM,0.80
10066,5/10/2024 7:08:30 AM,0.80
10066,5/10/2024 7:08:40 AM,0.80
10066,5/10/2024 7:08:50 AM,0.80
10066,5/10/2024 7:09:00 AM,0.80
10066,5/10/2024 7:09:10 AM,0.80
10066,5/10/2024 7:09:20 AM,0.80
10066,5/10/2024 7:09:30 AM,0.80
10066,5/10/2024 7:09:40 AM,0.80
10066,5/10/2024 7:09:50 AM,0.80
10066,5/10/2024 7:10:00 AM,0.80
10066,5/10/2024 7:10:10 AM,0.80
10066,5/10/2024 7:10:20 AM,0.80
10066,5/10/2024 7:10:30 AM,0.80
10066,5/10/2024 7:10:40 AM,0.80
10066,5/10/2024 7:10:50 AM,0.80
10066,5/10/2024 7:11:00 AM,0.80
10066,5/10/2024 7:11:10 AM,0.80
10066,5/10/2024 7:11:20 AM,0.80
10066,5/10/2024 7:11:30 AM,0.80
10066,5/10/2024 7:11:40 AM,0.80
10066,5/10/2024 7:11:50 AM,0.80
10066,5/10/2024 7:12:00 AM,0.80
10066,5/10/2024 7:12:10 AM,0.80
10066,5/10/2024 7:12:20 AM,0.80
10066,5/10/2024 7:12:30 AM,0.80
10066,5/10/2024 7:12:40 AM,0.80
10066,5/10/2024 7:12:50 AM,0.80
10066,5/10/2024 7:13:00 AM,0.80
10066,5/10/2024 7:13:10 AM,0.80
10066,5/10/2024 7:13:20 AM,0.80
10066,5/10/2024 7:13:30 AM,0.80
10066,5/10/2024 7:13:40 AM,0.80
10066,5/10/2024 7:13:50 AM,0.80
10066,5/10/2024 7:14:00 AM,0.80
10066,5/10/2024 7:14:10 AM,0.80
10066,5/10/2024 7:14:20 AM,0.80
10066,5/10/2024 7:14:30 AM,0.80
10066,5/10/2024 7:14:40 AM,0.80
10066,5/10/2024 7:14:50 AM,0.80
10066,5/10/2024 7:15:00 AM,0.80
10066,5/10/2024 7:15:10 AM,0.80
10066,5/10/2024 7:15:20 AM,0.81
10066,5/10/2024 7:15:30 AM,0.84
10066,5/10/2024 7:15:40 AM,0.87
10066,5/10/2024 7:15:50 AM,0.90
10066,5/10/2024 7:16:00 AM,0.92
10066,5/10/2024 7:16:10 AM,0.95
10066,5/10/2024 7:16:20 AM,0.98
10066,5/10/2024 7:16:30 AM,1.01
10066,5/10/2024 7:16:40 AM,1.03
10066,5/10/2024 7:16:50 AM,1.06
10066,5/10/2024 7:17:00 AM,1.09
10066,5/10/2024 7:17:10 AM,1.12
10066,5/10/2024 7:17:20 AM,1.14
10066,5/10/2024 7:17:30 AM,1.17
10066,5/10/2024 7:17:40 AM,1.20
10066,5/10/2024 7:17:50 AM,1.23
10066,5/10/2024 7:18:00 AM,1.25
10066,5/10/2024 7:18:10 AM,1.28
10066,5/10/2024 7:18:20 AM,1.31
10066,5/10/2024 7:18:30 AM,1.34
10066,5/10/2024 7:18:40 AM,1.36
10066,5/10/2024 7:18:50 AM,1.39
10066,5/10/2024 7:19:00 AM,1.42
10066,5/10/2024 7:19:10 AM,1.44
10066,5/10/2024 7:19:20 AM,1.47
10066,5/10/2024 7:19:30 AM,1.50
10066,5/10/2024 7:19:40 AM,1.53
10066,5/10/2024 7:19:50 AM,1.55
10066,5/10/2024 7:20:00 AM,1.58
10066,5/10/2024 7:20:10 AM,1.61
10066,5/10/2024 7:20:20 AM,1.64
10066,5/10/2024 7:20:30 AM,1.66
10066,5/10/2024 7:20:40 AM,1.69
10066,5/10/2024 7:20:50 AM,1.55
10066,5/10/2024 7:21:00 AM,1.32
10066,5/10/2024 7:21:10 AM,1.10
10066,5/10/2024 7:21:20 AM,0.87
10066,5/10/2024 7:21:30 AM,0.82
10066,5/10/2024 7:21:40 AM,0.85
10066,5/10/2024 7:21:50 AM,0.87
10066,5/10/2024 7:22:00 AM,0.90
10066,5/10/2024 7:22:10 AM,0.93
10066,5/10/2024 7:22:20 AM,0.96
10066,5/10/2024 7:22:30 AM,0.99
10066,5/10/2024 7:22:40 AM,1.01
10066,5/10/2024 7:22:50 AM,1.04
10066,5/10/2024 7:23:00 AM,1.07
10066,5/10/2024 7:23:10 AM,1.10
10066,5/10/2024 7:23:20 AM,1.12
10066,5/10/2024 7:23:30 AM,1.15
10066,5/10/2024 7:23:40 AM,1.18
10066,5/10/2024 7:23:50 AM,1.21
10066,5/10/2024 7:24:00 AM,1.24
10066,5/10/2024 7:24:10 AM,1.26
10066,5/10/2024 7:24:20 AM,1.29
10066,5/10/2024 7:24:30 AM,1.32
10066,5/10/2024 7:24:40 AM,1.35
10066,5/10/2024 7:24:50 AM,1.37
10066,5/10/2024 7:25:00 AM,1.40
10066,5/10/2024 7:25:10 AM,1.43
10066,5/10/2024 7:25:20 AM,1.46
10066,5/10/2024 7:25:30 AM,1.49
10066,5/10/2024 7:25:40 AM,1.51
10066,5/10/2024 7:25:50 AM,1.54
10066,5/10/2024 7:26:00 AM,1.57
10066,5/10/2024 7:26:10 AM,1.60
10066,5/10/2024 7:26:20 AM,1.63
10066,5/10/2024 7:26:30 AM,1.65
10066,5/10/2024 7:26:40 AM,1.68
10066,5/10/2024 7:26:50 AM,1.71
10066,5/10/2024 7:27:00 AM,1.74
10066,5/10/2024 7:27:10 AM,1.76
10066,5/10/2024 7:27:20 AM,1.79
10066,5/10/2024 7:27:30 AM,1.61
10066,5/10/2024 7:27:40 AM,1.34
10066,5/10/2024 7:27:50 AM,1.07
10066,5/10/2024 7:28:00 AM,0.79
10066,5/10/2024 7:28:10 AM,0.75
10066,5/10/2024 7:28:20 AM,0.81
10066,5/10/2024 7:28:30 AM,0.88
10066,5/10/2024 7:28:40 AM,0.95
10066,5/10/2024 7:28:50 AM,1.02
10066,5/10/2024 7:29:00 AM,1.09
10066,5/10/2024 7:29:10 AM,1.16
10066,5/10/2024 7:29:20 AM,1.22
10066,5/10/2024 7:29:30 AM,1.29
10066,5/10/2024 7:29:40 AM,1.36
10066,5/10/2024 7:29:50 AM,1.43
10066,5/10/2024 7:30:00 AM,1.50
10066,5/10/2024 7:30:10 AM,1.57
10066,5/10/2024 7:30:20 AM,1.52
10066,5/10/2024 7:30:30 AM,1.37
10066,5/10/2024 7:30:40 AM,1.21
10066,5/10/2024 7:30:50 AM,1.05
10066,5/10/2024 7:31:00 AM,1.01
10066,5/10/2024 7:31:10 AM,1.03
10066,5/10/2024 7:31:20 AM,1.05
10066,5/10/2024 7:31:30 AM,1.07
10066,5/10/2024 7:31:40 AM,1.09
10066,5/10/2024 7:31:50 AM,1.11
10066,5/10/2024 7:32:00 AM,1.13
10066,5/10/2024 7:32:10 AM,1.15
10066,5/10/2024 7:32:20 AM,1.17
10066,5/10/2024 7:32:30 AM,1.19
10066,5/10/2024 7:32:40 AM,1.21
10066,5/10/2024 7:32:50 AM,1.23
10066,5/10/2024 7:33:00 AM,1.25
10066,5/10/2024 7:33:10 AM,1.27
10066,5/10/2024 7:33:20 AM,1.29
10066,5/10/2024 7:33:30 AM,1.31
10066,5/10/2024 7:33:40 AM,1.33
10066,5/10/2024 7:33:50 AM,1.35
10066,5/10/2024 7:34:00 AM,1.37
10066,5/10/2024 7:34:10 AM,1.38
10066,5/10/2024 7:34:20 AM,1.40
10066,5/10/2024 7:34:30 AM,1.42
10066,5/10/2024 7:34:40 AM,1.44
10066,5/10/2024 7:34:50 AM,1.46
10066,5/10/2024 7:35:00 AM,1.48
10066,5/10/2024 7:35:10 AM,1.50
10066,5/10/2024 7:35:20 AM,1.52
10066,5/10/2024 7:35:30 AM,1.54
10066,5/10/2024 7:35:40 AM,1.56
10066,5/10/2024 7:35:50 AM,1.58
10066,5/10/2024 7:36:00 AM,1.60
10066,5/10/2024 7:36:10 AM,1.62
10066,5/10/2024 7:36:20 AM,1.64
10066,5/10/2024 7:36:30 AM,1.66
10066,5/10/2024 7:36:40 AM,1.68
10066,5/10/2024 7:36:50 AM,1.70
10066,5/10/2024 7:37:00 AM,1.72
10066,5/10/2024 7:37:10 AM,1.74
10066,5/10/2024 7:37:20 AM,1.76
10066,5/10/2024 7:37:30 AM,1.77
10066,5/10/2024 7:37:40 AM,1.79
10066,5/10/2024 7:37:50 AM,1.78
10066,5/10/2024 7:38:00 AM,1.75
10066,5/10/2024 7:38:10 AM,1.71
10066,5/10/2024 7:38:20 AM,1.68
10066,5/10/2024 7:38:30 AM,1.65
10066,5/10/2024 7:38:40 AM,1.62
10066,5/10/2024 7:38:50 AM,1.58
10066,5/10/2024 7:39:00 AM,1.55
10066,5/10/2024 7:39:10 AM,1.52
10066,5/10/2024 7:39:20 AM,1.49
10066,5/10/2024 7:39:30 AM,1.45
10066,5/10/2024 7:39:40 AM,1.42
10066,5/10/2024 7:39:50 AM,1.39
10066,5/10/2024 7:40:00 AM,1.36
10066,5/10/2024 7:40:10 AM,1.33
10066,5/10/2024 7:40:20 AM,1.29
10066,5/10/2024 7:40:30 AM,1.26
10066,5/10/2024 7:40:40 AM,1.23
10066,5/10/2024 7:40:50 AM,1.20
10066,5/10/2024 7:41:00 AM,1.16
10066,5/10/2024 7:41:10 AM,1.13
10066,5/10/2024 7:41:20 AM,1.10
10066,5/10/2024 7:41:30 AM,1.07
10066,5/10/2024 7:41:40 AM,1.03
10066,5/10/2024 7:41:50 AM,1.00
10066,5/10/2024 7:42:00 AM,0.97
10066,5/10/2024 7:42:10 AM,0.94
10066,5/10/2024 7:42:20 AM,0.90
10066,5/10/2024 7:42:30 AM,0.87
10066,5/10/2024 7:42:40 AM,0.84
10066,5/10/2024 7:42:50 AM,0.81
10066,5/10/2024 7:43:00 AM,0.78
10066,5/10/2024 7:43:10 AM,0.74
10066,5/10/2024 7:43:20 AM,0.71
10066,5/10/2024 7:43:30 AM,1.11
10066,5/10/2024 7:43:40 AM,1.71
10066,5/10/2024 7:43:50 AM,1.85
10066,5/10/2024 7:44:00 AM,1.77
10066,5/10/2024 7:44:10 AM,1.69
10066,5/10/2024 7:44:20 AM,1.61
10066,5/10/2024 7:44:30 AM,1.54
10066,5/10/2024 7:44:40 AM,1.46
10066,5/10/2024 7:44:50 AM,1.38
10066,5/10/2024 7:45:00 AM,1.30
10066,5/10/2024 7:45:10 AM,1.23
10066,5/10/2024 7:45:20 AM,1.20
10066,5/10/2024 7:45:30 AM,1.20
10066,5/10/2024 7:45:40 AM,1.20
10066,5/10/2024 7:45:50 AM,1.20
10066,5/10/2024 7:46:00 AM,1.19
10066,5/10/2024 7:46:10 AM,1.19
10066,5/10/2024 7:46:20 AM,1.19
10066,5/10/2024 7:46:30 AM,1.19
10066,5/10/2024 7:46:40 AM,1.19
10066,5/10/2024 7:46:50 AM,1.19
10066,5/10/2024 7:47:00 AM,1.19
10066,5/10/2024 7:47:10 AM,1.18
10066,5/10/2024 7:47:20 AM,1.18
10066,5/10/2024 7:47:30 AM,1.18
10066,5/10/2024 7:47:40 AM,1.18
10066,5/10/2024 7:47:50 AM,1.18
10066,5/10/2024 7:48:00 AM,1.18
10066,5/10/2024 7:48:10 AM,1.18
10066,5/10/2024 7:48:20 AM,1.18
10066,5/10/2024 7:48:30 AM,1.17
10066,5/10/2024 7:48:40 AM,1.17
10066,5/10/2024 7:48:50 AM,1.17
10066,5/10/2024 7:49:00 AM,1.17
10066,5/10/2024 7:49:10 AM,1.17
10066,5/10/2024 7:49:20 AM,1.17
10066,5/10/2024 7:49:30 AM,1.17
10066,5/10/2024 7:49:40 AM,1.16
10066,5/10/2024 7:49:50 AM,1.16
10066,5/10/2024 7:50:00 AM,1.16
10066,5/10/2024 7:50:10 AM,1.16
10066,5/10/2024 7:50:20 AM,1.16
10066,5/10/2024 7:50:30 AM,1.16
10066,5/10/2024 7:50:40 AM,1.16
10066,5/10/2024 7:50:50 AM,1.16
10066,5/10/2024 7:51:00 AM,1.15
10066,5/10/2024 7:51:10 AM,1.15
10066,5/10/2024 7:51:20 AM,1.15
10066,5/10/2024 7:51:30 AM,1.15
10066,5/10/2024 7:51:40 AM,1.15
10066,5/10/2024 7:51:50 AM,1.15
10066,5/10/2024 7:52:00 AM,1.15
10066,5/10/2024 7:52:10 AM,1.14
10066,5/10/2024 7:52:20 AM,1.14
10066,5/10/2024 7:52:30 AM,1.14
10066,5/10/2024 7:52:40 AM,1.14
10066,5/10/2024 7:52:50 AM,1.14
10066,5/10/2024 7:53:00 AM,1.14
10066,5/10/2024 7:53:10 AM,1.14
10066,5/10/2024 7:53:20 AM,1.14
10066,5/10/2024 7:53:30 AM,1.13
10066,5/10/2024 7:53:40 AM,1.13
10066,5/10/2024 7:53:50 AM,1.13
10066,5/10/2024 7:54:00 AM,1.13
10066,5/10/2024 7:54:10 AM,1.13
10066,5/10/2024 7:54:20 AM,1.13
10066,5/10/2024 7:54:30 AM,1.13
10066,5/10/2024 7:54:40 AM,1.12
10066,5/10/2024 7:54:50 AM,1.12
10066,5/10/2024 7:55:00 AM,1.12
10066,5/10/2024 7:55:10 AM,1.12
10066,5/10/2024 7:55:20 AM,1.12
10066,5/10/2024 7:55:30 AM,1.12
10066,5/10/2024 7:55:40 AM,1.12
10066,5/10/2024 7:55:50 AM,1.12
10066,5/10/2024 7:56:00 AM,1.11
10066,5/10/2024 7:56:10 AM,1.11
10066,5/10/2024 7:56:20 AM,1.11
10066,5/10/2024 7:56:30 AM,1.11
10066,5/10/2024 7:56:40 AM,1.11
10066,5/10/2024 7:56:50 AM,1.11
10066,5/10/2024 7:57:00 AM,1.11
10066,5/10/2024 7:57:10 AM,1.10
10066,5/10/2024 7:57:20 AM,1.10
10066,5/10/2024 7:57:30 AM,1.10
10066,5/10/2024 7:57:40 AM,1.10
10066,5/10/2024 7:57:50 AM,1.20
10066,5/10/2024 7:58:00 AM,1.34
10066,5/10/2024 7:58:10 AM,1.48
10066,5/10/2024 7:58:20 AM,1.62
10066,5/10/2024 7:58:30 AM,1.76
10066,5/10/2024 7:58:40 AM,1.75
10066,5/10/2024 7:58:50 AM,1.67
10066,5/10/2024 7:59:00 AM,1.59
10066,5/10/2024 7:59:10 AM,1.51
10066,5/10/2024 7:59:20 AM,1.43
10066,5/10/2024 7:59:30 AM,1.36
10066,5/10/2024 7:59:40 AM,1.28
10066,5/10/2024 7:59:50 AM,1.20
10066,5/10/2024 8:00:00 AM,1.12
10066,5/10/2024 8:00:10 AM,1.04
10066,5/10/2024 8:00:20 AM,1.25
10066,5/10/2024 8:00:30 AM,1.79
10066,5/10/2024 8:00:40 AM,2.33
10066,5/10/2024 8:00:50 AM,2.16
10066,5/10/2024 8:01:00 AM,1.66
10066,5/10/2024 8:01:10 AM,1.16
10066,5/10/2024 8:01:20 AM,0.99
10066,5/10/2024 8:01:30 AM,0.98
10066,5/10/2024 8:01:40 AM,0.97
10066,5/10/2024 8:01:50 AM,0.95
10066,5/10/2024 8:02:00 AM,0.94
10066,5/10/2024 8:02:10 AM,0.93
10066,5/10/2024 8:02:20 AM,0.92
10066,5/10/2024 8:02:30 AM,0.90
10066,5/10/2024 8:02:40 AM,1.15
10066,5/10/2024 8:02:50 AM,1.51
10066,5/10/2024 8:03:00 AM,1.88
10066,5/10/2024 8:03:10 AM,1.92
10066,5/10/2024 8:03:20 AM,1.79
10066,5/10/2024 8:03:30 AM,1.67
10066,5/10/2024 8:03:40 AM,1.54
10066,5/10/2024 8:03:50 AM,1.42
10066,5/10/2024 8:04:00 AM,1.29
10066,5/10/2024 8:04:10 AM,1.16
10066,5/10/2024 8:04:20 AM,1.04
10066,5/10/2024 8:04:30 AM,1.16
10066,5/10/2024 8:04:40 AM,1.39
10066,5/10/2024 8:04:50 AM,1.63
10066,5/10/2024 8:05:00 AM,1.55
10066,5/10/2024 8:05:10 AM,1.32
10066,5/10/2024 8:05:20 AM,1.10
10066,5/10/2024 8:05:30 AM,0.87
10066,5/10/2024 8:05:40 AM,0.82
10066,5/10/2024 8:05:50 AM,0.85
10066,5/10/2024 8:06:00 AM,0.87
10066,5/10/2024 8:06:10 AM,0.90
10066,5/10/2024 8:06:20 AM,0.93
10066,5/10/2024 8:06:30 AM,0.95
10066,5/10/2024 8:06:40 AM,0.98
10066,5/10/2024 8:06:50 AM,1.01
10066,5/10/2024 8:07:00 AM,1.03
10066,5/10/2024 8:07:10 AM,1.06
10066,5/10/2024 8:07:20 AM,1.09
10066,5/10/2024 8:07:30 AM,1.11
10066,5/10/2024 8:07:40 AM,1.14
10066,5/10/2024 8:07:50 AM,1.17
10066,5/10/2024 8:08:00 AM,1.20
10066,5/10/2024 8:08:10 AM,1.22
10066,5/10/2024 8:08:20 AM,1.25
10066,5/10/2024 8:08:30 AM,1.28
10066,5/10/2024 8:08:40 AM,1.30
10066,5/10/2024 8:08:50 AM,1.33
10066,5/10/2024 8:09:00 AM,1.36
10066,5/10/2024 8:09:10 AM,1.38
10066,5/10/2024 8:09:20 AM,1.41
10066,5/10/2024 8:09:30 AM,1.44
10066,5/10/2024 8:09:40 AM,1.46
10066,5/10/2024 8:09:50 AM,1.49
10066,5/10/2024 8:10:00 AM,1.48
10066,5/10/2024 8:10:10 AM,1.46
10066,5/10/2024 8:10:20 AM,1.44
10066,5/10/2024 8:10:30 AM,1.41
10066,5/10/2024 8:10:40 AM,1.39
10066,5/10/2024 8:10:50 AM,1.36
10066,5/10/2024 8:11:00 AM,1.34
10066,5/10/2024 8:11:10 AM,1.32
10066,5/10/2024 8:11:20 AM,1.29
10066,5/10/2024 8:11:30 AM,1.27
10066,5/10/2024 8:11:40 AM,1.24
10066,5/10/2024 8:11:50 AM,1.22
10066,5/10/2024 8:12:00 AM,1.19
10066,5/10/2024 8:12:10 AM,1.17
10066,5/10/2024 8:12:20 AM,1.15
10066,5/10/2024 8:12:30 AM,1.12
10066,5/10/2024 8:12:40 AM,1.10
10066,5/10/2024 8:12:50 AM,1.07
10066,5/10/2024 8:13:00 AM,1.05
10066,5/10/2024 8:13:10 AM,1.03
10066,5/10/2024 8:13:20 AM,1.00
10066,5/10/2024 8:13:30 AM,0.98
10066,5/10/2024 8:13:40 AM,0.95
10066,5/10/2024 8:13:50 AM,0.93
10066,5/10/2024 8:14:00 AM,0.90
10066,5/10/2024 8:14:10 AM,0.88
10066,5/10/2024 8:14:20 AM,0.86
10066,5/10/2024 8:14:30 AM,0.83
10066,5/10/2024 8:14:40 AM,0.81
10066,5/10/2024 8:14:50 AM,1.00
10066,5/10/2024 8:15:00 AM,1.30
10066,5/10/2024 8:15:10 AM,1.59
10066,5/10/2024 8:15:20 AM,1.78
10066,5/10/2024 8:15:30 AM,1.70
10066,5/10/2024 8:15:40 AM,1.63
10066,5/10/2024 8:15:50 AM,1.55
10066,5/10/2024 8:16:00 AM,1.48
10066,5/10/2024 8:16:10 AM,1.40
10066,5/10/2024 8:16:20 AM,1.33
10066,5/10/2024 8:16:30 AM,1.25
10066,5/10/2024 8:16:40 AM,1.18
10066,5/10/2024 8:16:50 AM,1.10
10066,5/10/2024 8:17:00 AM,1.02
10066,5/10/2024 8:17:10 AM,1.13
10066,5/10/2024 8:17:20 AM,1.31
10066,5/10/2024 8:17:30 AM,1.49
10066,5/10/2024 8:17:40 AM,1.68
10066,5/10/2024 8:17:50 AM,1.86
10066,5/10/2024 8:18:00 AM,2.04
10066,5/10/2024 8:18:10 AM,1.95
10066,5/10/2024 8:18:20 AM,1.73
10066,5/10/2024 8:18:30 AM,1.51
10066,5/10/2024 8:18:40 AM,1.29
10066,5/10/2024 8:18:50 AM,1.07
10066,5/10/2024 8:19:00 AM,1.08
10066,5/10/2024 8:19:10 AM,1.19
10066,5/10/2024 8:19:20 AM,1.30
10066,5/10/2024 8:19:30 AM,1.41
10066,5/10/2024 8:19:40 AM,1.52
10066,5/10/2024 8:19:50 AM,1.63
10066,5/10/2024 8:20:00 AM,1.74
10066,5/10/2024 8:20:10 AM,1.85
10066,5/10/2024 8:20:20 AM,1.96
10066,5/10/2024 8:20:30 AM,2.07
10066,5/10/2024 8:20:40 AM,2.00
10066,5/10/2024 8:20:50 AM,1.86
10066,5/10/2024 8:21:00 AM,1.72
10066,5/10/2024 8:21:10 AM,1.57
10066,5/10/2024 8:21:20 AM,1.43
10066,5/10/2024 8:21:30 AM,1.29
10066,5/10/2024 8:21:40 AM,1.14
10066,5/10/2024 8:21:50 AM,1.13
10066,5/10/2024 8:22:00 AM,1.17
10066,5/10/2024 8:22:10 AM,1.21
10066,5/10/2024 8:22:20 AM,1.25
10066,5/10/2024 8:22:30 AM,1.29
10066,5/10/2024 8:22:40 AM,1.33
10066,5/10/2024 8:22:50 AM,1.37
10066,5/10/2024 8:23:00 AM,1.41
10066,5/10/2024 8:23:10 AM,1.45
10066,5/10/2024 8:23:20 AM,1.49
10066,5/10/2024 8:23:30 AM,1.53
10066,5/10/2024 8:23:40 AM,1.57
10066,5/10/2024 8:23:50 AM,1.61
10066,5/10/2024 8:24:00 AM,1.65
10066,5/10/2024 8:24:10 AM,1.69
10066,5/10/2024 8:24:20 AM,1.73
10066,5/10/2024 8:24:30 AM,1.77
10066,5/10/2024 8:24:40 AM,1.81
10066,5/10/2024 8:24:50 AM,1.85
10066,5/10/2024 8:25:00 AM,1.89
10066,5/10/2024 8:25:10 AM,1.93
10066,5/10/2024 8:25:20 AM,1.97
10066,5/10/2024 8:25:30 AM,2.01
10066,5/10/2024 8:25:40 AM,2.05
10066,5/10/2024 8:25:50 AM,2.09
10066,5/10/2024 8:26:00 AM,2.00
10066,5/10/2024 8:26:10 AM,1.86
10066,5/10/2024 8:26:20 AM,1.73
10066,5/10/2024 8:26:30 AM,1.59
10066,5/10/2024 8:26:40 AM,1.45
10066,5/10/2024 8:26:50 AM,1.41
10066,5/10/2024 8:27:00 AM,1.43
10066,5/10/2024 8:27:10 AM,1.45
10066,5/10/2024 8:27:20 AM,1.47
10066,5/10/2024 8:27:30 AM,1.49
10066,5/10/2024 8:27:40 AM,1.51
10066,5/10/2024 8:27:50 AM,1.53
10066,5/10/2024 8:28:00 AM,1.55
10066,5/10/2024 8:28:10 AM,1.56
10066,5/10/2024 8:28:20 AM,1.58
10066,5/10/2024 8:28:30 AM,1.60
10066,5/10/2024 8:28:40 AM,1.62
10066,5/10/2024 8:28:50 AM,1.64
10066,5/10/2024 8:29:00 AM,1.66
10066,5/10/2024 8:29:10 AM,1.68
10066,5/10/2024 8:29:20 AM,1.70
10066,5/10/2024 8:29:30 AM,1.71
10066,5/10/2024 8:29:40 AM,1.73
10066,5/10/2024 8:29:50 AM,1.75
10066,5/10/2024 8:30:00 AM,1.77
10066,5/10/2024 8:30:10 AM,1.79
10066,5/10/2024 8:30:20 AM,1.79
10066,5/10/2024 8:30:30 AM,1.76
10066,5/10/2024 8:30:40 AM,1.73
10066,5/10/2024 8:30:50 AM,1.70
10066,5/10/2024 8:31:00 AM,1.67
10066,5/10/2024 8:31:10 AM,1.63
10066,5/10/2024 8:31:20 AM,1.60
10066,5/10/2024 8:31:30 AM,1.57
10066,5/10/2024 8:31:40 AM,1.54
10066,5/10/2024 8:31:50 AM,1.51
10066,5/10/2024 8:32:00 AM,1.48
10066,5/10/2024 8:32:10 AM,1.45
10066,5/10/2024 8:32:20 AM,1.42
10066,5/10/2024 8:32:30 AM,1.39
10066,5/10/2024 8:32:40 AM,1.36
10066,5/10/2024 8:32:50 AM,1.33
10066,5/10/2024 8:33:00 AM,1.30
10066,5/10/2024 8:33:10 AM,1.27
10066,5/10/2024 8:33:20 AM,1.24
10066,5/10/2024 8:33:30 AM,1.21
10066,5/10/2024 8:33:40 AM,1.42
10066,5/10/2024 8:33:50 AM,1.76
10066,5/10/2024 8:34:00 AM,2.09
10066,5/10/2024 8:34:10 AM,2.08
10066,5/10/2024 8:34:20 AM,1.89
10066,5/10/2024 8:34:30 AM,1.71
10066,5/10/2024 8:34:40 AM,1.53
10066,5/10/2024 8:34:50 AM,1.34
10066,5/10/2024 8:35:00 AM,1.16
10066,5/10/2024 8:35:10 AM,1.34
10066,5/10/2024 8:35:20 AM,1.69
10066,5/10/2024 8:35:30 AM,1.76
10066,5/10/2024 8:35:40 AM,1.70
10066,5/10/2024 8:35:50 AM,1.64
10066,5/10/2024 8:36:00 AM,1.58
10066,5/10/2024 8:36:10 AM,1.52
10066,5/10/2024 8:36:20 AM,1.46
10066,5/10/2024 8:36:30 AM,1.40
10066,5/10/2024 8:36:40 AM,1.34
10066,5/10/2024 8:36:50 AM,1.28
10066,5/10/2024 8:37:00 AM,1.22
10066,5/10/2024 8:37:10 AM,1.23
10066,5/10/2024 8:37:20 AM,1.26
10066,5/10/2024 8:37:30 AM,1.30
10066,5/10/2024 8:37:40 AM,1.34
10066,5/10/2024 8:37:50 AM,1.37
10066,5/10/2024 8:38:00 AM,1.41
10066,5/10/2024 8:38:10 AM,1.45
10066,5/10/2024 8:38:20 AM,1.49
10066,5/10/2024 8:38:30 AM,1.52
10066,5/10/2024 8:38:40 AM,1.56
10066,5/10/2024 8:38:50 AM,1.60
10066,5/10/2024 8:39:00 AM,1.63
10066,5/10/2024 8:39:10 AM,1.67
10066,5/10/2024 8:39:20 AM,1.71
10066,5/10/2024 8:39:30 AM,1.74
10066,5/10/2024 8:39:40 AM,1.78
10066,5/10/2024 8:39:50 AM,1.82
10066,5/10/2024 8:40:00 AM,1.86
10066,5/10/2024 8:40:10 AM,1.89
10066,5/10/2024 8:40:20 AM,1.93
10066,5/10/2024 8:40:30 AM,1.97
10066,5/10/2024 8:40:40 AM,2.00
10066,5/10/2024 8:40:50 AM,2.04
10066,5/10/2024 8:41:00 AM,2.08
10066,5/10/2024 8:41:10 AM,2.11
10066,5/10/2024 8:41:20 AM,2.15
10066,5/10/2024 8:41:30 AM,2.19
10066,5/10/2024 8:41:40 AM,1.95
10066,5/10/2024 8:41:50 AM,1.59
10066,5/10/2024 8:42:00 AM,1.22
10066,5/10/2024 8:42:10 AM,1.12
10066,5/10/2024 8:42:20 AM,1.14
10066,5/10/2024 8:42:30 AM,1.17
10066,5/10/2024 8:42:40 AM,1.19
10066,5/10/2024 8:42:50 AM,1.22
10066,5/10/2024 8:43:00 AM,1.24
10066,5/10/2024 8:43:10 AM,1.27
10066,5/10/2024 8:43:20 AM,1.29
10066,5/10/2024 8:43:30 AM,1.32
10066,5/10/2024 8:43:40 AM,1.34
10066,5/10/2024 8:43:50 AM,1.37
10066,5/10/2024 8:44:00 AM,1.39
10066,5/10/2024 8:44:10 AM,1.42
10066,5/10/2024 8:44:20 AM,1.44
10066,5/10/2024 8:44:30 AM,1.47
10066,5/10/2024 8:44:40 AM,1.49
10066,5/10/2024 8:44:50 AM,1.52
10066,5/10/2024 8:45:00 AM,1.54
10066,5/10/2024 8:45:10 AM,1.57
10066,5/10/2024 8:45:20 AM,1.59
10066,5/10/2024 8:45:30 AM,1.62
10066,5/10/2024 8:45:40 AM,1.64
10066,5/10/2024 8:45:50 AM,1.67
10066,5/10/2024 8:46:00 AM,1.69
10066,5/10/2024 8:46:10 AM,1.57
10066,5/10/2024 8:46:20 AM,1.36
10066,5/10/2024 8:46:30 AM,1.16
10066,5/10/2024 8:46:40 AM,1.12
10066,5/10/2024 8:46:50 AM,1.15
10066,5/10/2024 8:47:00 AM,1.18
10066,5/10/2024 8:47:10 AM,1.21
10066,5/10/2024 8:47:20 AM,1.23
10066,5/10/2024 8:47:30 AM,1.26
10066,5/10/2024 8:47:40 AM,1.29
10066,5/10/2024 8:47:50 AM,1.32
10066,5/10/2024 8:48:00 AM,1.35
10066,5/10/2024 8:48:10 AM,1.38
10066,5/10/2024 8:48:20 AM,1.41
10066,5/10/2024 8:48:30 AM,1.43
10066,5/10/2024 8:48:40 AM,1.46
10066,5/10/2024 8:48:50 AM,1.49
10066,5/10/2024 8:49:00 AM,1.52
10066,5/10/2024 8:49:10 AM,1.55
10066,5/10/2024 8:49:20 AM,1.58
10066,5/10/2024 8:49:30 AM,1.61
10066,5/10/2024 8:49:40 AM,1.63
10066,5/10/2024 8:49:50 AM,1.66
10066,5/10/2024 8:50:00 AM,1.69
10066,5/10/2024 8:50:10 AM,1.72
10066,5/10/2024 8:50:20 AM,1.75
10066,5/10/2024 8:50:30 AM,1.78
10066,5/10/2024 8:50:40 AM,1.81
10066,5/10/2024 8:50:50 AM,1.83
10066,5/10/2024 8:51:00 AM,1.86
10066,5/10/2024 8:51:10 AM,1.89
10066,5/10/2024 8:51:20 AM,1.75
10066,5/10/2024 8:51:30 AM,1.52
10066,5/10/2024 8:51:40 AM,1.30
10066,5/10/2024 8:51:50 AM,1.07
10066,5/10/2024 8:52:00 AM,1.01
10066,5/10/2024 8:52:10 AM,1.02
10066,5/10/2024 8:52:20 AM,1.03
10066,5/10/2024 8:52:30 AM,1.04
10066,5/10/2024 8:52:40 AM,1.06
10066,5/10/2024 8:52:50 AM,1.07
10066,5/10/2024 8:53:00 AM,1.08
10066,5/10/2024 8:53:10 AM,1.09
10066,5/10/2024 8:53:20 AM,1.10
10066,5/10/2024 8:53:30 AM,1.11
10066,5/10/2024 8:53:40 AM,1.13
10066,5/10/2024 8:53:50 AM,1.14
10066,5/10/2024 8:54:00 AM,1.15
10066,5/10/2024 8:54:10 AM,1.16
10066,5/10/2024 8:54:20 AM,1.17
10066,5/10/2024 8:54:30 AM,1.19
10066,5/10/2024 8:54:40 AM,1.20
10066,5/10/2024 8:54:50 AM,1.21
10066,5/10/2024 8:55:00 AM,1.22
10066,5/10/2024 8:55:10 AM,1.23
10066,5/10/2024 8:55:20 AM,1.24
10066,5/10/2024 8:55:30 AM,1.26
10066,5/10/2024 8:55:40 AM,1.27
10066,5/10/2024 8:55:50 AM,1.28
10066,5/10/2024 8:56:00 AM,1.29
10066,5/10/2024 8:56:10 AM,1.30
10066,5/10/2024 8:56:20 AM,1.31
10066,5/10/2024 8:56:30 AM,1.33
10066,5/10/2024 8:56:40 AM,1.34
10066,5/10/2024 8:56:50 AM,1.35
10066,5/10/2024 8:57:00 AM,1.36
10066,5/10/2024 8:57:10 AM,1.37
10066,5/10/2024 8:57:20 AM,1.39
10066,5/10/2024 8:57:30 AM,1.40
10066,5/10/2024 8:57:40 AM,1.41
10066,5/10/2024 8:57:50 AM,1.42
10066,5/10/2024 8:58:00 AM,1.43
10066,5/10/2024 8:58:10 AM,1.44
10066,5/10/2024 8:58:20 AM,1.46
10066,5/10/2024 8:58:30 AM,1.47
10066,5/10/2024 8:58:40 AM,1.48
10066,5/10/2024 8:58:50 AM,1.49
10066,5/10/2024 8:59:00 AM,1.50
10066,5/10/2024 8:59:10 AM,1.51
10066,5/10/2024 8:59:20 AM,1.53
10066,5/10/2024 8:59:30 AM,1.54
10066,5/10/2024 8:59:40 AM,1.55
10066,5/10/2024 8:59:50 AM,1.56
10066,5/10/2024 9:00:00 AM,1.57
10066,5/10/2024 9:00:10 AM,1.59
10066,5/10/2024 9:00:20 AM,1.60
10066,5/10/2024 9:00:30 AM,1.61
10066,5/10/2024 9:00:40 AM,1.62
10066,5/10/2024 9:00:50 AM,1.63
10066,5/10/2024 9:01:00 AM,1.64
10066,5/10/2024 9:01:10 AM,1.66
10066,5/10/2024 9:01:20 AM,1.67
10066,5/10/2024 9:01:30 AM,1.68
10066,5/10/2024 9:01:40 AM,1.69
10066,5/10/2024 9:01:50 AM,1.70
10066,5/10/2024 9:02:00 AM,1.71
10066,5/10/2024 9:02:10 AM,1.73
10066,5/10/2024 9:02:20 AM,1.74
10066,5/10/2024 9:02:30 AM,1.75
10066,5/10/2024 9:02:40 AM,1.76
10066,5/10/2024 9:02:50 AM,1.77
10066,5/10/2024 9:03:00 AM,1.79
10066,5/10/2024 9:03:10 AM,1.80
10066,5/10/2024 9:03:20 AM,1.81
10066,5/10/2024 9:03:30 AM,1.82
10066,5/10/2024 9:03:40 AM,1.83
10066,5/10/2024 9:03:50 AM,1.84
10066,5/10/2024 9:04:00 AM,1.86
10066,5/10/2024 9:04:10 AM,1.87
10066,5/10/2024 9:04:20 AM,1.88
10066,5/10/2024 9:04:30 AM,1.89
10066,5/10/2024 9:04:40 AM,1.90
10066,5/10/2024 9:04:50 AM,1.91
10066,5/10/2024 9:05:00 AM,1.93
10066,5/10/2024 9:05:10 AM,1.94
10066,5/10/2024 9:05:20 AM,1.95
10066,5/10/2024 9:05:30 AM,1.96
10066,5/10/2024 9:05:40 AM,1.97
10066,5/10/2024 9:05:50 AM,1.99
10066,5/10/2024 9:06:00 AM,2.00
10066,5/10/2024 9:06:10 AM,1.94
10066,5/10/2024 9:06:20 AM,1.85
10066,5/10/2024 9:06:30 AM,1.77
10066,5/10/2024 9:06:40 AM,1.68
10066,5/10/2024 9:06:50 AM,1.59
10066,5/10/2024 9:07:00 AM,1.50
10066,5/10/2024 9:07:10 AM,1.42
10066,5/10/2024 9:07:20 AM,1.33
10066,5/10/2024 9:07:30 AM,1.33
10066,5/10/2024 9:07:40 AM,1.38
10066,5/10/2024 9:07:50 AM,1.43
10066,5/10/2024 9:08:00 AM,1.48
10066,5/10/2024 9:08:10 AM,1.52
10066,5/10/2024 9:08:20 AM,1.57
10066,5/10/2024 9:08:30 AM,1.62
10066,5/10/2024 9:08:40 AM,1.67
10066,5/10/2024 9:08:50 AM,1.71
10066,5/10/2024 9:09:00 AM,1.76
10066,5/10/2024 9:09:10 AM,1.81
10066,5/10/2024 9:09:20 AM,1.86
10066,5/10/2024 9:09:30 AM,1.90
10066,5/10/2024 9:09:40 AM,1.95
10066,5/10/2024 9:09:50 AM,2.00
10066,5/10/2024 9:10:00 AM,2.05
10066,5/10/2024 9:10:10 AM,2.09
10066,5/10/2024 9:10:20 AM,2.14
10066,5/10/2024 9:10:30 AM,2.19
10066,5/10/2024 9:10:40 AM,2.24
10066,5/10/2024 9:10:50 AM,2.29
10066,5/10/2024 9:11:00 AM,2.05
10066,5/10/2024 9:11:10 AM,1.69
10066,5/10/2024 9:11:20 AM,1.32
10066,5/10/2024 9:11:30 AM,1.19
10066,5/10/2024 9:11:40 AM,1.18
10066,5/10/2024 9:11:50 AM,1.17
10066,5/10/2024 9:12:00 AM,1.15
10066,5/10/2024 9:12:10 AM,1.14
10066,5/10/2024 9:12:20 AM,1.13
10066,5/10/2024 9:12:30 AM,1.11
10066,5/10/2024 9:12:40 AM,1.10
10066,5/10/2024 9:12:50 AM,1.09
10066,5/10/2024 9:13:00 AM,1.07
10066,5/10/2024 9:13:10 AM,1.06
10066,5/10/2024 9:13:20 AM,1.05
10066,5/10/2024 9:13:30 AM,1.04
10066,5/10/2024 9:13:40 AM,1.02
10066,5/10/2024 9:13:50 AM,1.01
10066,5/10/2024 9:14:00 AM,1.00
10066,5/10/2024 9:14:10 AM,0.98
10066,5/10/2024 9:14:20 AM,0.97
10066,5/10/2024 9:14:30 AM,0.96
10066,5/10/2024 9:14:40 AM,0.94
10066,5/10/2024 9:14:50 AM,0.93
10066,5/10/2024 9:15:00 AM,0.92
10066,5/10/2024 9:15:10 AM,0.90
10066,5/10/2024 9:15:20 AM,0.95
10066,5/10/2024 9:15:30 AM,1.03
10066,5/10/2024 9:15:40 AM,1.11
10066,5/10/2024 9:15:50 AM,1.19
10066,5/10/2024 9:16:00 AM,1.27
10066,5/10/2024 9:16:10 AM,1.36
10066,5/10/2024 9:16:20 AM,1.44
10066,5/10/2024 9:16:30 AM,1.52
10066,5/10/2024 9:16:40 AM,1.60
10066,5/10/2024 9:16:50 AM,1.68
10066,5/10/2024 9:17:00 AM,1.55
10066,5/10/2024 9:17:10 AM,1.32
10066,5/10/2024 9:17:20 AM,1.10
10066,5/10/2024 9:17:30 AM,0.87
10066,5/10/2024 9:17:40 AM,0.81
10066,5/10/2024 9:17:50 AM,0.82
10066,5/10/2024 9:18:00 AM,0.83
10066,5/10/2024 9:18:10 AM,0.83
10066,5/10/2024 9:18:20 AM,0.84
10066,5/10/2024 9:18:30 AM,0.85
10066,5/10/2024 9:18:40 AM,0.86
10066,5/10/2024 9:18:50 AM,0.87
10066,5/10/2024 9:19:00 AM,0.88
10066,5/10/2024 9:19:10 AM,0.89
10066,5/10/2024 9:19:20 AM,0.90
10066,5/10/2024 9:19:30 AM,0.91
10066,5/10/2024 9:19:40 AM,0.92
10066,5/10/2024 9:19:50 AM,0.93
10066,5/10/2024 9:20:00 AM,0.94
10066,5/10/2024 9:20:10 AM,0.94
10066,5/10/2024 9:20:20 AM,0.95
10066,5/10/2024 9:20:30 AM,0.96
10066,5/10/2024 9:20:40 AM,0.97
10066,5/10/2024 9:20:50 AM,0.98
10066,5/10/2024 9:21:00 AM,0.99
10066,5/10/2024 9:21:10 AM,1.00
10066,5/10/2024 9:21:20 AM,1.01
10066,5/10/2024 9:21:30 AM,1.02
10066,5/10/2024 9:21:40 AM,1.03
10066,5/10/2024 9:21:50 AM,1.04
10066,5/10/2024 9:22:00 AM,1.05
10066,5/10/2024 9:22:10 AM,1.05
10066,5/10/2024 9:22:20 AM,1.06
10066,5/10/2024 9:22:30 AM,1.07
10066,5/10/2024 9:22:40 AM,1.08
10066,5/10/2024 9:22:50 AM,1.09
10066,5/10/2024 9:23:00 AM,1.10
10066,5/10/2024 9:23:10 AM,1.11
10066,5/10/2024 9:23:20 AM,1.12
10066,5/10/2024 9:23:30 AM,1.13
10066,5/10/2024 9:23:40 AM,1.14
10066,5/10/2024 9:23:50 AM,1.15
10066,5/10/2024 9:24:00 AM,1.16
10066,5/10/2024 9:24:10 AM,1.17
10066,5/10/2024 9:24:20 AM,1.17
10066,5/10/2024 9:24:30 AM,1.18
10066,5/10/2024 9:24:40 AM,1.19
10066,5/10/2024 9:24:50 AM,1.20
10066,5/10/2024 9:25:00 AM,1.21
10066,5/10/2024 9:25:10 AM,1.22
10066,5/10/2024 9:25:20 AM,1.23
10066,5/10/2024 9:25:30 AM,1.24
10066,5/10/2024 9:25:40 AM,1.25
10066,5/10/2024 9:25:50 AM,1.26
10066,5/10/2024 9:26:00 AM,1.27
10066,5/10/2024 9:26:10 AM,1.28
10066,5/10/2024 9:26:20 AM,1.28
10066,5/10/2024 9:26:30 AM,1.29
10066,5/10/2024 9:26:40 AM,1.30
10066,5/10/2024 9:26:50 AM,1.31
10066,5/10/2024 9:27:00 AM,1.32
10066,5/10/2024 9:27:10 AM,1.33
10066,5/10/2024 9:27:20 AM,1.34
10066,5/10/2024 9:27:30 AM,1.35
10066,5/10/2024 9:27:40 AM,1.36
10066,5/10/2024 9:27:50 AM,1.37
10066,5/10/2024 9:28:00 AM,1.38
10066,5/10/2024 9:28:10 AM,1.39
10066,5/10/2024 9:28:20 AM,1.39
10066,5/10/2024 9:28:30 AM,1.40
10066,5/10/2024 9:28:40 AM,1.41
10066,5/10/2024 9:28:50 AM,1.42
10066,5/10/2024 9:29:00 AM,1.43
10066,5/10/2024 9:29:10 AM,1.44
10066,5/10/2024 9:29:20 AM,1.45
10066,5/10/2024 9:29:30 AM,1.46
10066,5/10/2024 9:29:40 AM,1.47
10066,5/10/2024 9:29:50 AM,1.48
10066,5/10/2024 9:30:00 AM,1.49
10066,5/10/2024 9:30:10 AM,1.50
10066,5/10/2024 9:30:20 AM,1.50
10066,5/10/2024 9:30:30 AM,1.49
10066,5/10/2024 9:30:40 AM,1.49
10066,5/10/2024 9:30:50 AM,1.49
10066,5/10/2024 9:31:00 AM,1.48
10066,5/10/2024 9:31:10 AM,1.48
10066,5/10/2024 9:31:20 AM,1.48
10066,5/10/2024 9:31:30 AM,1.47
10066,5/10/2024 9:31:40 AM,1.47
10066,5/10/2024 9:31:50 AM,1.46
10066,5/10/2024 9:32:00 AM,1.46
10066,5/10/2024 9:32:10 AM,1.46
10066,5/10/2024 9:32:20 AM,1.45
10066,5/10/2024 9:32:30 AM,1.45
10066,5/10/2024 9:32:40 AM,1.44
10066,5/10/2024 9:32:50 AM,1.44
10066,5/10/2024 9:33:00 AM,1.44
10066,5/10/2024 9:33:10 AM,1.43
10066,5/10/2024 9:33:20 AM,1.43
10066,5/10/2024 9:33:30 AM,1.42
10066,5/10/2024 9:33:40 AM,1.42
10066,5/10/2024 9:33:50 AM,1.42
10066,5/10/2024 9:34:00 AM,1.41
10066,5/10/2024 9:34:10 AM,1.41
10066,5/10/2024 9:34:20 AM,1.41
10066,5/10/2024 9:34:30 AM,1.40
10066,5/10/2024 9:34:40 AM,1.40
10066,5/10/2024 9:34:50 AM,1.39
10066,5/10/2024 9:35:00 AM,1.39
10066,5/10/2024 9:35:10 AM,1.39
10066,5/10/2024 9:35:20 AM,1.38
10066,5/10/2024 9:35:30 AM,1.38
10066,5/10/2024 9:35:40 AM,1.37
10066,5/10/2024 9:35:50 AM,1.37
10066,5/10/2024 9:36:00 AM,1.37
10066,5/10/2024 9:36:10 AM,1.36
10066,5/10/2024 9:36:20 AM,1.36
10066,5/10/2024 9:36:30 AM,1.35
10066,5/10/2024 9:36:40 AM,1.35
10066,5/10/2024 9:36:50 AM,1.35
10066,5/10/2024 9:37:00 AM,1.34
10066,5/10/2024 9:37:10 AM,1.34
10066,5/10/2024 9:37:20 AM,1.34
10066,5/10/2024 9:37:30 AM,1.33
10066,5/10/2024 9:37:40 AM,1.33
10066,5/10/2024 9:37:50 AM,1.32
10066,5/10/2024 9:38:00 AM,1.32
10066,5/10/2024 9:38:10 AM,1.32
10066,5/10/2024 9:38:20 AM,1.31
10066,5/10/2024 9:38:30 AM,1.31
10066,5/10/2024 9:38:40 AM,1.30
10066,5/10/2024 9:38:50 AM,1.30
10066,5/10/2024 9:39:00 AM,1.30
10066,5/10/2024 9:39:10 AM,1.29
10066,5/10/2024 9:39:20 AM,1.29
10066,5/10/2024 9:39:30 AM,1.28
10066,5/10/2024 9:39:40 AM,1.28
10066,5/10/2024 9:39:50 AM,1.28
10066,5/10/2024 9:40:00 AM,1.27
10066,5/10/2024 9:40:10 AM,1.27
10066,5/10/2024 9:40:20 AM,1.27
10066,5/10/2024 9:40:30 AM,1.26
10066,5/10/2024 9:40:40 AM,1.26
10066,5/10/2024 9:40:50 AM,1.25
10066,5/10/2024 9:41:00 AM,1.25
10066,5/10/2024 9:41:10 AM,1.25
10066,5/10/2024 9:41:20 AM,1.24
10066,5/10/2024 9:41:30 AM,1.24
10066,5/10/2024 9:41:40 AM,1.23
10066,5/10/2024 9:41:50 AM,1.23
10066,5/10/2024 9:42:00 AM,1.23
10066,5/10/2024 9:42:10 AM,1.22
10066,5/10/2024 9:42:20 AM,1.22
10066,5/10/2024 9:42:30 AM,1.21
10066,5/10/2024 9:42:40 AM,1.21
10066,5/10/2024 9:42:50 AM,1.21
10066,5/10/2024 9:43:00 AM,1.20
10066,5/10/2024 9:43:10 AM,1.20
10066,5/10/2024 9:43:20 AM,1.20
10066,5/10/2024 9:43:30 AM,1.19
10066,5/10/2024 9:43:40 AM,1.19
10066,5/10/2024 9:43:50 AM,1.18
10066,5/10/2024 9:44:00 AM,1.18
10066,5/10/2024 9:44:10 AM,1.18
10066,5/10/2024 9:44:20 AM,1.17
10066,5/10/2024 9:44:30 AM,1.17
10066,5/10/2024 9:44:40 AM,1.16
10066,5/10/2024 9:44:50 AM,1.16
10066,5/10/2024 9:45:00 AM,1.16
10066,5/10/2024 9:45:10 AM,1.15
10066,5/10/2024 9:45:20 AM,1.15
10066,5/10/2024 9:45:30 AM,1.14
10066,5/10/2024 9:45:40 AM,1.14
10066,5/10/2024 9:45:50 AM,1.14
10066,5/10/2024 9:46:00 AM,1.13
10066,5/10/2024 9:46:10 AM,1.13
10066,5/10/2024 9:46:20 AM,1.13
10066,5/10/2024 9:46:30 AM,1.12
10066,5/10/2024 9:46:40 AM,1.12
10066,5/10/2024 9:46:50 AM,1.11
10066,5/10/2024 9:47:00 AM,1.11
10066,5/10/2024 9:47:10 AM,1.11
10066,5/10/2024 9:47:20 AM,1.10
10066,5/10/2024 9:47:30 AM,1.10
10066,5/10/2024 9:47:40 AM,1.09
10066,5/10/2024 9:47:50 AM,1.09
10066,5/10/2024 9:48:00 AM,1.09
10066,5/10/2024 9:48:10 AM,1.08
10066,5/10/2024 9:48:20 AM,1.08
10066,5/10/2024 9:48:30 AM,1.07
10066,5/10/2024 9:48:40 AM,1.07
10066,5/10/2024 9:48:50 AM,1.07
10066,5/10/2024 9:49:00 AM,1.06
10066,5/10/2024 9:49:10 AM,1.06
10066,5/10/2024 9:49:20 AM,1.06
10066,5/10/2024 9:49:30 AM,1.05
10066,5/10/2024 9:49:40 AM,1.05
10066,5/10/2024 9:49:50 AM,1.04
10066,5/10/2024 9:50:00 AM,1.04
10066,5/10/2024 9:50:10 AM,1.04
10066,5/10/2024 9:50:20 AM,1.03
10066,5/10/2024 9:50:30 AM,1.03
10066,5/10/2024 9:50:40 AM,1.02
10066,5/10/2024 9:50:50 AM,1.02
10066,5/10/2024 9:51:00 AM,1.02
10066,5/10/2024 9:51:10 AM,1.01
10066,5/10/2024 9:51:20 AM,1.01
10066,5/10/2024 9:51:30 AM,1.00
10066,5/10/2024 9:51:40 AM,1.00
10066,5/10/2024 9:51:50 AM,1.00
10066,5/10/2024 9:52:00 AM,0.99
10066,5/10/2024 9:52:10 AM,0.99
10066,5/10/2024 9:52:20 AM,0.99
10066,5/10/2024 9:52:30 AM,0.98
10066,5/10/2024 9:52:40 AM,0.98
10066,5/10/2024 9:52:50 AM,0.97
10066,5/10/2024 9:53:00 AM,0.97
10066,5/10/2024 9:53:10 AM,0.97
10066,5/10/2024 9:53:20 AM,0.96
10066,5/10/2024 9:53:30 AM,0.96
10066,5/10/2024 9:53:40 AM,0.95
10066,5/10/2024 9:53:50 AM,0.95
10066,5/10/2024 9:54:00 AM,0.95
10066,5/10/2024 9:54:10 AM,0.94
10066,5/10/2024 9:54:20 AM,0.94
10066,5/10/2024 9:54:30 AM,0.93
10066,5/10/2024 9:54:40 AM,0.93
10066,5/10/2024 9:54:50 AM,0.93
10066,5/10/2024 9:55:00 AM,0.92
10066,5/10/2024 9:55:10 AM,0.92
10066,5/10/2024 9:55:20 AM,0.92
10066,5/10/2024 9:55:30 AM,0.91
10066,5/10/2024 9:55:40 AM,0.91
10066,5/10/2024 9:55:50 AM,0.90
10066,5/10/2024 9:56:00 AM,0.90
10066,5/10/2024 9:56:10 AM,0.90
10066,5/10/2024 9:56:20 AM,0.89
10066,5/10/2024 9:56:30 AM,0.89
10066,5/10/2024 9:56:40 AM,0.88
10066,5/10/2024 9:56:50 AM,0.88
10066,5/10/2024 9:57:00 AM,0.88
10066,5/10/2024 9:57:10 AM,0.87
10066,5/10/2024 9:57:20 AM,0.87
10066,5/10/2024 9:57:30 AM,0.86
10066,5/10/2024 9:57:40 AM,0.86
10066,5/10/2024 9:57:50 AM,0.86
10066,5/10/2024 9:58:00 AM,0.85
10066,5/10/2024 9:58:10 AM,0.85
10066,5/10/2024 9:58:20 AM,0.85
10066,5/10/2024 9:58:30 AM,0.84
10066,5/10/2024 9:58:40 AM,0.84
10066,5/10/2024 9:58:50 AM,0.83
10066,5/10/2024 9:59:00 AM,0.83
10066,5/10/2024 9:59:10 AM,0.83
10066,5/10/2024 9:59:20 AM,0.82
10066,5/10/2024 9:59:30 AM,0.82
10066,5/10/2024 9:59:40 AM,0.81
10066,5/10/2024 9:59:50 AM,0.81
10066,5/10/2024 10:00:00 AM,0.81
10066,5/10/2024 10:00:10 AM,0.80
10066,5/10/2024 10:00:20 AM,0.80
10066,5/10/2024 10:00:30 AM,0.81
10066,5/10/2024 10:00:40 AM,0.81
10066,5/10/2024 10:00:50 AM,0.82
10066,5/10/2024 10:01:00 AM,0.82
10066,5/10/2024 10:01:10 AM,0.82
10066,5/10/2024 10:01:20 AM,0.83
10066,5/10/2024 10:01:30 AM,0.83
10066,5/10/2024 10:01:40 AM,0.84
10066,5/10/2024 10:01:50 AM,0.84
10066,5/10/2024 10:02:00 AM,0.85
10066,5/10/2024 10:02:10 AM,0.85
10066,5/10/2024 10:02:20 AM,0.86
10066,5/10/2024 10:02:30 AM,0.86
10066,5/10/2024 10:02:40 AM,0.87
10066,5/10/2024 10:02:50 AM,0.87
10066,5/10/2024 10:03:00 AM,0.87
10066,5/10/2024 10:03:10 AM,0.88
10066,5/10/2024 10:03:20 AM,0.88
10066,5/10/2024 10:03:30 AM,0.89
10066,5/10/2024 10:03:40 AM,0.89
10066,5/10/2024 10:03:50 AM,0.90
10066,5/10/2024 10:04:00 AM,0.90
10066,5/10/2024 10:04:10 AM,0.91
10066,5/10/2024 10:04:20 AM,0.91
10066,5/10/2024 10:04:30 AM,0.91
10066,5/10/2024 10:04:40 AM,0.92
10066,5/10/2024 10:04:50 AM,0.92
10066,5/10/2024 10:05:00 AM,0.93
10066,5/10/2024 10:05:10 AM,0.93
10066,5/10/2024 10:05:20 AM,0.94
10066,5/10/2024 10:05:30 AM,0.94
10066,5/10/2024 10:05:40 AM,0.95
10066,5/10/2024 10:05:50 AM,0.95
10066,5/10/2024 10:06:00 AM,0.95
10066,5/10/2024 10:06:10 AM,0.96
10066,5/10/2024 10:06:20 AM,0.96
10066,5/10/2024 10:06:30 AM,0.97
10066,5/10/2024 10:06:40 AM,0.97
10066,5/10/2024 10:06:50 AM,0.98
10066,5/10/2024 10:07:00 AM,0.98
10066,5/10/2024 10:07:10 AM,0.99
10066,5/10/2024 10:07:20 AM,0.99
10066,5/10/2024 10:07:30 AM,0.99
10066,5/10/2024 10:07:40 AM,1.00
10066,5/10/2024 10:07:50 AM,1.00
10066,5/10/2024 10:08:00 AM,1.01
10066,5/10/2024 10:08:10 AM,1.01
10066,5/10/2024 10:08:20 AM,1.02
10066,5/10/2024 10:08:30 AM,1.02
10066,5/10/2024 10:08:40 AM,1.03
10066,5/10/2024 10:08:50 AM,1.03
10066,5/10/2024 10:09:00 AM,1.03
10066,5/10/2024 10:09:10 AM,1.04
10066,5/10/2024 10:09:20 AM,1.04
10066,5/10/2024 10:09:30 AM,1.05
10066,5/10/2024 10:09:40 AM,1.05
10066,5/10/2024 10:09:50 AM,1.06
10066,5/10/2024 10:10:00 AM,1.06
10066,5/10/2024 10:10:10 AM,1.07
10066,5/10/2024 10:10:20 AM,1.07
10066,5/10/2024 10:10:30 AM,1.07
10066,5/10/2024 10:10:40 AM,1.08
10066,5/10/2024 10:10:50 AM,1.08
10066,5/10/2024 10:11:00 AM,1.09
10066,5/10/2024 10:11:10 AM,1.09
10066,5/10/2024 10:11:20 AM,1.10
10066,5/10/2024 10:11:30 AM,1.10
10066,5/10/2024 10:11:40 AM,1.11
10066,5/10/2024 10:11:50 AM,1.11
10066,5/10/2024 10:12:00 AM,1.11
10066,5/10/2024 10:12:10 AM,1.12
10066,5/10/2024 10:12:20 AM,1.12
10066,5/10/2024 10:12:30 AM,1.13
10066,5/10/2024 10:12:40 AM,1.13
10066,5/10/2024 10:12:50 AM,1.14
10066,5/10/2024 10:13:00 AM,1.14
10066,5/10/2024 10:13:10 AM,1.15
10066,5/10/2024 10:13:20 AM,1.15
10066,5/10/2024 10:13:30 AM,1.15
10066,5/10/2024 10:13:40 AM,1.16
10066,5/10/2024 10:13:50 AM,1.16
10066,5/10/2024 10:14:00 AM,1.17
10066,5/10/2024 10:14:10 AM,1.17
10066,5/10/2024 10:14:20 AM,1.18
10066,5/10/2024 10:14:30 AM,1.18
10066,5/10/2024 10:14:40 AM,1.19
10066,5/10/2024 10:14:50 AM,1.19
10066,5/10/2024 10:15:00 AM,1.19
10066,5/10/2024 10:15:10 AM,1.20
10066,5/10/2024 10:15:20 AM,1.26
10066,5/10/2024 10:15:30 AM,1.34
10066,5/10/2024 10:15:40 AM,1.42
10066,5/10/2024 10:15:50 AM,1.50
10066,5/10/2024 10:16:00 AM,1.58
10066,5/10/2024 10:16:10 AM,1.66
10066,5/10/2024 10:16:20 AM,1.75
10066,5/10/2024 10:16:30 AM,1.83
10066,5/10/2024 10:16:40 AM,1.91
10066,5/10/2024 10:16:50 AM,1.99
10066,5/10/2024 10:17:00 AM,2.07
10066,5/10/2024 10:17:10 AM,1.83
10066,5/10/2024 10:17:20 AM,1.43
10066,5/10/2024 10:17:30 AM,1.03
10066,5/10/2024 10:17:40 AM,0.91
10066,5/10/2024 10:17:50 AM,0.93
10066,5/10/2024 10:18:00 AM,0.95
10066,5/10/2024 10:18:10 AM,0.97
10066,5/10/2024 10:18:20 AM,0.99
10066,5/10/2024 10:18:30 AM,1.00
10066,5/10/2024 10:18:40 AM,1.02
10066,5/10/2024 10:18:50 AM,1.04
10066,5/10/2024 10:19:00 AM,1.06
10066,5/10/2024 10:19:10 AM,1.08
10066,5/10/2024 10:19:20 AM,1.09
10066,5/10/2024 10:19:30 AM,1.11
10066,5/10/2024 10:19:40 AM,1.13
10066,5/10/2024 10:19:50 AM,1.15
10066,5/10/2024 10:20:00 AM,1.17
10066,5/10/2024 10:20:10 AM,1.19
10066,5/10/2024 10:20:20 AM,1.20
10066,5/10/2024 10:20:30 AM,1.22
10066,5/10/2024 10:20:40 AM,1.24
10066,5/10/2024 10:20:50 AM,1.26
10066,5/10/2024 10:21:00 AM,1.28
10066,5/10/2024 10:21:10 AM,1.29
10066,5/10/2024 10:21:20 AM,1.31
10066,5/10/2024 10:21:30 AM,1.33
10066,5/10/2024 10:21:40 AM,1.35
10066,5/10/2024 10:21:50 AM,1.37
10066,5/10/2024 10:22:00 AM,1.39
10066,5/10/2024 10:22:10 AM,1.40
10066,5/10/2024 10:22:20 AM,1.42
10066,5/10/2024 10:22:30 AM,1.44
10066,5/10/2024 10:22:40 AM,1.46
10066,5/10/2024 10:22:50 AM,1.48
10066,5/10/2024 10:23:00 AM,1.49
10066,5/10/2024 10:23:10 AM,1.49
10066,5/10/2024 10:23:20 AM,1.47
10066,5/10/2024 10:23:30 AM,1.46
10066,5/10/2024 10:23:40 AM,1.44
10066,5/10/2024 10:23:50 AM,1.43
10066,5/10/2024 10:24:00 AM,1.41
10066,5/10/2024 10:24:10 AM,1.39
10066,5/10/2024 10:24:20 AM,1.38
10066,5/10/2024 10:24:30 AM,1.36
10066,5/10/2024 10:24:40 AM,1.35
10066,5/10/2024 10:24:50 AM,1.33
10066,5/10/2024 10:25:00 AM,1.31
10066,5/10/2024 10:25:10 AM,1.30
10066,5/10/2024 10:25:20 AM,1.28
10066,5/10/2024 10:25:30 AM,1.27
10066,5/10/2024 10:25:40 AM,1.25
10066,5/10/2024 10:25:50 AM,1.23
10066,5/10/2024 10:26:00 AM,1.22
10066,5/10/2024 10:26:10 AM,1.20
10066,5/10/2024 10:26:20 AM,1.19
10066,5/10/2024 10:26:30 AM,1.17
10066,5/10/2024 10:26:40 AM,1.15
10066,5/10/2024 10:26:50 AM,1.14
10066,5/10/2024 10:27:00 AM,1.12
10066,5/10/2024 10:27:10 AM,1.11
10066,5/10/2024 10:27:20 AM,1.07
10066,5/10/2024 10:27:30 AM,1.02
10066,5/10/2024 10:27:40 AM,0.97
10066,5/10/2024 10:27:50 AM,0.92
10066,5/10/2024 10:28:00 AM,0.87
10066,5/10/2024 10:28:10 AM,0.82
10066,5/10/2024 10:28:20 AM,0.77
10066,5/10/2024 10:28:30 AM,0.72
10066,5/10/2024 10:28:40 AM,0.67
10066,5/10/2024 10:28:50 AM,0.62
10066,5/10/2024 10:29:00 AM,0.57
10066,5/10/2024 10:29:10 AM,0.52
10066,5/10/2024 10:29:20 AM,0.47
10066,5/10/2024 10:29:30 AM,0.42
10066,5/10/2024 10:29:40 AM,0.37
10066,5/10/2024 10:29:50 AM,0.32
10066,5/10/2024 10:30:00 AM,0.27
10066,5/10/2024 10:30:10 AM,0.22
10066,5/10/2024 10:30:20 AM,0.40
10066,5/10/2024 10:30:30 AM,0.70
10066,5/10/2024 10:30:40 AM,1.00
10066,5/10/2024 10:30:50 AM,1.10
10066,5/10/2024 10:31:00 AM,1.10
10066,5/10/2024 10:31:10 AM,1.10
10066,5/10/2024 10:31:20 AM,1.10
10066,5/10/2024 10:31:30 AM,1.10
10066,5/10/2024 10:31:40 AM,1.10
10066,5/10/2024 10:31:50 AM,1.10
10066,5/10/2024 10:32:00 AM,1.10
10066,5/10/2024 10:32:10 AM,1.10
10066,5/10/2024 10:32:20 AM,1.10
10066,5/10/2024 10:32:30 AM,1.10
10066,5/10/2024 10:32:40 AM,1.10
10066,5/10/2024 10:32:50 AM,1.10
10066,5/10/2024 10:33:00 AM,1.10
10066,5/10/2024 10:33:10 AM,1.10
10066,5/10/2024 10:33:20 AM,1.10
10066,5/10/2024 10:33:30 AM,1.10
10066,5/10/2024 10:33:40 AM,1.10
10066,5/10/2024 10:33:50 AM,1.10
10066,5/10/2024 10:34:00 AM,1.10
10066,5/10/2024 10:34:10 AM,1.10
10066,5/10/2024 10:34:20 AM,1.03
10066,5/10/2024 10:34:30 AM,0.93
10066,5/10/2024 10:34:40 AM,0.83
10066,5/10/2024 10:34:50 AM,0.73
10066,5/10/2024 10:35:00 AM,0.63
10066,5/10/2024 10:35:10 AM,0.53
10066,5/10/2024 10:35:20 AM,0.43
10066,5/10/2024 10:35:30 AM,0.33
10066,5/10/2024 10:35:40 AM,0.85
10066,5/10/2024 10:35:50 AM,1.08
10066,5/10/2024 10:36:00 AM,1.05
10066,5/10/2024 10:36:10 AM,1.02
10066,5/10/2024 10:36:20 AM,1.00
10066,5/10/2024 10:36:30 AM,0.97
10066,5/10/2024 10:36:40 AM,0.94
10066,5/10/2024 10:36:50 AM,0.91
10066,5/10/2024 10:37:00 AM,0.88
10066,5/10/2024 10:37:10 AM,0.85
10066,5/10/2024 10:37:20 AM,0.82
10066,5/10/2024 10:37:30 AM,0.80
10066,5/10/2024 10:37:40 AM,0.77
10066,5/10/2024 10:37:50 AM,0.74
10066,5/10/2024 10:38:00 AM,0.71
10066,5/10/2024 10:38:10 AM,0.68
10066,5/10/2024 10:38:20 AM,0.65
10066,5/10/2024 10:38:30 AM,0.62
10066,5/10/2024 10:38:40 AM,0.60
10066,5/10/2024 10:38:50 AM,0.57
10066,5/10/2024 10:39:00 AM,0.54
10066,5/10/2024 10:39:10 AM,0.51
10066,5/10/2024 10:39:20 AM,0.83
10066,5/10/2024 10:39:30 AM,1.34
10066,5/10/2024 10:39:40 AM,1.39
10066,5/10/2024 10:39:50 AM,1.24
10066,5/10/2024 10:40:00 AM,1.08
10066,5/10/2024 10:40:10 AM,0.92
10066,5/10/2024 10:40:20 AM,0.76
10066,5/10/2024 10:40:30 AM,0.61
10066,5/10/2024 10:40:40 AM,0.45
10066,5/10/2024 10:40:50 AM,0.57
10066,5/10/2024 10:41:00 AM,0.81
10066,5/10/2024 10:41:10 AM,1.05
10066,5/10/2024 10:41:20 AM,1.29
10066,5/10/2024 10:41:30 AM,1.54
10066,5/10/2024 10:41:40 AM,1.78
10066,5/10/2024 10:41:50 AM,2.02
10066,5/10/2024 10:42:00 AM,1.88
10066,5/10/2024 10:42:10 AM,1.56
10066,5/10/2024 10:42:20 AM,1.23
10066,5/10/2024 10:42:30 AM,0.91
10066,5/10/2024 10:42:40 AM,0.96
10066,5/10/2024 10:42:50 AM,1.19
10066,5/10/2024 10:43:00 AM,1.42
10066,5/10/2024 10:43:10 AM,1.48
10066,5/10/2024 10:43:20 AM,1.45
10066,5/10/2024 10:43:30 AM,1.42
10066,5/10/2024 10:43:40 AM,1.39
10066,5/10/2024 10:43:50 AM,1.36
10066,5/10/2024 10:44:00 AM,1.33
10066,5/10/2024 10:44:10 AM,1.30
10066,5/10/2024 10:44:20 AM,1.27
10066,5/10/2024 10:44:30 AM,1.24
10066,5/10/2024 10:44:40 AM,1.21
10066,5/10/2024 10:44:50 AM,1.18
10066,5/10/2024 10:45:00 AM,1.15
10066,5/10/2024 10:45:10 AM,1.12
10066,5/10/2024 10:45:20 AM,1.06
10066,5/10/2024 10:45:30 AM,0.98
10066,5/10/2024 10:45:40 AM,0.89
10066,5/10/2024 10:45:50 AM,0.81
10066,5/10/2024 10:46:00 AM,0.73
10066,5/10/2024 10:46:10 AM,0.67
10066,5/10/2024 10:46:20 AM,0.62
10066,5/10/2024 10:46:30 AM,0.58
10066,5/10/2024 10:46:40 AM,0.53
10066,5/10/2024 10:46:50 AM,0.48
10066,5/10/2024 10:47:00 AM,0.44
10066,5/10/2024 10:47:10 AM,0.39
10066,5/10/2024 10:47:20 AM,0.35
10066,5/10/2024 10:47:30 AM,0.30
10066,5/10/2024 10:47:40 AM,0.25
10066,5/10/2024 10:47:50 AM,0.21
10066,5/10/2024 10:48:00 AM,0.16
10066,5/10/2024 10:48:10 AM,0.11
10066,5/10/2024 10:48:20 AM,0.39
10066,5/10/2024 10:48:30 AM,0.82
10066,5/10/2024 10:48:40 AM,1.24
10066,5/10/2024 10:48:50 AM,1.66
10066,5/10/2024 10:49:00 AM,1.73
10066,5/10/2024 10:49:10 AM,1.63
10066,5/10/2024 10:49:20 AM,1.53
10066,5/10/2024 10:49:30 AM,1.43
10066,5/10/2024 10:49:40 AM,1.33
10066,5/10/2024 10:49:50 AM,1.23
10066,5/10/2024 10:50:00 AM,1.13
10066,5/10/2024 10:50:10 AM,1.03
10066,5/10/2024 10:50:20 AM,0.93
10066,5/10/2024 10:50:30 AM,0.83
10066,5/10/2024 10:50:40 AM,0.73
10066,5/10/2024 10:50:50 AM,0.63
10066,5/10/2024 10:51:00 AM,0.53
10066,5/10/2024 10:51:10 AM,0.43
10066,5/10/2024 10:51:20 AM,0.50
10066,5/10/2024 10:51:30 AM,0.65
10066,5/10/2024 10:51:40 AM,0.80
10066,5/10/2024 10:51:50 AM,0.95
10066,5/10/2024 10:52:00 AM,1.10
10066,5/10/2024 10:52:10 AM,1.25
10066,5/10/2024 10:52:20 AM,1.40
10066,5/10/2024 10:52:30 AM,1.55
10066,5/10/2024 10:52:40 AM,1.19
10066,5/10/2024 10:52:50 AM,0.59
10066,5/10/2024 10:53:00 AM,0.54
10066,5/10/2024 10:53:10 AM,0.74
10066,5/10/2024 10:53:20 AM,0.94
10066,5/10/2024 10:53:30 AM,1.14
10066,5/10/2024 10:53:40 AM,1.34
10066,5/10/2024 10:53:50 AM,1.54
10066,5/10/2024 10:54:00 AM,1.45
10066,5/10/2024 10:54:10 AM,1.22
10066,5/10/2024 10:54:20 AM,1.00
10066,5/10/2024 10:54:30 AM,0.77
10066,5/10/2024 10:54:40 AM,0.75
10066,5/10/2024 10:54:50 AM,0.83
10066,5/10/2024 10:55:00 AM,0.91
10066,5/10/2024 10:55:10 AM,0.99
10066,5/10/2024 10:55:20 AM,1.07
10066,5/10/2024 10:55:30 AM,1.15
10066,5/10/2024 10:55:40 AM,1.23
10066,5/10/2024 10:55:50 AM,1.31
10066,5/10/2024 10:56:00 AM,1.39
10066,5/10/2024 10:56:10 AM,1.47
10066,5/10/2024 10:56:20 AM,1.38
10066,5/10/2024 10:56:30 AM,1.21
10066,5/10/2024 10:56:40 AM,1.03
10066,5/10/2024 10:56:50 AM,0.86
10066,5/10/2024 10:57:00 AM,0.83
10066,5/10/2024 10:57:10 AM,0.87
10066,5/10/2024 10:57:20 AM,0.91
10066,5/10/2024 10:57:30 AM,0.95
10066,5/10/2024 10:57:40 AM,0.99
10066,5/10/2024 10:57:50 AM,1.03
10066,5/10/2024 10:58:00 AM,1.08
10066,5/10/2024 10:58:10 AM,1.12
10066,5/10/2024 10:58:20 AM,1.16
10066,5/10/2024 10:58:30 AM,1.20
10066,5/10/2024 10:58:40 AM,1.24
10066,5/10/2024 10:58:50 AM,1.28
10066,5/10/2024 10:59:00 AM,1.32
10066,5/10/2024 10:59:10 AM,1.36
10066,5/10/2024 10:59:20 AM,1.41
10066,5/10/2024 10:59:30 AM,1.45
10066,5/10/2024 10:59:40 AM,1.49
10066,5/10/2024 10:59:50 AM,1.31
10066,5/10/2024 11:00:00 AM,1.04
10066,5/10/2024 11:00:10 AM,0.76
10066,5/10/2024 11:00:20 AM,0.49
10066,5/10/2024 11:00:30 AM,0.48
10066,5/10/2024 11:00:40 AM,0.59
10066,5/10/2024 11:00:50 AM,0.70
10066,5/10/2024 11:01:00 AM,0.81
10066,5/10/2024 11:01:10 AM,0.92
10066,5/10/2024 11:01:20 AM,1.03
10066,5/10/2024 11:01:30 AM,1.14
10066,5/10/2024 11:01:40 AM,1.25
10066,5/10/2024 11:01:50 AM,1.37
10066,5/10/2024 11:02:00 AM,1.17
10066,5/10/2024 11:02:10 AM,0.84
10066,5/10/2024 11:02:20 AM,0.51
10066,5/10/2024 11:02:30 AM,0.54
10066,5/10/2024 11:02:40 AM,0.74
10066,5/10/2024 11:02:50 AM,0.94
10066,5/10/2024 11:03:00 AM,1.14
10066,5/10/2024 11:03:10 AM,1.34
10066,5/10/2024 11:03:20 AM,1.54
10066,5/10/2024 11:03:30 AM,1.74
10066,5/10/2024 11:03:40 AM,1.94
10066,5/10/2024 11:03:50 AM,1.59
10066,5/10/2024 11:04:00 AM,0.99
10066,5/10/2024 11:04:10 AM,0.40
10066,5/10/2024 11:04:20 AM,0.20
10066,5/10/2024 11:04:30 AM,0.21
10066,5/10/2024 11:04:40 AM,0.22
10066,5/10/2024 11:04:50 AM,0.22
10066,5/10/2024 11:05:00 AM,0.23
10066,5/10/2024 11:05:10 AM,0.24
10066,5/10/2024 11:05:20 AM,0.24
10066,5/10/2024 11:05:30 AM,0.25
10066,5/10/2024 11:05:40 AM,0.26
10066,5/10/2024 11:05:50 AM,0.26
10066,5/10/2024 11:06:00 AM,0.27
10066,5/10/2024 11:06:10 AM,0.28
10066,5/10/2024 11:06:20 AM,0.28
10066,5/10/2024 11:06:30 AM,0.29
10066,5/10/2024 11:06:40 AM,0.29
10066,5/10/2024 11:06:50 AM,0.30
10066,5/10/2024 11:07:00 AM,0.31
10066,5/10/2024 11:07:10 AM,0.31
10066,5/10/2024 11:07:20 AM,0.32
10066,5/10/2024 11:07:30 AM,0.33
10066,5/10/2024 11:07:40 AM,0.33
10066,5/10/2024 11:07:50 AM,0.34
10066,5/10/2024 11:08:00 AM,0.35
10066,5/10/2024 11:08:10 AM,0.35
10066,5/10/2024 11:08:20 AM,0.36
10066,5/10/2024 11:08:30 AM,0.36
10066,5/10/2024 11:08:40 AM,0.37
10066,5/10/2024 11:08:50 AM,0.38
10066,5/10/2024 11:09:00 AM,0.38
10066,5/10/2024 11:09:10 AM,0.39
10066,5/10/2024 11:09:20 AM,0.40
10066,5/10/2024 11:09:30 AM,0.40
10066,5/10/2024 11:09:40 AM,0.41
10066,5/10/2024 11:09:50 AM,0.42
10066,5/10/2024 11:10:00 AM,0.42
10066,5/10/2024 11:10:10 AM,0.43
10066,5/10/2024 11:10:20 AM,0.44
10066,5/10/2024 11:10:30 AM,0.44
10066,5/10/2024 11:10:40 AM,0.45
10066,5/10/2024 11:10:50 AM,0.45
10066,5/10/2024 11:11:00 AM,0.46
10066,5/10/2024 11:11:10 AM,0.47
10066,5/10/2024 11:11:20 AM,0.47
10066,5/10/2024 11:11:30 AM,0.48
10066,5/10/2024 11:11:40 AM,0.49
10066,5/10/2024 11:11:50 AM,0.49
10066,5/10/2024 11:12:00 AM,0.50
10066,5/10/2024 11:12:10 AM,0.51
10066,5/10/2024 11:12:20 AM,0.51
10066,5/10/2024 11:12:30 AM,0.52
10066,5/10/2024 11:12:40 AM,0.52
10066,5/10/2024 11:12:50 AM,0.53
10066,5/10/2024 11:13:00 AM,0.54
10066,5/10/2024 11:13:10 AM,0.54
10066,5/10/2024 11:13:20 AM,0.55
10066,5/10/2024 11:13:30 AM,0.56
10066,5/10/2024 11:13:40 AM,0.56
10066,5/10/2024 11:13:50 AM,0.57
10066,5/10/2024 11:14:00 AM,0.58
10066,5/10/2024 11:14:10 AM,0.58
10066,5/10/2024 11:14:20 AM,0.59
10066,5/10/2024 11:14:30 AM,0.60
10066,5/10/2024 11:14:40 AM,0.60
10066,5/10/2024 11:14:50 AM,0.61
10066,5/10/2024 11:15:00 AM,0.61
10066,5/10/2024 11:15:10 AM,0.62
10066,5/10/2024 11:15:20 AM,0.63
10066,5/10/2024 11:15:30 AM,0.63
10066,5/10/2024 11:15:40 AM,0.64
10066,5/10/2024 11:15:50 AM,0.65
10066,5/10/2024 11:16:00 AM,0.65
10066,5/10/2024 11:16:10 AM,0.66
10066,5/10/2024 11:16:20 AM,0.67
10066,5/10/2024 11:16:30 AM,0.67
10066,5/10/2024 11:16:40 AM,0.68
10066,5/10/2024 11:16:50 AM,0.68
10066,5/10/2024 11:17:00 AM,0.69
10066,5/10/2024 11:17:10 AM,0.70
10066,5/10/2024 11:17:20 AM,0.70
10066,5/10/2024 11:17:30 AM,0.71
10066,5/10/2024 11:17:40 AM,0.72
10066,5/10/2024 11:17:50 AM,0.72
10066,5/10/2024 11:18:00 AM,0.73
10066,5/10/2024 11:18:10 AM,0.74
10066,5/10/2024 11:18:20 AM,0.74
10066,5/10/2024 11:18:30 AM,0.75
10066,5/10/2024 11:18:40 AM,0.76
10066,5/10/2024 11:18:50 AM,0.76
10066,5/10/2024 11:19:00 AM,0.77
10066,5/10/2024 11:19:10 AM,0.77
10066,5/10/2024 11:19:20 AM,0.78
10066,5/10/2024 11:19:30 AM,0.79
10066,5/10/2024 11:19:40 AM,0.79
10066,5/10/2024 11:19:50 AM,0.80
10066,5/10/2024 11:20:00 AM,0.81
10066,5/10/2024 11:20:10 AM,0.81
10066,5/10/2024 11:20:20 AM,0.82
10066,5/10/2024 11:20:30 AM,0.83
10066,5/10/2024 11:20:40 AM,0.83
10066,5/10/2024 11:20:50 AM,0.84
10066,5/10/2024 11:21:00 AM,0.85
10066,5/10/2024 11:21:10 AM,0.85
10066,5/10/2024 11:21:20 AM,0.86
10066,5/10/2024 11:21:30 AM,0.86
10066,5/10/2024 11:21:40 AM,0.87
10066,5/10/2024 11:21:50 AM,0.88
10066,5/10/2024 11:22:00 AM,0.88
10066,5/10/2024 11:22:10 AM,0.89
10066,5/10/2024 11:22:20 AM,0.90
10066,5/10/2024 11:22:30 AM,0.90
10066,5/10/2024 11:22:40 AM,0.91
10066,5/10/2024 11:22:50 AM,0.92
10066,5/10/2024 11:23:00 AM,0.92
10066,5/10/2024 11:23:10 AM,0.93
10066,5/10/2024 11:23:20 AM,0.93
10066,5/10/2024 11:23:30 AM,0.94
10066,5/10/2024 11:23:40 AM,0.95
10066,5/10/2024 11:23:50 AM,0.95
10066,5/10/2024 11:24:00 AM,0.96
10066,5/10/2024 11:24:10 AM,0.97
10066,5/10/2024 11:24:20 AM,0.97
10066,5/10/2024 11:24:30 AM,0.98
10066,5/10/2024 11:24:40 AM,0.99
10066,5/10/2024 11:24:50 AM,0.99
10066,5/10/2024 11:25:00 AM,1.00
10066,5/10/2024 11:25:10 AM,1.01
10066,5/10/2024 11:25:20 AM,1.01
10066,5/10/2024 11:25:30 AM,1.02
10066,5/10/2024 11:25:40 AM,1.02
10066,5/10/2024 11:25:50 AM,1.03
10066,5/10/2024 11:26:00 AM,1.04
10066,5/10/2024 11:26:10 AM,1.04
10066,5/10/2024 11:26:20 AM,1.05
10066,5/10/2024 11:26:30 AM,1.06
10066,5/10/2024 11:26:40 AM,1.06
10066,5/10/2024 11:26:50 AM,1.07
10066,5/10/2024 11:27:00 AM,1.08
10066,5/10/2024 11:27:10 AM,1.08
10066,5/10/2024 11:27:20 AM,1.09
10066,5/10/2024 11:27:30 AM,1.09
10066,5/10/2024 11:27:40 AM,1.10
10066,5/10/2024 11:27:50 AM,1.11
10066,5/10/2024 11:28:00 AM,1.11
10066,5/10/2024 11:28:10 AM,1.12
10066,5/10/2024 11:28:20 AM,1.13
10066,5/10/2024 11:28:30 AM,1.13
10066,5/10/2024 11:28:40 AM,1.14
10066,5/10/2024 11:28:50 AM,1.15
10066,5/10/2024 11:29:00 AM,1.15
10066,5/10/2024 11:29:10 AM,1.16
10066,5/10/2024 11:29:20 AM,1.17
10066,5/10/2024 11:29:30 AM,1.17
10066,5/10/2024 11:29:40 AM,1.18
10066,5/10/2024 11:29:50 AM,1.18
10066,5/10/2024 11:30:00 AM,1.19
10066,5/10/2024 11:30:10 AM,1.20
10066,5/10/2024 11:30:20 AM,1.19
10066,5/10/2024 11:30:30 AM,1.18
10066,5/10/2024 11:30:40 AM,1.16
10066,5/10/2024 11:30:50 AM,1.15
10066,5/10/2024 11:31:00 AM,1.14
10066,5/10/2024 11:31:10 AM,1.12
10066,5/10/2024 11:31:20 AM,1.11
10066,5/10/2024 11:31:30 AM,1.09
10066,5/10/2024 11:31:40 AM,1.08
10066,5/10/2024 11:31:50 AM,1.06
10066,5/10/2024 11:32:00 AM,1.05
10066,5/10/2024 11:32:10 AM,1.04
10066,5/10/2024 11:32:20 AM,1.02
10066,5/10/2024 11:32:30 AM,1.01
10066,5/10/2024 11:32:40 AM,0.99
10066,5/10/2024 11:32:50 AM,0.98
10066,5/10/2024 11:33:00 AM,0.96
10066,5/10/2024 11:33:10 AM,0.95
10066,5/10/2024 11:33:20 AM,0.94
10066,5/10/2024 11:33:30 AM,0.92
10066,5/10/2024 11:33:40 AM,0.91
10066,5/10/2024 11:33:50 AM,0.89
10066,5/10/2024 11:34:00 AM,0.88
10066,5/10/2024 11:34:10 AM,0.86
10066,5/10/2024 11:34:20 AM,0.85
10066,5/10/2024 11:34:30 AM,0.84
10066,5/10/2024 11:34:40 AM,0.82
10066,5/10/2024 11:34:50 AM,0.81
10066,5/10/2024 11:35:00 AM,0.79
10066,5/10/2024 11:35:10 AM,0.78
10066,5/10/2024 11:35:20 AM,0.76
10066,5/10/2024 11:35:30 AM,0.75
10066,5/10/2024 11:35:40 AM,0.73
10066,5/10/2024 11:35:50 AM,0.72
10066,5/10/2024 11:36:00 AM,0.71
10066,5/10/2024 11:36:10 AM,0.69
10066,5/10/2024 11:36:20 AM,0.68
10066,5/10/2024 11:36:30 AM,0.66
10066,5/10/2024 11:36:40 AM,0.65
10066,5/10/2024 11:36:50 AM,0.63
10066,5/10/2024 11:37:00 AM,0.62
10066,5/10/2024 11:37:10 AM,0.61
10066,5/10/2024 11:37:20 AM,0.59
10066,5/10/2024 11:37:30 AM,0.58
10066,5/10/2024 11:37:40 AM,0.56
10066,5/10/2024 11:37:50 AM,0.55
10066,5/10/2024 11:38:00 AM,0.53
10066,5/10/2024 11:38:10 AM,0.52
10066,5/10/2024 11:38:20 AM,0.51
10066,5/10/2024 11:38:30 AM,0.49
10066,5/10/2024 11:38:40 AM,0.48
10066,5/10/2024 11:38:50 AM,0.46
10066,5/10/2024 11:39:00 AM,0.45
10066,5/10/2024 11:39:10 AM,0.43
10066,5/10/2024 11:39:20 AM,0.42
10066,5/10/2024 11:39:30 AM,0.40
10066,5/10/2024 11:39:40 AM,0.41
10066,5/10/2024 11:39:50 AM,0.42
10066,5/10/2024 11:40:00 AM,0.43
10066,5/10/2024 11:40:10 AM,0.44
10066,5/10/2024 11:40:20 AM,0.46
10066,5/10/2024 11:40:30 AM,0.47
10066,5/10/2024 11:40:40 AM,0.48
10066,5/10/2024 11:40:50 AM,0.49
10066,5/10/2024 11:41:00 AM,0.50
10066,5/10/2024 11:41:10 AM,0.51
10066,5/10/2024 11:41:20 AM,0.53
10066,5/10/2024 11:41:30 AM,0.54
10066,5/10/2024 11:41:40 AM,0.55
10066,5/10/2024 11:41:50 AM,0.56
10066,5/10/2024 11:42:00 AM,0.57
10066,5/10/2024 11:42:10 AM,0.58
10066,5/10/2024 11:42:20 AM,0.60
10066,5/10/2024 11:42:30 AM,0.61
10066,5/10/2024 11:42:40 AM,0.62
10066,5/10/2024 11:42:50 AM,0.63
10066,5/10/2024 11:43:00 AM,0.64
10066,5/10/2024 11:43:10 AM,0.66
10066,5/10/2024 11:43:20 AM,0.67
10066,5/10/2024 11:43:30 AM,0.68
10066,5/10/2024 11:43:40 AM,0.69
10066,5/10/2024 11:43:50 AM,0.70
10066,5/10/2024 11:44:00 AM,0.71
10066,5/10/2024 11:44:10 AM,0.73
10066,5/10/2024 11:44:20 AM,0.74
10066,5/10/2024 11:44:30 AM,0.75
10066,5/10/2024 11:44:40 AM,0.76
10066,5/10/2024 11:44:50 AM,0.77
10066,5/10/2024 11:45:00 AM,0.78
10066,5/10/2024 11:45:10 AM,0.80
10066,5/10/2024 11:45:20 AM,0.79
10066,5/10/2024 11:45:30 AM,0.78
10066,5/10/2024 11:45:40 AM,0.77
10066,5/10/2024 11:45:50 AM,0.76
10066,5/10/2024 11:46:00 AM,0.75
10066,5/10/2024 11:46:10 AM,0.74
10066,5/10/2024 11:46:20 AM,0.73
10066,5/10/2024 11:46:30 AM,0.72
10066,5/10/2024 11:46:40 AM,0.70
10066,5/10/2024 11:46:50 AM,0.69
10066,5/10/2024 11:47:00 AM,0.68
10066,5/10/2024 11:47:10 AM,0.67
10066,5/10/2024 11:47:20 AM,0.66
10066,5/10/2024 11:47:30 AM,0.65
10066,5/10/2024 11:47:40 AM,0.64
10066,5/10/2024 11:47:50 AM,0.63
10066,5/10/2024 11:48:00 AM,0.62
10066,5/10/2024 11:48:10 AM,0.60
10066,5/10/2024 11:48:20 AM,0.59
10066,5/10/2024 11:48:30 AM,0.58
10066,5/10/2024 11:48:40 AM,0.57
10066,5/10/2024 11:48:50 AM,0.56
10066,5/10/2024 11:49:00 AM,0.55
10066,5/10/2024 11:49:10 AM,0.54
10066,5/10/2024 11:49:20 AM,0.53
10066,5/10/2024 11:49:30 AM,0.52
10066,5/10/2024 11:49:40 AM,0.50
10066,5/10/2024 11:49:50 AM,0.49
10066,5/10/2024 11:50:00 AM,0.48
10066,5/10/2024 11:50:10 AM,0.47
10066,5/10/2024 11:50:20 AM,0.46
10066,5/10/2024 11:50:30 AM,0.45
10066,5/10/2024 11:50:40 AM,0.44
10066,5/10/2024 11:50:50 AM,0.43
10066,5/10/2024 11:51:00 AM,0.42
10066,5/10/2024 11:51:10 AM,0.40
10066,5/10/2024 11:51:20 AM,0.39
10066,5/10/2024 11:51:30 AM,0.38
10066,5/10/2024 11:51:40 AM,0.37
10066,5/10/2024 11:51:50 AM,0.36
10066,5/10/2024 11:52:00 AM,0.35
10066,5/10/2024 11:52:10 AM,0.34
10066,5/10/2024 11:52:20 AM,0.33
10066,5/10/2024 11:52:30 AM,0.32
10066,5/10/2024 11:52:40 AM,0.30
10066,5/10/2024 11:52:50 AM,0.29
10066,5/10/2024 11:53:00 AM,0.28
10066,5/10/2024 11:53:10 AM,0.27
10066,5/10/2024 11:53:20 AM,0.26
10066,5/10/2024 11:53:30 AM,0.25
10066,5/10/2024 11:53:40 AM,0.24
10066,5/10/2024 11:53:50 AM,0.23
10066,5/10/2024 11:54:00 AM,0.22
10066,5/10/2024 11:54:10 AM,0.20
10066,5/10/2024 11:54:20 AM,0.19
10066,5/10/2024 11:54:30 AM,0.18
10066,5/10/2024 11:54:40 AM,0.17
10066,5/10/2024 11:54:50 AM,0.16
10066,5/10/2024 11:55:00 AM,0.15
10066,5/10/2024 11:55:10 AM,0.14
10066,5/10/2024 11:55:20 AM,0.13
10066,5/10/2024 11:55:30 AM,0.12
10066,5/10/2024 11:55:40 AM,0.10
10066,5/10/2024 11:55:50 AM,0.09
10066,5/10/2024 11:56:00 AM,0.08
10066,5/10/2024 11:56:10 AM,0.07
10066,5/10/2024 11:56:20 AM,0.06
10066,5/10/2024 11:56:30 AM,0.05
10066,5/10/2024 11:56:40 AM,0.04
10066,5/10/2024 11:56:50 AM,0.03
10066,5/10/2024 11:57:00 AM,0.02
10066,5/10/2024 11:57:10 AM,0.00
10066,5/10/2024 11:57:20 AM,-0.01
10066,5/10/2024 11:57:30 AM,-0.02
10066,5/10/2024 11:57:40 AM,-0.03
10066,5/10/2024 11:57:50 AM,-0.04
10066,5/10/2024 11:58:00 AM,-0.05
10066,5/10/2024 11:58:10 AM,-0.06
10066,5/10/2024 11:58:20 AM,-0.07
10066,5/10/2024 11:58:30 AM,-0.09
10066,5/10/2024 11:58:40 AM,-0.10
10066,5/10/2024 11:58:50 AM,0.31
10066,5/10/2024 11:59:00 AM,0.91
10066,5/10/2024 11:59:10 AM,0.95
10066,5/10/2024 11:59:20 AM,0.72
10066,5/10/2024 11:59:30 AM,0.50
10066,5/10/2024 11:59:40 AM,0.27
10066,5/10/2024 11:59:50 AM,0.32
10066,5/10/2024 12:00:00 PM,0.50
10066,5/10/2024 12:00:10 PM,0.67
10066,5/10/2024 12:00:20 PM,0.80
10066,5/10/2024 12:00:30 PM,0.78
10066,5/10/2024 12:00:40 PM,0.77
10066,5/10/2024 12:00:50 PM,0.76
10066,5/10/2024 12:01:00 PM,0.75
10066,5/10/2024 12:01:10 PM,0.73
10066,5/10/2024 12:01:20 PM,0.72
10066,5/10/2024 12:01:30 PM,0.71
10066,5/10/2024 12:01:40 PM,0.69
10066,5/10/2024 12:01:50 PM,0.68
10066,5/10/2024 12:02:00 PM,0.67
10066,5/10/2024 12:02:10 PM,0.65
10066,5/10/2024 12:02:20 PM,0.64
10066,5/10/2024 12:02:30 PM,0.63
10066,5/10/2024 12:02:40 PM,0.62
10066,5/10/2024 12:02:50 PM,0.60
10066,5/10/2024 12:03:00 PM,0.59
10066,5/10/2024 12:03:10 PM,0.58
10066,5/10/2024 12:03:20 PM,0.56
10066,5/10/2024 12:03:30 PM,0.55
10066,5/10/2024 12:03:40 PM,0.54
10066,5/10/2024 12:03:50 PM,0.52
10066,5/10/2024 12:04:00 PM,0.51
10066,5/10/2024 12:04:10 PM,0.50
10066,5/10/2024 12:04:20 PM,0.49
10066,5/10/2024 12:04:30 PM,0.47
10066,5/10/2024 12:04:40 PM,0.46
10066,5/10/2024 12:04:50 PM,0.45
10066,5/10/2024 12:05:00 PM,0.43
10066,5/10/2024 12:05:10 PM,0.42
10066,5/10/2024 12:05:20 PM,0.41
10066,5/10/2024 12:05:30 PM,0.40
10066,5/10/2024 12:05:40 PM,0.38
10066,5/10/2024 12:05:50 PM,0.37
10066,5/10/2024 12:06:00 PM,0.36
10066,5/10/2024 12:06:10 PM,0.34
10066,5/10/2024 12:06:20 PM,0.33
10066,5/10/2024 12:06:30 PM,0.32
10066,5/10/2024 12:06:40 PM,0.30
10066,5/10/2024 12:06:50 PM,0.44
10066,5/10/2024 12:07:00 PM,0.64
10066,5/10/2024 12:07:10 PM,0.84
10066,5/10/2024 12:07:20 PM,1.04
10066,5/10/2024 12:07:30 PM,1.06
10066,5/10/2024 12:07:40 PM,1.00
10066,5/10/2024 12:07:50 PM,0.95
10066,5/10/2024 12:08:00 PM,0.89
10066,5/10/2024 12:08:10 PM,0.83
10066,5/10/2024 12:08:20 PM,0.77
10066,5/10/2024 12:08:30 PM,0.71
10066,5/10/2024 12:08:40 PM,0.66
10066,5/10/2024 12:08:50 PM,0.60
10066,5/10/2024 12:09:00 PM,0.54
10066,5/10/2024 12:09:10 PM,0.48
10066,5/10/2024 12:09:20 PM,0.42
10066,5/10/2024 12:09:30 PM,0.37
10066,5/10/2024 12:09:40 PM,0.31
10066,5/10/2024 12:09:50 PM,0.25
10066,5/10/2024 12:10:00 PM,0.19
10066,5/10/2024 12:10:10 PM,0.13
10066,5/10/2024 12:10:20 PM,0.08
10066,5/10/2024 12:10:30 PM,0.02
10066,5/10/2024 12:10:40 PM,0.62
10066,5/10/2024 12:10:50 PM,0.86
10066,5/10/2024 12:11:00 PM,0.79
10066,5/10/2024 12:11:10 PM,0.73
10066,5/10/2024 12:11:20 PM,0.67
10066,5/10/2024 12:11:30 PM,0.60
10066,5/10/2024 12:11:40 PM,0.54
10066,5/10/2024 12:11:50 PM,0.48
10066,5/10/2024 12:12:00 PM,0.41
10066,5/10/2024 12:12:10 PM,0.35
10066,5/10/2024 12:12:20 PM,0.29
10066,5/10/2024 12:12:30 PM,0.23
10066,5/10/2024 12:12:40 PM,0.16
10066,5/10/2024 12:12:50 PM,0.10
10066,5/10/2024 12:13:00 PM,0.04
10066,5/10/2024 12:13:10 PM,-0.03
10066,5/10/2024 12:13:20 PM,-0.09
10066,5/10/2024 12:13:30 PM,-0.15
10066,5/10/2024 12:13:40 PM,-0.22
10066,5/10/2024 12:13:50 PM,-0.28
10066,5/10/2024 12:14:00 PM,-0.21
10066,5/10/2024 12:14:10 PM,-0.07
10066,5/10/2024 12:14:20 PM,0.06
10066,5/10/2024 12:14:30 PM,0.20
10066,5/10/2024 12:14:40 PM,0.33
10066,5/10/2024 12:14:50 PM,0.46
10066,5/10/2024 12:15:00 PM,0.60
10066,5/10/2024 12:15:10 PM,0.73
10066,5/10/2024 12:15:20 PM,0.80
10066,5/10/2024 12:15:30 PM,0.80
10066,5/10/2024 12:15:40 PM,0.80
10066,5/10/2024 12:15:50 PM,0.80
10066,5/10/2024 12:16:00 PM,0.80
10066,5/10/2024 12:16:10 PM,0.80
10066,5/10/2024 12:16:20 PM,0.80
10066,5/10/2024 12:16:30 PM,0.65
10066,5/10/2024 12:16:40 PM,0.43
10066,5/10/2024 12:16:50 PM,0.21
10066,5/10/2024 12:17:00 PM,-0.01
10066,5/10/2024 12:17:10 PM,-0.23
10066,5/10/2024 12:17:20 PM,-0.20
10066,5/10/2024 12:17:30 PM,-0.06
10066,5/10/2024 12:17:40 PM,0.08
10066,5/10/2024 12:17:50 PM,0.22
10066,5/10/2024 12:18:00 PM,0.36
10066,5/10/2024 12:18:10 PM,0.37
10066,5/10/2024 12:18:20 PM,0.32
10066,5/10/2024 12:18:30 PM,0.28
10066,5/10/2024 12:18:40 PM,0.23
10066,5/10/2024 12:18:50 PM,0.18
10066,5/10/2024 12:19:00 PM,0.14
10066,5/10/2024 12:19:10 PM,0.09
10066,5/10/2024 12:19:20 PM,0.05
10066,5/10/2024 12:19:30 PM,0.00
10066,5/10/2024 12:19:40 PM,-0.05
10066,5/10/2024 12:19:50 PM,-0.09
10066,5/10/2024 12:20:00 PM,-0.14
10066,5/10/2024 12:20:10 PM,-0.19
10066,5/10/2024 12:20:20 PM,0.08
10066,5/10/2024 12:20:30 PM,0.48
10066,5/10/2024 12:20:40 PM,0.88
10066,5/10/2024 12:20:50 PM,1.28
10066,5/10/2024 12:21:00 PM,1.30
10066,5/10/2024 12:21:10 PM,1.15
10066,5/10/2024 12:21:20 PM,1.00
10066,5/10/2024 12:21:30 PM,0.85
10066,5/10/2024 12:21:40 PM,0.70
10066,5/10/2024 12:21:50 PM,0.55
10066,5/10/2024 12:22:00 PM,0.40
10066,5/10/2024 12:22:10 PM,0.25
10066,5/10/2024 12:22:20 PM,0.19
10066,5/10/2024 12:22:30 PM,0.18
10066,5/10/2024 12:22:40 PM,0.17
10066,5/10/2024 12:22:50 PM,0.16
10066,5/10/2024 12:23:00 PM,0.15
10066,5/10/2024 12:23:10 PM,0.14
10066,5/10/2024 12:23:20 PM,0.13
10066,5/10/2024 12:23:30 PM,0.12
10066,5/10/2024 12:23:40 PM,0.10
10066,5/10/2024 12:23:50 PM,0.09
10066,5/10/2024 12:24:00 PM,0.08
10066,5/10/2024 12:24:10 PM,0.07
10066,5/10/2024 12:24:20 PM,0.06
10066,5/10/2024 12:24:30 PM,0.05
10066,5/10/2024 12:24:40 PM,0.04
10066,5/10/2024 12:24:50 PM,0.03
10066,5/10/2024 12:25:00 PM,0.02
10066,5/10/2024 12:25:10 PM,0.00
10066,5/10/2024 12:25:20 PM,0.24
10066,5/10/2024 12:25:30 PM,0.59
10066,5/10/2024 12:25:40 PM,0.94
10066,5/10/2024 12:25:50 PM,1.29
10066,5/10/2024 12:26:00 PM,1.34
10066,5/10/2024 12:26:10 PM,1.26
10066,5/10/2024 12:26:20 PM,1.17
10066,5/10/2024 12:26:30 PM,1.08
10066,5/10/2024 12:26:40 PM,1.00
10066,5/10/2024 12:26:50 PM,0.91
10066,5/10/2024 12:27:00 PM,0.83
10066,5/10/2024 12:27:10 PM,0.74
10066,5/10/2024 12:27:20 PM,0.66
10066,5/10/2024 12:27:30 PM,0.57
10066,5/10/2024 12:27:40 PM,0.48
10066,5/10/2024 12:27:50 PM,0.40
10066,5/10/2024 12:28:00 PM,0.31
10066,5/10/2024 12:28:10 PM,0.23
10066,5/10/2024 12:28:20 PM,0.14
10066,5/10/2024 12:28:30 PM,0.06
10066,5/10/2024 12:28:40 PM,-0.03
10066,5/10/2024 12:28:50 PM,-0.12
10066,5/10/2024 12:29:00 PM,-0.20
10066,5/10/2024 12:29:10 PM,-0.29
10066,5/10/2024 12:29:20 PM,-0.37
10066,5/10/2024 12:29:30 PM,-0.08
10066,5/10/2024 12:29:40 PM,0.39
10066,5/10/2024 12:29:50 PM,0.86
10066,5/10/2024 12:30:00 PM,0.66
10066,5/10/2024 12:30:10 PM,0.16
10066,5/10/2024 12:30:20 PM,-0.05
10066,5/10/2024 12:30:30 PM,0.49
10066,5/10/2024 12:30:40 PM,1.03
10066,5/10/2024 12:30:50 PM,1.10
10066,5/10/2024 12:31:00 PM,0.95
10066,5/10/2024 12:31:10 PM,0.80
10066,5/10/2024 12:31:20 PM,0.65
10066,5/10/2024 12:31:30 PM,0.50
10066,5/10/2024 12:31:40 PM,0.35
10066,5/10/2024 12:31:50 PM,0.20
10066,5/10/2024 12:32:00 PM,0.05
10066,5/10/2024 12:32:10 PM,0.07
10066,5/10/2024 12:32:20 PM,0.18
10066,5/10/2024 12:32:30 PM,0.29
10066,5/10/2024 12:32:40 PM,0.40
10066,5/10/2024 12:32:50 PM,0.50
10066,5/10/2024 12:33:00 PM,0.61
10066,5/10/2024 12:33:10 PM,0.72
10066,5/10/2024 12:33:20 PM,0.83
10066,5/10/2024 12:33:30 PM,0.93
10066,5/10/2024 12:33:40 PM,1.04
10066,5/10/2024 12:33:50 PM,1.15
10066,5/10/2024 12:34:00 PM,1.26
10066,5/10/2024 12:34:10 PM,1.37
10066,5/10/2024 12:34:20 PM,1.31
10066,5/10/2024 12:34:30 PM,1.18
10066,5/10/2024 12:34:40 PM,1.04
10066,5/10/2024 12:34:50 PM,0.91
10066,5/10/2024 12:35:00 PM,0.78
10066,5/10/2024 12:35:10 PM,0.64
10066,5/10/2024 12:35:20 PM,0.51
10066,5/10/2024 12:35:30 PM,0.38
10066,5/10/2024 12:35:40 PM,0.24
10066,5/10/2024 12:35:50 PM,0.31
10066,5/10/2024 12:36:00 PM,0.48
10066,5/10/2024 12:36:10 PM,0.65
10066,5/10/2024 12:36:20 PM,0.81
10066,5/10/2024 12:36:30 PM,0.98
10066,5/10/2024 12:36:40 PM,1.15
10066,5/10/2024 12:36:50 PM,1.07
10066,5/10/2024 12:37:00 PM,0.89
10066,5/10/2024 12:37:10 PM,0.71
10066,5/10/2024 12:37:20 PM,0.52
10066,5/10/2024 12:37:30 PM,0.34
10066,5/10/2024 12:37:40 PM,0.16
10066,5/10/2024 12:37:50 PM,0.16
10066,5/10/2024 12:38:00 PM,0.24
10066,5/10/2024 12:38:10 PM,0.32
10066,5/10/2024 12:38:20 PM,0.40
10066,5/10/2024 12:38:30 PM,0.48
10066,5/10/2024 12:38:40 PM,0.56
10066,5/10/2024 12:38:50 PM,0.64
10066,5/10/2024 12:39:00 PM,0.72
10066,5/10/2024 12:39:10 PM,0.80
10066,5/10/2024 12:39:20 PM,0.88
10066,5/10/2024 12:39:30 PM,0.84
10066,5/10/2024 12:39:40 PM,0.76
10066,5/10/2024 12:39:50 PM,0.68
10066,5/10/2024 12:40:00 PM,0.59
10066,5/10/2024 12:40:10 PM,0.51
10066,5/10/2024 12:40:20 PM,0.43
10066,5/10/2024 12:40:30 PM,0.45
10066,5/10/2024 12:40:40 PM,0.53
10066,5/10/2024 12:40:50 PM,0.60
10066,5/10/2024 12:41:00 PM,0.68
10066,5/10/2024 12:41:10 PM,0.75
10066,5/10/2024 12:41:20 PM,0.83
10066,5/10/2024 12:41:30 PM,0.90
10066,5/10/2024 12:41:40 PM,0.98
10066,5/10/2024 12:41:50 PM,0.89
10066,5/10/2024 12:42:00 PM,0.74
10066,5/10/2024 12:42:10 PM,0.59
10066,5/10/2024 12:42:20 PM,0.43
10066,5/10/2024 12:42:30 PM,0.28
10066,5/10/2024 12:42:40 PM,0.12
10066,5/10/2024 12:42:50 PM,-0.03
10066,5/10/2024 12:43:00 PM,-0.19
10066,5/10/2024 12:43:10 PM,-0.34
10066,5/10/2024 12:43:20 PM,-0.50
10066,5/10/2024 12:43:30 PM,-0.65
10066,5/10/2024 12:43:40 PM,-0.24
10066,5/10/2024 12:43:50 PM,0.42
10066,5/10/2024 12:44:00 PM,1.09
10066,5/10/2024 12:44:10 PM,1.22
10066,5/10/2024 12:44:20 PM,1.09
10066,5/10/2024 12:44:30 PM,0.97
10066,5/10/2024 12:44:40 PM,0.84
10066,5/10/2024 12:44:50 PM,0.71
10066,5/10/2024 12:45:00 PM,0.59
10066,5/10/2024 12:45:10 PM,0.46
10066,5/10/2024 12:45:20 PM,0.40
10066,5/10/2024 12:45:30 PM,0.38
10066,5/10/2024 12:45:40 PM,0.37
10066,5/10/2024 12:45:50 PM,0.36
10066,5/10/2024 12:46:00 PM,0.35
10066,5/10/2024 12:46:10 PM,0.34
10066,5/10/2024 12:46:20 PM,0.33
10066,5/10/2024 12:46:30 PM,0.32
10066,5/10/2024 12:46:40 PM,0.31
10066,5/10/2024 12:46:50 PM,0.29
10066,5/10/2024 12:47:00 PM,0.28
10066,5/10/2024 12:47:10 PM,0.27
10066,5/10/2024 12:47:20 PM,0.26
10066,5/10/2024 12:47:30 PM,0.25
10066,5/10/2024 12:47:40 PM,0.24
10066,5/10/2024 12:47:50 PM,0.23
10066,5/10/2024 12:48:00 PM,0.22
10066,5/10/2024 12:48:10 PM,0.20
10066,5/10/2024 12:48:20 PM,0.13
10066,5/10/2024 12:48:30 PM,0.03
10066,5/10/2024 12:48:40 PM,-0.07
10066,5/10/2024 12:48:50 PM,-0.17
10066,5/10/2024 12:49:00 PM,-0.27
10066,5/10/2024 12:49:10 PM,-0.37
10066,5/10/2024 12:49:20 PM,-0.29
10066,5/10/2024 12:49:30 PM,-0.12
10066,5/10/2024 12:49:40 PM,0.05
10066,5/10/2024 12:49:50 PM,0.21
10066,5/10/2024 12:50:00 PM,0.38
10066,5/10/2024 12:50:10 PM,0.55
10066,5/10/2024 12:50:20 PM,0.60
10066,5/10/2024 12:50:30 PM,0.59
10066,5/10/2024 12:50:40 PM,0.59
10066,5/10/2024 12:50:50 PM,0.59
10066,5/10/2024 12:51:00 PM,0.58
10066,5/10/2024 12:51:10 PM,0.58
10066,5/10/2024 12:51:20 PM,0.57
10066,5/10/2024 12:51:30 PM,0.57
10066,5/10/2024 12:51:40 PM,0.57
10066,5/10/2024 12:51:50 PM,0.56
10066,5/10/2024 12:52:00 PM,0.56
10066,5/10/2024 12:52:10 PM,0.55
10066,5/10/2024 12:52:20 PM,0.55
10066,5/10/2024 12:52:30 PM,0.55
10066,5/10/2024 12:52:40 PM,0.54
10066,5/10/2024 12:52:50 PM,0.54
10066,5/10/2024 12:53:00 PM,0.53
10066,5/10/2024 12:53:10 PM,0.53
10066,5/10/2024 12:53:20 PM,0.53
10066,5/10/2024 12:53:30 PM,0.52
10066,5/10/2024 12:53:40 PM,0.52
10066,5/10/2024 12:53:50 PM,0.51
10066,5/10/2024 12:54:00 PM,0.51
10066,5/10/2024 12:54:10 PM,0.51
10066,5/10/2024 12:54:20 PM,0.50
10066,5/10/2024 12:54:30 PM,0.44
10066,5/10/2024 12:54:40 PM,0.35
10066,5/10/2024 12:54:50 PM,0.25
10066,5/10/2024 12:55:00 PM,0.16
10066,5/10/2024 12:55:10 PM,0.07
10066,5/10/2024 12:55:20 PM,-0.03
10066,5/10/2024 12:55:30 PM,-0.12
10066,5/10/2024 12:55:40 PM,-0.21
10066,5/10/2024 12:55:50 PM,-0.30
10066,5/10/2024 12:56:00 PM,-0.39
10066,5/10/2024 12:56:10 PM,-0.49
10066,5/10/2024 12:56:20 PM,-0.58
10066,5/10/2024 12:56:30 PM,-0.67
10066,5/10/2024 12:56:40 PM,-0.56
10066,5/10/2024 12:56:50 PM,-0.36
10066,5/10/2024 12:57:00 PM,-0.16
10066,5/10/2024 12:57:10 PM,0.04
10066,5/10/2024 12:57:20 PM,0.24
10066,5/10/2024 12:57:30 PM,0.30
10066,5/10/2024 12:57:40 PM,0.29
10066,5/10/2024 12:57:50 PM,0.28
10066,5/10/2024 12:58:00 PM,0.27
10066,5/10/2024 12:58:10 PM,0.27
10066,5/10/2024 12:58:20 PM,0.26
10066,5/10/2024 12:58:30 PM,0.25
10066,5/10/2024 12:58:40 PM,0.24
10066,5/10/2024 12:58:50 PM,0.24
10066,5/10/2024 12:59:00 PM,0.23
10066,5/10/2024 12:59:10 PM,0.22
10066,5/10/2024 12:59:20 PM,0.21
10066,5/10/2024 12:59:30 PM,0.21
10066,5/10/2024 12:59:40 PM,0.20
10066,5/10/2024 12:59:50 PM,0.19
10066,5/10/2024 1:00:00 PM,0.18
10066,5/10/2024 1:00:10 PM,0.18
10066,5/10/2024 1:00:20 PM,0.17
10066,5/10/2024 1:00:30 PM,0.16
10066,5/10/2024 1:00:40 PM,0.15
10066,5/10/2024 1:00:50 PM,0.15
10066,5/10/2024 1:01:00 PM,0.14
10066,5/10/2024 1:01:10 PM,0.13
10066,5/10/2024 1:01:20 PM,0.12
10066,5/10/2024 1:01:30 PM,0.12
10066,5/10/2024 1:01:40 PM,0.11
10066,5/10/2024 1:01:50 PM,0.10
10066,5/10/2024 1:02:00 PM,0.09
10066,5/10/2024 1:02:10 PM,0.09
10066,5/10/2024 1:02:20 PM,0.08
10066,5/10/2024 1:02:30 PM,0.07
10066,5/10/2024 1:02:40 PM,0.06
10066,5/10/2024 1:02:50 PM,0.06
10066,5/10/2024 1:03:00 PM,0.05
10066,5/10/2024 1:03:10 PM,0.04
10066,5/10/2024 1:03:20 PM,0.03
10066,5/10/2024 1:03:30 PM,0.03
10066,5/10/2024 1:03:40 PM,0.02
10066,5/10/2024 1:03:50 PM,0.01
10066,5/10/2024 1:04:00 PM,0.00
10066,5/10/2024 1:04:10 PM,0.00
10066,5/10/2024 1:04:20 PM,-0.01
10066,5/10/2024 1:04:30 PM,-0.02
10066,5/10/2024 1:04:40 PM,-0.03
10066,5/10/2024 1:04:50 PM,-0.03
10066,5/10/2024 1:05:00 PM,-0.04
10066,5/10/2024 1:05:10 PM,-0.05
10066,5/10/2024 1:05:20 PM,-0.06
10066,5/10/2024 1:05:30 PM,-0.06
10066,5/10/2024 1:05:40 PM,-0.07
10066,5/10/2024 1:05:50 PM,-0.08
10066,5/10/2024 1:06:00 PM,-0.09
10066,5/10/2024 1:06:10 PM,-0.09
10066,5/10/2024 1:06:20 PM,-0.10
10066,5/10/2024 1:06:30 PM,-0.11
10066,5/10/2024 1:06:40 PM,-0.12
10066,5/10/2024 1:06:50 PM,-0.12
10066,5/10/2024 1:07:00 PM,-0.13
10066,5/10/2024 1:07:10 PM,-0.14
10066,5/10/2024 1:07:20 PM,-0.15
10066,5/10/2024 1:07:30 PM,-0.15
10066,5/10/2024 1:07:40 PM,-0.16
10066,5/10/2024 1:07:50 PM,-0.17
10066,5/10/2024 1:08:00 PM,-0.18
10066,5/10/2024 1:08:10 PM,-0.18
10066,5/10/2024 1:08:20 PM,-0.19
10066,5/10/2024 1:08:30 PM,-0.20
10066,5/10/2024 1:08:40 PM,-0.21
10066,5/10/2024 1:08:50 PM,-0.21
10066,5/10/2024 1:09:00 PM,-0.22
10066,5/10/2024 1:09:10 PM,-0.23
10066,5/10/2024 1:09:20 PM,-0.24
10066,5/10/2024 1:09:30 PM,-0.24
10066,5/10/2024 1:09:40 PM,-0.25
10066,5/10/2024 1:09:50 PM,-0.26
10066,5/10/2024 1:10:00 PM,-0.27
10066,5/10/2024 1:10:10 PM,-0.27
10066,5/10/2024 1:10:20 PM,-0.28
10066,5/10/2024 1:10:30 PM,-0.29
10066,5/10/2024 1:10:40 PM,-0.30
10066,5/10/2024 1:10:50 PM,-0.30
10066,5/10/2024 1:11:00 PM,-0.31
10066,5/10/2024 1:11:10 PM,-0.32
10066,5/10/2024 1:11:20 PM,-0.33
10066,5/10/2024 1:11:30 PM,-0.33
10066,5/10/2024 1:11:40 PM,-0.34
10066,5/10/2024 1:11:50 PM,-0.35
10066,5/10/2024 1:12:00 PM,-0.35
10066,5/10/2024 1:12:10 PM,-0.36
10066,5/10/2024 1:12:20 PM,-0.37
10066,5/10/2024 1:12:30 PM,-0.38
10066,5/10/2024 1:12:40 PM,-0.38
10066,5/10/2024 1:12:50 PM,-0.39
10066,5/10/2024 1:13:00 PM,-0.40
10066,5/10/2024 1:13:10 PM,-0.41
10066,5/10/2024 1:13:20 PM,-0.41
10066,5/10/2024 1:13:30 PM,-0.42
10066,5/10/2024 1:13:40 PM,-0.43
10066,5/10/2024 1:13:50 PM,-0.44
10066,5/10/2024 1:14:00 PM,-0.44
10066,5/10/2024 1:14:10 PM,-0.45
10066,5/10/2024 1:14:20 PM,-0.46
10066,5/10/2024 1:14:30 PM,-0.47
10066,5/10/2024 1:14:40 PM,-0.47
10066,5/10/2024 1:14:50 PM,-0.48
10066,5/10/2024 1:15:00 PM,-0.49
10066,5/10/2024 1:15:10 PM,-0.50
10066,5/10/2024 1:15:20 PM,-0.31
10066,5/10/2024 1:15:30 PM,0.08
10066,5/10/2024 1:15:40 PM,0.48
10066,5/10/2024 1:15:50 PM,0.57
10066,5/10/2024 1:16:00 PM,0.53
10066,5/10/2024 1:16:10 PM,0.49
10066,5/10/2024 1:16:20 PM,0.44
10066,5/10/2024 1:16:30 PM,0.40
10066,5/10/2024 1:16:40 PM,0.36
10066,5/10/2024 1:16:50 PM,0.31
10066,5/10/2024 1:17:00 PM,0.27
10066,5/10/2024 1:17:10 PM,0.23
10066,5/10/2024 1:17:20 PM,0.19
10066,5/10/2024 1:17:30 PM,0.14
10066,5/10/2024 1:17:40 PM,0.10
10066,5/10/2024 1:17:50 PM,0.06
10066,5/10/2024 1:18:00 PM,0.01
10066,5/10/2024 1:18:10 PM,-0.03
10066,5/10/2024 1:18:20 PM,-0.07
10066,5/10/2024 1:18:30 PM,-0.12
10066,5/10/2024 1:18:40 PM,-0.16
10066,5/10/2024 1:18:50 PM,-0.20
10066,5/10/2024 1:19:00 PM,-0.24
10066,5/10/2024 1:19:10 PM,-0.29
10066,5/10/2024 1:19:20 PM,-0.21
10066,5/10/2024 1:19:30 PM,-0.07
10066,5/10/2024 1:19:40 PM,0.08
10066,5/10/2024 1:19:50 PM,0.22
10066,5/10/2024 1:20:00 PM,0.36
10066,5/10/2024 1:20:10 PM,0.39
10066,5/10/2024 1:20:20 PM,0.38
10066,5/10/2024 1:20:30 PM,0.37
10066,5/10/2024 1:20:40 PM,0.35
10066,5/10/2024 1:20:50 PM,0.34
10066,5/10/2024 1:21:00 PM,0.33
10066,5/10/2024 1:21:10 PM,0.32
10066,5/10/2024 1:21:20 PM,0.30
10066,5/10/2024 1:21:30 PM,0.29
10066,5/10/2024 1:21:40 PM,0.28
10066,5/10/2024 1:21:50 PM,0.26
10066,5/10/2024 1:22:00 PM,0.25
10066,5/10/2024 1:22:10 PM,0.24
10066,5/10/2024 1:22:20 PM,0.23
10066,5/10/2024 1:22:30 PM,0.21
10066,5/10/2024 1:22:40 PM,0.20
10066,5/10/2024 1:22:50 PM,0.19
10066,5/10/2024 1:23:00 PM,0.18
10066,5/10/2024 1:23:10 PM,0.16
10066,5/10/2024 1:23:20 PM,0.15
10066,5/10/2024 1:23:30 PM,0.14
10066,5/10/2024 1:23:40 PM,0.12
10066,5/10/2024 1:23:50 PM,0.11
10066,5/10/2024 1:24:00 PM,0.10
10066,5/10/2024 1:24:10 PM,0.09
10066,5/10/2024 1:24:20 PM,0.07
10066,5/10/2024 1:24:30 PM,0.06
10066,5/10/2024 1:24:40 PM,0.05
10066,5/10/2024 1:24:50 PM,0.04
10066,5/10/2024 1:25:00 PM,0.02
10066,5/10/2024 1:25:10 PM,0.01
10066,5/10/2024 1:25:20 PM,0.00
10066,5/10/2024 1:25:30 PM,-0.02
10066,5/10/2024 1:25:40 PM,-0.03
10066,5/10/2024 1:25:50 PM,-0.04
10066,5/10/2024 1:26:00 PM,-0.05
10066,5/10/2024 1:26:10 PM,-0.07
10066,5/10/2024 1:26:20 PM,-0.08
10066,5/10/2024 1:26:30 PM,-0.09
10066,5/10/2024 1:26:40 PM,-0.11
10066,5/10/2024 1:26:50 PM,-0.12
10066,5/10/2024 1:27:00 PM,-0.13
10066,5/10/2024 1:27:10 PM,-0.14
10066,5/10/2024 1:27:20 PM,-0.16
10066,5/10/2024 1:27:30 PM,-0.17
10066,5/10/2024 1:27:40 PM,-0.18
10066,5/10/2024 1:27:50 PM,-0.19
10066,5/10/2024 1:28:00 PM,-0.21
10066,5/10/2024 1:28:10 PM,-0.22
10066,5/10/2024 1:28:20 PM,-0.23
10066,5/10/2024 1:28:30 PM,-0.25
10066,5/10/2024 1:28:40 PM,-0.26
10066,5/10/2024 1:28:50 PM,-0.27
10066,5/10/2024 1:29:00 PM,-0.28
10066,5/10/2024 1:29:10 PM,-0.30
10066,5/10/2024 1:29:20 PM,-0.19
10066,5/10/2024 1:29:30 PM,-0.03
10066,5/10/2024 1:29:40 PM,0.13
10066,5/10/2024 1:29:50 PM,0.29
10066,5/10/2024 1:30:00 PM,0.45
10066,5/10/2024 1:30:10 PM,0.61
10066,5/10/2024 1:30:20 PM,0.69
10066,5/10/2024 1:30:30 PM,0.67
10066,5/10/2024 1:30:40 PM,0.65
10066,5/10/2024 1:30:50 PM,0.63
10066,5/10/2024 1:31:00 PM,0.61
10066,5/10/2024 1:31:10 PM,0.59
10066,5/10/2024 1:31:20 PM,0.57
10066,5/10/2024 1:31:30 PM,0.55
10066,5/10/2024 1:31:40 PM,0.53
10066,5/10/2024 1:31:50 PM,0.51
10066,5/10/2024 1:32:00 PM,0.49
10066,5/10/2024 1:32:10 PM,0.47
10066,5/10/2024 1:32:20 PM,0.45
10066,5/10/2024 1:32:30 PM,0.43
10066,5/10/2024 1:32:40 PM,0.41
10066,5/10/2024 1:32:50 PM,0.39
10066,5/10/2024 1:33:00 PM,0.37
10066,5/10/2024 1:33:10 PM,0.35
10066,5/10/2024 1:33:20 PM,0.33
10066,5/10/2024 1:33:30 PM,0.31
10066,5/10/2024 1:33:40 PM,0.29
10066,5/10/2024 1:33:50 PM,0.27
10066,5/10/2024 1:34:00 PM,0.25
10066,5/10/2024 1:34:10 PM,0.23
10066,5/10/2024 1:34:20 PM,0.21
10066,5/10/2024 1:34:30 PM,0.23
10066,5/10/2024 1:34:40 PM,0.28
10066,5/10/2024 1:34:50 PM,0.32
10066,5/10/2024 1:35:00 PM,0.37
10066,5/10/2024 1:35:10 PM,0.41
10066,5/10/2024 1:35:20 PM,0.46
10066,5/10/2024 1:35:30 PM,0.50
10066,5/10/2024 1:35:40 PM,0.55
10066,5/10/2024 1:35:50 PM,0.60
10066,5/10/2024 1:36:00 PM,0.64
10066,5/10/2024 1:36:10 PM,0.69
10066,5/10/2024 1:36:20 PM,0.58
10066,5/10/2024 1:36:30 PM,0.41
10066,5/10/2024 1:36:40 PM,0.23
10066,5/10/2024 1:36:50 PM,0.06
10066,5/10/2024 1:37:00 PM,0.15
10066,5/10/2024 1:37:10 PM,0.37
10066,5/10/2024 1:37:20 PM,0.59
10066,5/10/2024 1:37:30 PM,0.81
10066,5/10/2024 1:37:40 PM,1.03
10066,5/10/2024 1:37:50 PM,0.88
10066,5/10/2024 1:38:00 PM,0.55
10066,5/10/2024 1:38:10 PM,0.23
10066,5/10/2024 1:38:20 PM,-0.10
10066,5/10/2024 1:38:30 PM,-0.18
10066,5/10/2024 1:38:40 PM,-0.14
10066,5/10/2024 1:38:50 PM,-0.11
10066,5/10/2024 1:39:00 PM,-0.07
10066,5/10/2024 1:39:10 PM,-0.04
10066,5/10/2024 1:39:20 PM,-0.01
10066,5/10/2024 1:39:30 PM,0.03
10066,5/10/2024 1:39:40 PM,0.06
10066,5/10/2024 1:39:50 PM,0.10
10066,5/10/2024 1:40:00 PM,0.13
10066,5/10/2024 1:40:10 PM,0.17
10066,5/10/2024 1:40:20 PM,0.20
10066,5/10/2024 1:40:30 PM,0.24
10066,5/10/2024 1:40:40 PM,0.27
10066,5/10/2024 1:40:50 PM,0.30
10066,5/10/2024 1:41:00 PM,0.34
10066,5/10/2024 1:41:10 PM,0.37
10066,5/10/2024 1:41:20 PM,0.41
10066,5/10/2024 1:41:30 PM,0.44
10066,5/10/2024 1:41:40 PM,0.48
10066,5/10/2024 1:41:50 PM,0.51
10066,5/10/2024 1:42:00 PM,0.54
10066,5/10/2024 1:42:10 PM,0.58
10066,5/10/2024 1:42:20 PM,0.61
10066,5/10/2024 1:42:30 PM,0.65
10066,5/10/2024 1:42:40 PM,0.68
10066,5/10/2024 1:42:50 PM,0.72
10066,5/10/2024 1:43:00 PM,0.75
10066,5/10/2024 1:43:10 PM,0.78
10066,5/10/2024 1:43:20 PM,0.82
10066,5/10/2024 1:43:30 PM,0.85
10066,5/10/2024 1:43:40 PM,0.89
10066,5/10/2024 1:43:50 PM,0.92
10066,5/10/2024 1:44:00 PM,0.96
10066,5/10/2024 1:44:10 PM,0.99
10066,5/10/2024 1:44:20 PM,0.93
10066,5/10/2024 1:44:30 PM,0.82
10066,5/10/2024 1:44:40 PM,0.71
10066,5/10/2024 1:44:50 PM,0.60
10066,5/10/2024 1:45:00 PM,0.49
10066,5/10/2024 1:45:10 PM,0.38
10066,5/10/2024 1:45:20 PM,0.34
10066,5/10/2024 1:45:30 PM,0.48
10066,5/10/2024 1:45:40 PM,0.62
10066,5/10/2024 1:45:50 PM,0.76
10066,5/10/2024 1:46:00 PM,0.73
10066,5/10/2024 1:46:10 PM,0.63
10066,5/10/2024 1:46:20 PM,0.53
10066,5/10/2024 1:46:30 PM,0.43
10066,5/10/2024 1:46:40 PM,0.33
10066,5/10/2024 1:46:50 PM,0.23
10066,5/10/2024 1:47:00 PM,0.13
10066,5/10/2024 1:47:10 PM,0.22
10066,5/10/2024 1:47:20 PM,0.39
10066,5/10/2024 1:47:30 PM,0.56
10066,5/10/2024 1:47:40 PM,0.73
10066,5/10/2024 1:47:50 PM,0.90
10066,5/10/2024 1:48:00 PM,1.07
10066,5/10/2024 1:48:10 PM,1.24
10066,5/10/2024 1:48:20 PM,1.08
10066,5/10/2024 1:48:30 PM,0.74
10066,5/10/2024 1:48:40 PM,0.41
10066,5/10/2024 1:48:50 PM,0.38
10066,5/10/2024 1:49:00 PM,0.49
10066,5/10/2024 1:49:10 PM,0.60
10066,5/10/2024 1:49:20 PM,0.71
10066,5/10/2024 1:49:30 PM,0.83
10066,5/10/2024 1:49:40 PM,0.94
10066,5/10/2024 1:49:50 PM,1.05
10066,5/10/2024 1:50:00 PM,1.16
10066,5/10/2024 1:50:10 PM,0.90
10066,5/10/2024 1:50:20 PM,0.45
10066,5/10/2024 1:50:30 PM,0.30
10066,5/10/2024 1:50:40 PM,0.30
10066,5/10/2024 1:50:50 PM,0.30
10066,5/10/2024 1:51:00 PM,0.29
10066,5/10/2024 1:51:10 PM,0.29
10066,5/10/2024 1:51:20 PM,0.29
10066,5/10/2024 1:51:30 PM,0.29
10066,5/10/2024 1:51:40 PM,0.29
10066,5/10/2024 1:51:50 PM,0.29
10066,5/10/2024 1:52:00 PM,0.28
10066,5/10/2024 1:52:10 PM,0.28
10066,5/10/2024 1:52:20 PM,0.28
10066,5/10/2024 1:52:30 PM,0.28
10066,5/10/2024 1:52:40 PM,0.28
10066,5/10/2024 1:52:50 PM,0.28
10066,5/10/2024 1:53:00 PM,0.27
10066,5/10/2024 1:53:10 PM,0.27
10066,5/10/2024 1:53:20 PM,0.27
10066,5/10/2024 1:53:30 PM,0.27
10066,5/10/2024 1:53:40 PM,0.27
10066,5/10/2024 1:53:50 PM,0.27
10066,5/10/2024 1:54:00 PM,0.26
10066,5/10/2024 1:54:10 PM,0.26
10066,5/10/2024 1:54:20 PM,0.26
10066,5/10/2024 1:54:30 PM,0.26
10066,5/10/2024 1:54:40 PM,0.26
10066,5/10/2024 1:54:50 PM,0.26
10066,5/10/2024 1:55:00 PM,0.25
10066,5/10/2024 1:55:10 PM,0.25
10066,5/10/2024 1:55:20 PM,0.25
10066,5/10/2024 1:55:30 PM,0.25
10066,5/10/2024 1:55:40 PM,0.25
10066,5/10/2024 1:55:50 PM,0.25
10066,5/10/2024 1:56:00 PM,0.24
10066,5/10/2024 1:56:10 PM,0.24
10066,5/10/2024 1:56:20 PM,0.24
10066,5/10/2024 1:56:30 PM,0.24
10066,5/10/2024 1:56:40 PM,0.24
10066,5/10/2024 1:56:50 PM,0.24
10066,5/10/2024 1:57:00 PM,0.23
10066,5/10/2024 1:57:10 PM,0.23
10066,5/10/2024 1:57:20 PM,0.23
10066,5/10/2024 1:57:30 PM,0.23
10066,5/10/2024 1:57:40 PM,0.23
10066,5/10/2024 1:57:50 PM,0.23
10066,5/10/2024 1:58:00 PM,0.22
10066,5/10/2024 1:58:10 PM,0.22
10066,5/10/2024 1:58:20 PM,0.22
10066,5/10/2024 1:58:30 PM,0.22
10066,5/10/2024 1:58:40 PM,0.22
10066,5/10/2024 1:58:50 PM,0.21
10066,5/10/2024 1:59:00 PM,0.21
10066,5/10/2024 1:59:10 PM,0.21
10066,5/10/2024 1:59:20 PM,0.21
10066,5/10/2024 1:59:30 PM,0.21
10066,5/10/2024 1:59:40 PM,0.21
10066,5/10/2024 1:59:50 PM,0.20
10066,5/10/2024 2:00:00 PM,0.20
10066,5/10/2024 2:00:10 PM,0.20
10066,5/10/2024 2:00:20 PM,0.39
10066,5/10/2024 2:00:30 PM,0.78
10066,5/10/2024 2:00:40 PM,1.18
10066,5/10/2024 2:00:50 PM,1.20
10066,5/10/2024 2:01:00 PM,1.05
10066,5/10/2024 2:01:10 PM,0.90
10066,5/10/2024 2:01:20 PM,0.75
10066,5/10/2024 2:01:30 PM,0.60
10066,5/10/2024 2:01:40 PM,0.45
10066,5/10/2024 2:01:50 PM,0.43
10066,5/10/2024 2:02:00 PM,0.46
10066,5/10/2024 2:02:10 PM,0.50
10066,5/10/2024 2:02:20 PM,0.54
10066,5/10/2024 2:02:30 PM,0.58
10066,5/10/2024 2:02:40 PM,0.62
10066,5/10/2024 2:02:50 PM,0.65
10066,5/10/2024 2:03:00 PM,0.69
10066,5/10/2024 2:03:10 PM,0.73
10066,5/10/2024 2:03:20 PM,0.77
10066,5/10/2024 2:03:30 PM,0.81
10066,5/10/2024 2:03:40 PM,0.84
10066,5/10/2024 2:03:50 PM,0.88
10066,5/10/2024 2:04:00 PM,0.92
10066,5/10/2024 2:04:10 PM,0.96
10066,5/10/2024 2:04:20 PM,1.00
10066,5/10/2024 2:04:30 PM,1.03
10066,5/10/2024 2:04:40 PM,1.07
10066,5/10/2024 2:04:50 PM,1.11
10066,5/10/2024 2:05:00 PM,1.15
10066,5/10/2024 2:05:10 PM,1.19
10066,5/10/2024 2:05:20 PM,1.22
10066,5/10/2024 2:05:30 PM,1.26
10066,5/10/2024 2:05:40 PM,1.30
10066,5/10/2024 2:05:50 PM,1.34
10066,5/10/2024 2:06:00 PM,1.37
10066,5/10/2024 2:06:10 PM,1.41
10066,5/10/2024 2:06:20 PM,1.45
10066,5/10/2024 2:06:30 PM,1.49
10066,5/10/2024 2:06:40 PM,1.30
10066,5/10/2024 2:06:50 PM,1.00
10066,5/10/2024 2:07:00 PM,0.70
10066,5/10/2024 2:07:10 PM,0.65
10066,5/10/2024 2:07:20 PM,0.71
10066,5/10/2024 2:07:30 PM,0.78
10066,5/10/2024 2:07:40 PM,0.85
10066,5/10/2024 2:07:50 PM,0.91
10066,5/10/2024 2:08:00 PM,0.98
10066,5/10/2024 2:08:10 PM,1.05
10066,5/10/2024 2:08:20 PM,1.11
10066,5/10/2024 2:08:30 PM,1.18
10066,5/10/2024 2:08:40 PM,0.97
10066,5/10/2024 2:08:50 PM,0.64
10066,5/10/2024 2:09:00 PM,0.31
10066,5/10/2024 2:09:10 PM,0.23
10066,5/10/2024 2:09:20 PM,0.26
10066,5/10/2024 2:09:30 PM,0.30
10066,5/10/2024 2:09:40 PM,0.34
10066,5/10/2024 2:09:50 PM,0.38
10066,5/10/2024 2:10:00 PM,0.41
10066,5/10/2024 2:10:10 PM,0.45
10066,5/10/2024 2:10:20 PM,0.49
10066,5/10/2024 2:10:30 PM,0.53
10066,5/10/2024 2:10:40 PM,0.56
10066,5/10/2024 2:10:50 PM,0.60
10066,5/10/2024 2:11:00 PM,0.64
10066,5/10/2024 2:11:10 PM,0.68
10066,5/10/2024 2:11:20 PM,0.72
10066,5/10/2024 2:11:30 PM,0.75
10066,5/10/2024 2:11:40 PM,0.79
10066,5/10/2024 2:11:50 PM,0.83
10066,5/10/2024 2:12:00 PM,0.87
10066,5/10/2024 2:12:10 PM,0.90
10066,5/10/2024 2:12:20 PM,0.94
10066,5/10/2024 2:12:30 PM,0.98
10066,5/10/2024 2:12:40 PM,1.02
10066,5/10/2024 2:12:50 PM,1.05
10066,5/10/2024 2:13:00 PM,1.09
10066,5/10/2024 2:13:10 PM,1.13
10066,5/10/2024 2:13:20 PM,1.17
10066,5/10/2024 2:13:30 PM,1.20
10066,5/10/2024 2:13:40 PM,1.24
10066,5/10/2024 2:13:50 PM,1.28
10066,5/10/2024 2:14:00 PM,1.32
10066,5/10/2024 2:14:10 PM,1.36
10066,5/10/2024 2:14:20 PM,1.39
10066,5/10/2024 2:14:30 PM,1.43
10066,5/10/2024 2:14:40 PM,1.47
10066,5/10/2024 2:14:50 PM,1.51
10066,5/10/2024 2:15:00 PM,1.54
10066,5/10/2024 2:15:10 PM,1.58
10066,5/10/2024 2:15:20 PM,1.54
10066,5/10/2024 2:15:30 PM,1.43
10066,5/10/2024 2:15:40 PM,1.31
10066,5/10/2024 2:15:50 PM,1.19
10066,5/10/2024 2:16:00 PM,1.07
10066,5/10/2024 2:16:10 PM,0.96
10066,5/10/2024 2:16:20 PM,0.84
10066,5/10/2024 2:16:30 PM,0.82
10066,5/10/2024 2:16:40 PM,0.84
10066,5/10/2024 2:16:50 PM,0.86
10066,5/10/2024 2:17:00 PM,0.88
10066,5/10/2024 2:17:10 PM,0.90
10066,5/10/2024 2:17:20 PM,0.92
10066,5/10/2024 2:17:30 PM,0.95
10066,5/10/2024 2:17:40 PM,0.97
10066,5/10/2024 2:17:50 PM,0.99
10066,5/10/2024 2:18:00 PM,1.01
10066,5/10/2024 2:18:10 PM,1.03
10066,5/10/2024 2:18:20 PM,1.05
10066,5/10/2024 2:18:30 PM,1.07
10066,5/10/2024 2:18:40 PM,1.10
10066,5/10/2024 2:18:50 PM,1.12
10066,5/10/2024 2:19:00 PM,1.14
10066,5/10/2024 2:19:10 PM,1.16
10066,5/10/2024 2:19:20 PM,1.18
10066,5/10/2024 2:19:30 PM,1.20
10066,5/10/2024 2:19:40 PM,1.23
10066,5/10/2024 2:19:50 PM,1.25
10066,5/10/2024 2:20:00 PM,1.27
10066,5/10/2024 2:20:10 PM,1.29
10066,5/10/2024 2:20:20 PM,1.31
10066,5/10/2024 2:20:30 PM,1.33
10066,5/10/2024 2:20:40 PM,1.36
10066,5/10/2024 2:20:50 PM,1.38
10066,5/10/2024 2:21:00 PM,1.40
10066,5/10/2024 2:21:10 PM,1.42
10066,5/10/2024 2:21:20 PM,1.44
10066,5/10/2024 2:21:30 PM,1.46
10066,5/10/2024 2:21:40 PM,1.49
10066,5/10/2024 2:21:50 PM,1.51
10066,5/10/2024 2:22:00 PM,1.53
10066,5/10/2024 2:22:10 PM,1.55
10066,5/10/2024 2:22:20 PM,1.57
10066,5/10/2024 2:22:30 PM,1.59
10066,5/10/2024 2:22:40 PM,1.40
10066,5/10/2024 2:22:50 PM,1.10
10066,5/10/2024 2:23:00 PM,0.79
10066,5/10/2024 2:23:10 PM,0.69
10066,5/10/2024 2:23:20 PM,0.68
10066,5/10/2024 2:23:30 PM,0.68
10066,5/10/2024 2:23:40 PM,0.67
10066,5/10/2024 2:23:50 PM,0.66
10066,5/10/2024 2:24:00 PM,0.65
10066,5/10/2024 2:24:10 PM,0.64
10066,5/10/2024 2:24:20 PM,0.63
10066,5/10/2024 2:24:30 PM,0.62
10066,5/10/2024 2:24:40 PM,0.61
10066,5/10/2024 2:24:50 PM,0.60
10066,5/10/2024 2:25:00 PM,0.59
10066,5/10/2024 2:25:10 PM,0.58
10066,5/10/2024 2:25:20 PM,0.57
10066,5/10/2024 2:25:30 PM,0.56
10066,5/10/2024 2:25:40 PM,0.55
10066,5/10/2024 2:25:50 PM,0.55
10066,5/10/2024 2:26:00 PM,0.54
10066,5/10/2024 2:26:10 PM,0.53
10066,5/10/2024 2:26:20 PM,0.52
10066,5/10/2024 2:26:30 PM,0.51
10066,5/10/2024 2:26:40 PM,0.50
10066,5/10/2024 2:26:50 PM,0.49
10066,5/10/2024 2:27:00 PM,0.48
10066,5/10/2024 2:27:10 PM,0.47
10066,5/10/2024 2:27:20 PM,0.46
10066,5/10/2024 2:27:30 PM,0.45
10066,5/10/2024 2:27:40 PM,0.44
10066,5/10/2024 2:27:50 PM,0.43
10066,5/10/2024 2:28:00 PM,0.42
10066,5/10/2024 2:28:10 PM,0.42
10066,5/10/2024 2:28:20 PM,0.41
10066,5/10/2024 2:28:30 PM,0.40
10066,5/10/2024 2:28:40 PM,0.39
10066,5/10/2024 2:28:50 PM,0.38
10066,5/10/2024 2:29:00 PM,0.37
10066,5/10/2024 2:29:10 PM,0.36
10066,5/10/2024 2:29:20 PM,0.35
10066,5/10/2024 2:29:30 PM,0.34
10066,5/10/2024 2:29:40 PM,0.33
10066,5/10/2024 2:29:50 PM,0.32
10066,5/10/2024 2:30:00 PM,0.31
10066,5/10/2024 2:30:10 PM,0.30
10066,5/10/2024 2:30:20 PM,0.31
10066,5/10/2024 2:30:30 PM,0.32
10066,5/10/2024 2:30:40 PM,0.34
10066,5/10/2024 2:30:50 PM,0.35
10066,5/10/2024 2:31:00 PM,0.36
10066,5/10/2024 2:31:10 PM,0.38
10066,5/10/2024 2:31:20 PM,0.39
10066,5/10/2024 2:31:30 PM,0.40
10066,5/10/2024 2:31:40 PM,0.42
10066,5/10/2024 2:31:50 PM,0.43
10066,5/10/2024 2:32:00 PM,0.44
10066,5/10/2024 2:32:10 PM,0.45
10066,5/10/2024 2:32:20 PM,0.47
10066,5/10/2024 2:32:30 PM,0.48
10066,5/10/2024 2:32:40 PM,0.49
10066,5/10/2024 2:32:50 PM,0.51
10066,5/10/2024 2:33:00 PM,0.52
10066,5/10/2024 2:33:10 PM,0.53
10066,5/10/2024 2:33:20 PM,0.55
10066,5/10/2024 2:33:30 PM,0.56
10066,5/10/2024 2:33:40 PM,0.57
10066,5/10/2024 2:33:50 PM,0.59
10066,5/10/2024 2:34:00 PM,0.60
10066,5/10/2024 2:34:10 PM,0.61
10066,5/10/2024 2:34:20 PM,0.63
10066,5/10/2024 2:34:30 PM,0.64
10066,5/10/2024 2:34:40 PM,0.65
10066,5/10/2024 2:34:50 PM,0.67
10066,5/10/2024 2:35:00 PM,0.68
10066,5/10/2024 2:35:10 PM,0.69
10066,5/10/2024 2:35:20 PM,0.71
10066,5/10/2024 2:35:30 PM,0.72
10066,5/10/2024 2:35:40 PM,0.73
10066,5/10/2024 2:35:50 PM,0.75
10066,5/10/2024 2:36:00 PM,0.76
10066,5/10/2024 2:36:10 PM,0.77
10066,5/10/2024 2:36:20 PM,0.79
10066,5/10/2024 2:36:30 PM,0.80
10066,5/10/2024 2:36:40 PM,0.81
10066,5/10/2024 2:36:50 PM,0.83
10066,5/10/2024 2:37:00 PM,0.84
10066,5/10/2024 2:37:10 PM,0.85
10066,5/10/2024 2:37:20 PM,0.86
10066,5/10/2024 2:37:30 PM,0.88
10066,5/10/2024 2:37:40 PM,0.89
10066,5/10/2024 2:37:50 PM,0.90
10066,5/10/2024 2:38:00 PM,0.92
10066,5/10/2024 2:38:10 PM,0.93
10066,5/10/2024 2:38:20 PM,0.94
10066,5/10/2024 2:38:30 PM,0.96
10066,5/10/2024 2:38:40 PM,0.97
10066,5/10/2024 2:38:50 PM,0.98
10066,5/10/2024 2:39:00 PM,1.00
10066,5/10/2024 2:39:10 PM,1.01
10066,5/10/2024 2:39:20 PM,1.02
10066,5/10/2024 2:39:30 PM,1.04
10066,5/10/2024 2:39:40 PM,1.05
10066,5/10/2024 2:39:50 PM,1.06
10066,5/10/2024 2:40:00 PM,1.08
10066,5/10/2024 2:40:10 PM,1.09
10066,5/10/2024 2:40:20 PM,1.10
10066,5/10/2024 2:40:30 PM,1.12
10066,5/10/2024 2:40:40 PM,1.13
10066,5/10/2024 2:40:50 PM,1.14
10066,5/10/2024 2:41:00 PM,1.16
10066,5/10/2024 2:41:10 PM,1.17
10066,5/10/2024 2:41:20 PM,1.18
10066,5/10/2024 2:41:30 PM,1.20
10066,5/10/2024 2:41:40 PM,1.21
10066,5/10/2024 2:41:50 PM,1.22
10066,5/10/2024 2:42:00 PM,1.24
10066,5/10/2024 2:42:10 PM,1.25
10066,5/10/2024 2:42:20 PM,1.26
10066,5/10/2024 2:42:30 PM,1.27
10066,5/10/2024 2:42:40 PM,1.29
10066,5/10/2024 2:42:50 PM,1.30
10066,5/10/2024 2:43:00 PM,1.31
10066,5/10/2024 2:43:10 PM,1.33
10066,5/10/2024 2:43:20 PM,1.34
10066,5/10/2024 2:43:30 PM,1.35
10066,5/10/2024 2:43:40 PM,1.37
10066,5/10/2024 2:43:50 PM,1.38
10066,5/10/2024 2:44:00 PM,1.39
10066,5/10/2024 2:44:10 PM,1.41
10066,5/10/2024 2:44:20 PM,1.42
10066,5/10/2024 2:44:30 PM,1.43
10066,5/10/2024 2:44:40 PM,1.45
10066,5/10/2024 2:44:50 PM,1.46
10066,5/10/2024 2:45:00 PM,1.47
10066,5/10/2024 2:45:10 PM,1.49
10066,5/10/2024 2:45:20 PM,1.50
10066,5/10/2024 2:45:30 PM,1.51
10066,5/10/2024 2:45:40 PM,1.53
10066,5/10/2024 2:45:50 PM,1.54
10066,5/10/2024 2:46:00 PM,1.55
10066,5/10/2024 2:46:10 PM,1.57
10066,5/10/2024 2:46:20 PM,1.58
10066,5/10/2024 2:46:30 PM,1.59
10066,5/10/2024 2:46:40 PM,1.61
10066,5/10/2024 2:46:50 PM,1.62
10066,5/10/2024 2:47:00 PM,1.63
10066,5/10/2024 2:47:10 PM,1.65
10066,5/10/2024 2:47:20 PM,1.66
10066,5/10/2024 2:47:30 PM,1.67
10066,5/10/2024 2:47:40 PM,1.68
10066,5/10/2024 2:47:50 PM,1.70
10066,5/10/2024 2:48:00 PM,1.71
10066,5/10/2024 2:48:10 PM,1.72
10066,5/10/2024 2:48:20 PM,1.74
10066,5/10/2024 2:48:30 PM,1.75
10066,5/10/2024 2:48:40 PM,1.76
10066,5/10/2024 2:48:50 PM,1.78
10066,5/10/2024 2:49:00 PM,1.79
10066,5/10/2024 2:49:10 PM,1.80
10066,5/10/2024 2:49:20 PM,1.82
10066,5/10/2024 2:49:30 PM,1.83
10066,5/10/2024 2:49:40 PM,1.84
10066,5/10/2024 2:49:50 PM,1.86
10066,5/10/2024 2:50:00 PM,1.87
10066,5/10/2024 2:50:10 PM,1.88
10066,5/10/2024 2:50:20 PM,1.90
10066,5/10/2024 2:50:30 PM,1.63
10066,5/10/2024 2:50:40 PM,1.23
10066,5/10/2024 2:50:50 PM,1.17
10066,5/10/2024 2:51:00 PM,1.27
10066,5/10/2024 2:51:10 PM,1.37
10066,5/10/2024 2:51:20 PM,1.47
10066,5/10/2024 2:51:30 PM,1.57
10066,5/10/2024 2:51:40 PM,1.12
10066,5/10/2024 2:51:50 PM,0.89
10066,5/10/2024 2:52:00 PM,0.89
10066,5/10/2024 2:52:10 PM,0.88
10066,5/10/2024 2:52:20 PM,0.87
10066,5/10/2024 2:52:30 PM,0.86
10066,5/10/2024 2:52:40 PM,0.85
10066,5/10/2024 2:52:50 PM,0.84
10066,5/10/2024 2:53:00 PM,0.83
10066,5/10/2024 2:53:10 PM,0.82
10066,5/10/2024 2:53:20 PM,0.81
10066,5/10/2024 2:53:30 PM,0.80
10066,5/10/2024 2:53:40 PM,0.79
10066,5/10/2024 2:53:50 PM,0.79
10066,5/10/2024 2:54:00 PM,0.78
10066,5/10/2024 2:54:10 PM,0.77
10066,5/10/2024 2:54:20 PM,0.76
10066,5/10/2024 2:54:30 PM,0.75
10066,5/10/2024 2:54:40 PM,0.74
10066,5/10/2024 2:54:50 PM,0.73
10066,5/10/2024 2:55:00 PM,0.72
10066,5/10/2024 2:55:10 PM,0.71
10066,5/10/2024 2:55:20 PM,0.70
10066,5/10/2024 2:55:30 PM,0.69
10066,5/10/2024 2:55:40 PM,0.69
10066,5/10/2024 2:55:50 PM,0.68
10066,5/10/2024 2:56:00 PM,0.67
10066,5/10/2024 2:56:10 PM,0.66
10066,5/10/2024 2:56:20 PM,0.65
10066,5/10/2024 2:56:30 PM,0.64
10066,5/10/2024 2:56:40 PM,0.63
10066,5/10/2024 2:56:50 PM,0.62
10066,5/10/2024 2:57:00 PM,0.61
10066,5/10/2024 2:57:10 PM,0.60
10066,5/10/2024 2:57:20 PM,1.62
10066,5/10/2024 2:57:30 PM,0.88
10066,5/10/2024 2:57:40 PM,0.71
10066,5/10/2024 2:57:50 PM,0.83
10066,5/10/2024 2:58:00 PM,0.73
10066,5/10/2024 2:58:10 PM,0.63
10066,5/10/2024 2:58:20 PM,0.53
10066,5/10/2024 2:58:30 PM,-0.18
10066,5/10/2024 2:58:40 PM,-0.28
10066,5/10/2024 2:58:50 PM,0.05
10066,5/10/2024 2:59:00 PM,0.37
10066,5/10/2024 2:59:10 PM,0.69
10066,5/10/2024 2:59:20 PM,0.80
10066,5/10/2024 2:59:30 PM,0.80
10066,5/10/2024 2:59:40 PM,0.80
10066,5/10/2024 2:59:50 PM,0.80
10066,5/10/2024 3:00:00 PM,0.80
10066,5/10/2024 3:00:10 PM,1.34
10066,5/10/2024 3:00:20 PM,1.74
10066,5/10/2024 3:00:30 PM,1.61
10066,5/10/2024 3:00:40 PM,1.49
10066,5/10/2024 3:00:50 PM,1.36
10066,5/10/2024 3:01:00 PM,1.23
10066,5/10/2024 3:01:10 PM,1.10
10066,5/10/2024 3:01:20 PM,0.98
10066,5/10/2024 3:01:30 PM,0.85
10066,5/10/2024 3:01:40 PM,0.72
10066,5/10/2024 3:01:50 PM,0.60
10066,5/10/2024 3:02:00 PM,0.47
10066,5/10/2024 3:02:10 PM,0.34
10066,5/10/2024 3:02:20 PM,0.47
10066,5/10/2024 3:02:30 PM,0.72
10066,5/10/2024 3:02:40 PM,0.97
10066,5/10/2024 3:02:50 PM,1.22
10066,5/10/2024 3:03:00 PM,1.30
10066,5/10/2024 3:03:10 PM,1.31
10066,5/10/2024 3:03:20 PM,1.31
10066,5/10/2024 3:03:30 PM,1.31
10066,5/10/2024 3:03:40 PM,1.31
10066,5/10/2024 3:03:50 PM,1.32
10066,5/10/2024 3:04:00 PM,1.32
10066,5/10/2024 3:04:10 PM,1.32
10066,5/10/2024 3:04:20 PM,1.32
10066,5/10/2024 3:04:30 PM,1.33
10066,5/10/2024 3:04:40 PM,1.33
10066,5/10/2024 3:04:50 PM,1.33
10066,5/10/2024 3:05:00 PM,1.33
10066,5/10/2024 3:05:10 PM,1.34
10066,5/10/2024 3:05:20 PM,1.34
10066,5/10/2024 3:05:30 PM,1.34
10066,5/10/2024 3:05:40 PM,1.35
10066,5/10/2024 3:05:50 PM,1.35
10066,5/10/2024 3:06:00 PM,1.35
10066,5/10/2024 3:06:10 PM,1.35
10066,5/10/2024 3:06:20 PM,1.36
10066,5/10/2024 3:06:30 PM,1.36
10066,5/10/2024 3:06:40 PM,1.36
10066,5/10/2024 3:06:50 PM,1.36
10066,5/10/2024 3:07:00 PM,1.37
10066,5/10/2024 3:07:10 PM,1.37
10066,5/10/2024 3:07:20 PM,1.37
10066,5/10/2024 3:07:30 PM,1.38
10066,5/10/2024 3:07:40 PM,1.38
10066,5/10/2024 3:07:50 PM,1.38
10066,5/10/2024 3:08:00 PM,1.38
10066,5/10/2024 3:08:10 PM,1.39
10066,5/10/2024 3:08:20 PM,1.39
10066,5/10/2024 3:08:30 PM,1.39
10066,5/10/2024 3:08:40 PM,1.39
10066,5/10/2024 3:08:50 PM,1.40
10066,5/10/2024 3:09:00 PM,1.40
10066,5/10/2024 3:09:10 PM,1.40
10066,5/10/2024 3:09:20 PM,1.40
10066,5/10/2024 3:09:30 PM,1.41
10066,5/10/2024 3:09:40 PM,1.41
10066,5/10/2024 3:09:50 PM,1.41
10066,5/10/2024 3:10:00 PM,1.42
10066,5/10/2024 3:10:10 PM,1.42
10066,5/10/2024 3:10:20 PM,1.42
10066,5/10/2024 3:10:30 PM,1.42
10066,5/10/2024 3:10:40 PM,1.43
10066,5/10/2024 3:10:50 PM,1.43
10066,5/10/2024 3:11:00 PM,1.43
10066,5/10/2024 3:11:10 PM,1.43
10066,5/10/2024 3:11:20 PM,1.44
10066,5/10/2024 3:11:30 PM,1.44
10066,5/10/2024 3:11:40 PM,1.44
10066,5/10/2024 3:11:50 PM,1.45
10066,5/10/2024 3:12:00 PM,1.45
10066,5/10/2024 3:12:10 PM,1.45
10066,5/10/2024 3:12:20 PM,1.45
10066,5/10/2024 3:12:30 PM,1.46
10066,5/10/2024 3:12:40 PM,1.46
10066,5/10/2024 3:12:50 PM,1.46
10066,5/10/2024 3:13:00 PM,1.46
10066,5/10/2024 3:13:10 PM,1.47
10066,5/10/2024 3:13:20 PM,1.47
10066,5/10/2024 3:13:30 PM,1.47
10066,5/10/2024 3:13:40 PM,1.47
10066,5/10/2024 3:13:50 PM,1.48
10066,5/10/2024 3:14:00 PM,1.48
10066,5/10/2024 3:14:10 PM,1.48
10066,5/10/2024 3:14:20 PM,1.49
10066,5/10/2024 3:14:30 PM,1.49
10066,5/10/2024 3:14:40 PM,1.49
10066,5/10/2024 3:14:50 PM,1.49
10066,5/10/2024 3:15:00 PM,1.50
10066,5/10/2024 3:15:10 PM,1.50
10066,5/10/2024 3:15:20 PM,1.44
10066,5/10/2024 3:15:30 PM,1.33
10066,5/10/2024 3:15:40 PM,1.22
10066,5/10/2024 3:15:50 PM,1.10
10066,5/10/2024 3:16:00 PM,0.99
10066,5/10/2024 3:16:10 PM,0.88
10066,5/10/2024 3:16:20 PM,0.76
10066,5/10/2024 3:16:30 PM,0.65
10066,5/10/2024 3:16:40 PM,0.54
10066,5/10/2024 3:16:50 PM,0.77
10066,5/10/2024 3:17:00 PM,1.17
10066,5/10/2024 3:17:10 PM,1.24
10066,5/10/2024 3:17:20 PM,1.16
10066,5/10/2024 3:17:30 PM,1.08
10066,5/10/2024 3:17:40 PM,1.00
10066,5/10/2024 3:17:50 PM,0.92
10066,5/10/2024 3:18:00 PM,0.84
10066,5/10/2024 3:18:10 PM,0.75
10066,5/10/2024 3:18:20 PM,0.67
10066,5/10/2024 3:18:30 PM,0.59
10066,5/10/2024 3:18:40 PM,0.51
10066,5/10/2024 3:18:50 PM,0.43
10066,5/10/2024 3:19:00 PM,0.41
10066,5/10/2024 3:19:10 PM,0.43
10066,5/10/2024 3:19:20 PM,0.45
10066,5/10/2024 3:19:30 PM,0.46
10066,5/10/2024 3:19:40 PM,0.48
10066,5/10/2024 3:19:50 PM,0.50
10066,5/10/2024 3:20:00 PM,0.51
10066,5/10/2024 3:20:10 PM,0.53
10066,5/10/2024 3:20:20 PM,0.55
10066,5/10/2024 3:20:30 PM,0.56
10066,5/10/2024 3:20:40 PM,0.58
10066,5/10/2024 3:20:50 PM,0.60
10066,5/10/2024 3:21:00 PM,0.76
10066,5/10/2024 3:21:10 PM,0.99
10066,5/10/2024 3:21:20 PM,1.23
10066,5/10/2024 3:21:30 PM,1.16
10066,5/10/2024 3:21:40 PM,0.96
10066,5/10/2024 3:21:50 PM,0.76
10066,5/10/2024 3:22:00 PM,0.77
10066,5/10/2024 3:22:10 PM,0.87
10066,5/10/2024 3:22:20 PM,0.97
10066,5/10/2024 3:22:30 PM,1.07
10066,5/10/2024 3:22:40 PM,1.17
10066,5/10/2024 3:22:50 PM,1.27
10066,5/10/2024 3:23:00 PM,1.37
10066,5/10/2024 3:23:10 PM,1.47
10066,5/10/2024 3:23:20 PM,1.48
10066,5/10/2024 3:23:30 PM,1.44
10066,5/10/2024 3:23:40 PM,1.41
10066,5/10/2024 3:23:50 PM,1.37
10066,5/10/2024 3:24:00 PM,1.34
10066,5/10/2024 3:24:10 PM,1.30
10066,5/10/2024 3:24:20 PM,1.27
10066,5/10/2024 3:24:30 PM,1.24
10066,5/10/2024 3:24:40 PM,1.20
10066,5/10/2024 3:24:50 PM,1.17
10066,5/10/2024 3:25:00 PM,1.13
10066,5/10/2024 3:25:10 PM,1.10
10066,5/10/2024 3:25:20 PM,1.06
10066,5/10/2024 3:25:30 PM,1.03
10066,5/10/2024 3:25:40 PM,0.99
10066,5/10/2024 3:25:50 PM,0.96
10066,5/10/2024 3:26:00 PM,0.93
10066,5/10/2024 3:26:10 PM,0.89
10066,5/10/2024 3:26:20 PM,0.86
10066,5/10/2024 3:26:30 PM,0.82
10066,5/10/2024 3:26:40 PM,0.79
10066,5/10/2024 3:26:50 PM,0.75
10066,5/10/2024 3:27:00 PM,0.72
10066,5/10/2024 3:27:10 PM,0.68
10066,5/10/2024 3:27:20 PM,0.65
10066,5/10/2024 3:27:30 PM,0.61
10066,5/10/2024 3:27:40 PM,0.58
10066,5/10/2024 3:27:50 PM,0.55
10066,5/10/2024 3:28:00 PM,0.51
10066,5/10/2024 3:28:10 PM,0.64
10066,5/10/2024 3:28:20 PM,0.84
10066,5/10/2024 3:28:30 PM,1.04
10066,5/10/2024 3:28:40 PM,1.24
10066,5/10/2024 3:28:50 PM,1.44
10066,5/10/2024 3:29:00 PM,1.43
10066,5/10/2024 3:29:10 PM,1.32
10066,5/10/2024 3:29:20 PM,1.21
10066,5/10/2024 3:29:30 PM,1.10
10066,5/10/2024 3:29:40 PM,0.99
10066,5/10/2024 3:29:50 PM,0.88
10066,5/10/2024 3:30:00 PM,0.77
10066,5/10/2024 3:30:10 PM,0.66
10066,5/10/2024 3:30:20 PM,0.61
10066,5/10/2024 3:30:30 PM,0.64
10066,5/10/2024 3:30:40 PM,0.67
10066,5/10/2024 3:30:50 PM,0.69
10066,5/10/2024 3:31:00 PM,0.72
10066,5/10/2024 3:31:10 PM,0.74
10066,5/10/2024 3:31:20 PM,0.77
10066,5/10/2024 3:31:30 PM,0.79
10066,5/10/2024 3:31:40 PM,0.82
10066,5/10/2024 3:31:50 PM,0.85
10066,5/10/2024 3:32:00 PM,0.87
10066,5/10/2024 3:32:10 PM,0.90
10066,5/10/2024 3:32:20 PM,0.92
10066,5/10/2024 3:32:30 PM,0.95
10066,5/10/2024 3:32:40 PM,0.98
10066,5/10/2024 3:32:50 PM,1.00
10066,5/10/2024 3:33:00 PM,1.03
10066,5/10/2024 3:33:10 PM,1.05
10066,5/10/2024 3:33:20 PM,1.08
10066,5/10/2024 3:33:30 PM,1.11
10066,5/10/2024 3:33:40 PM,1.13
10066,5/10/2024 3:33:50 PM,1.16
10066,5/10/2024 3:34:00 PM,1.18
10066,5/10/2024 3:34:10 PM,1.21
10066,5/10/2024 3:34:20 PM,1.24
10066,5/10/2024 3:34:30 PM,1.26
10066,5/10/2024 3:34:40 PM,1.29
10066,5/10/2024 3:34:50 PM,1.31
10066,5/10/2024 3:35:00 PM,1.34
10066,5/10/2024 3:35:10 PM,1.37
10066,5/10/2024 3:35:20 PM,1.39
10066,5/10/2024 3:35:30 PM,1.36
10066,5/10/2024 3:35:40 PM,1.30
10066,5/10/2024 3:35:50 PM,1.24
10066,5/10/2024 3:36:00 PM,1.18
10066,5/10/2024 3:36:10 PM,1.12
10066,5/10/2024 3:36:20 PM,1.06
10066,5/10/2024 3:36:30 PM,1.00
10066,5/10/2024 3:36:40 PM,0.94
10066,5/10/2024 3:36:50 PM,0.88
10066,5/10/2024 3:37:00 PM,0.82
10066,5/10/2024 3:37:10 PM,0.76
10066,5/10/2024 3:37:20 PM,0.70
10066,5/10/2024 3:37:30 PM,0.64
10066,5/10/2024 3:37:40 PM,0.58
10066,5/10/2024 3:37:50 PM,0.52
10066,5/10/2024 3:38:00 PM,0.77
10066,5/10/2024 3:38:10 PM,1.17
10066,5/10/2024 3:38:20 PM,1.57
10066,5/10/2024 3:38:30 PM,1.67
10066,5/10/2024 3:38:40 PM,1.62
10066,5/10/2024 3:38:50 PM,1.57
10066,5/10/2024 3:39:00 PM,1.53
10066,5/10/2024 3:39:10 PM,1.48
10066,5/10/2024 3:39:20 PM,1.43
10066,5/10/2024 3:39:30 PM,1.38
10066,5/10/2024 3:39:40 PM,1.34
10066,5/10/2024 3:39:50 PM,1.29
10066,5/10/2024 3:40:00 PM,1.24
10066,5/10/2024 3:40:10 PM,1.19
10066,5/10/2024 3:40:20 PM,1.15
10066,5/10/2024 3:40:30 PM,1.10
10066,5/10/2024 3:40:40 PM,1.05
10066,5/10/2024 3:40:50 PM,1.00
10066,5/10/2024 3:41:00 PM,0.96
10066,5/10/2024 3:41:10 PM,0.91
10066,5/10/2024 3:41:20 PM,0.86
10066,5/10/2024 3:41:30 PM,0.82
10066,5/10/2024 3:41:40 PM,1.07
10066,5/10/2024 3:41:50 PM,1.47
10066,5/10/2024 3:42:00 PM,1.87
10066,5/10/2024 3:42:10 PM,1.70
10066,5/10/2024 3:42:20 PM,1.27
10066,5/10/2024 3:42:30 PM,0.84
10066,5/10/2024 3:42:40 PM,0.80
10066,5/10/2024 3:42:50 PM,0.94
10066,5/10/2024 3:43:00 PM,1.08
10066,5/10/2024 3:43:10 PM,1.22
10066,5/10/2024 3:43:20 PM,1.36
10066,5/10/2024 3:43:30 PM,1.38
10066,5/10/2024 3:43:40 PM,1.35
10066,5/10/2024 3:43:50 PM,1.32
10066,5/10/2024 3:44:00 PM,1.29
10066,5/10/2024 3:44:10 PM,1.26
10066,5/10/2024 3:44:20 PM,1.23
10066,5/10/2024 3:44:30 PM,1.21
10066,5/10/2024 3:44:40 PM,1.18
10066,5/10/2024 3:44:50 PM,1.15
10066,5/10/2024 3:45:00 PM,1.12
10066,5/10/2024 3:45:10 PM,1.09
10066,5/10/2024 3:45:20 PM,1.06
10066,5/10/2024 3:45:30 PM,1.03
10066,5/10/2024 3:45:40 PM,1.00
10066,5/10/2024 3:45:50 PM,0.97
10066,5/10/2024 3:46:00 PM,0.94
10066,5/10/2024 3:46:10 PM,0.91
10066,5/10/2024 3:46:20 PM,0.88
10066,5/10/2024 3:46:30 PM,0.86
10066,5/10/2024 3:46:40 PM,0.83
10066,5/10/2024 3:46:50 PM,0.80
10066,5/10/2024 3:47:00 PM,0.77
10066,5/10/2024 3:47:10 PM,0.74
10066,5/10/2024 3:47:20 PM,0.71
10066,5/10/2024 3:47:30 PM,0.91
10066,5/10/2024 3:47:40 PM,1.21
10066,5/10/2024 3:47:50 PM,1.26
10066,5/10/2024 3:48:00 PM,1.19
10066,5/10/2024 3:48:10 PM,1.13
10066,5/10/2024 3:48:20 PM,1.06
10066,5/10/2024 3:48:30 PM,1.00
10066,5/10/2024 3:48:40 PM,0.94
10066,5/10/2024 3:48:50 PM,0.87
10066,5/10/2024 3:49:00 PM,0.81
10066,5/10/2024 3:49:10 PM,0.74
10066,5/10/2024 3:49:20 PM,0.68
10066,5/10/2024 3:49:30 PM,0.61
10066,5/10/2024 3:49:40 PM,0.55
10066,5/10/2024 3:49:50 PM,0.49
10066,5/10/2024 3:50:00 PM,0.42
10066,5/10/2024 3:50:10 PM,0.94
10066,5/10/2024 3:50:20 PM,1.21
10066,5/10/2024 3:50:30 PM,1.21
10066,5/10/2024 3:50:40 PM,1.22
10066,5/10/2024 3:50:50 PM,1.23
10066,5/10/2024 3:51:00 PM,1.23
10066,5/10/2024 3:51:10 PM,1.24
10066,5/10/2024 3:51:20 PM,1.25
10066,5/10/2024 3:51:30 PM,1.25
10066,5/10/2024 3:51:40 PM,1.26
10066,5/10/2024 3:51:50 PM,1.27
10066,5/10/2024 3:52:00 PM,1.27
10066,5/10/2024 3:52:10 PM,1.28
10066,5/10/2024 3:52:20 PM,1.29
10066,5/10/2024 3:52:30 PM,1.29
10066,5/10/2024 3:52:40 PM,1.30
10066,5/10/2024 3:52:50 PM,1.31
10066,5/10/2024 3:53:00 PM,1.31
10066,5/10/2024 3:53:10 PM,1.32
10066,5/10/2024 3:53:20 PM,1.33
10066,5/10/2024 3:53:30 PM,1.33
10066,5/10/2024 3:53:40 PM,1.34
10066,5/10/2024 3:53:50 PM,1.35
10066,5/10/2024 3:54:00 PM,1.36
10066,5/10/2024 3:54:10 PM,1.36
10066,5/10/2024 3:54:20 PM,1.37
10066,5/10/2024 3:54:30 PM,1.38
10066,5/10/2024 3:54:40 PM,1.38
10066,5/10/2024 3:54:50 PM,1.39
10066,5/10/2024 3:55:00 PM,1.40
10066,5/10/2024 3:55:10 PM,1.40
10066,5/10/2024 3:55:20 PM,1.41
10066,5/10/2024 3:55:30 PM,1.42
10066,5/10/2024 3:55:40 PM,1.42
10066,5/10/2024 3:55:50 PM,1.43
10066,5/10/2024 3:56:00 PM,1.44
10066,5/10/2024 3:56:10 PM,1.44
10066,5/10/2024 3:56:20 PM,1.45
10066,5/10/2024 3:56:30 PM,1.46
10066,5/10/2024 3:56:40 PM,1.46
10066,5/10/2024 3:56:50 PM,1.47
10066,5/10/2024 3:57:00 PM,1.48
10066,5/10/2024 3:57:10 PM,1.48
10066,5/10/2024 3:57:20 PM,1.49
10066,5/10/2024 3:57:30 PM,1.50
10066,5/10/2024 3:57:40 PM,1.51
10066,5/10/2024 3:57:50 PM,1.51
10066,5/10/2024 3:58:00 PM,1.52
10066,5/10/2024 3:58:10 PM,1.53
10066,5/10/2024 3:58:20 PM,1.53
10066,5/10/2024 3:58:30 PM,1.54
10066,5/10/2024 3:58:40 PM,1.55
10066,5/10/2024 3:58:50 PM,1.55
10066,5/10/2024 3:59:00 PM,1.56
10066,5/10/2024 3:59:10 PM,1.57
10066,5/10/2024 3:59:20 PM,1.57
10066,5/10/2024 3:59:30 PM,1.58
10066,5/10/2024 3:59:40 PM,1.59
10066,5/10/2024 3:59:50 PM,1.59
10066,5/10/2024 4:00:00 PM,1.60
10066,5/10/2024 4:00:10 PM,1.61
10066,5/10/2024 4:00:20 PM,1.61
10066,5/10/2024 4:00:30 PM,1.62
10066,5/10/2024 4:00:40 PM,1.63
10066,5/10/2024 4:00:50 PM,1.63
10066,5/10/2024 4:01:00 PM,1.64
10066,5/10/2024 4:01:10 PM,1.65
10066,5/10/2024 4:01:20 PM,1.66
10066,5/10/2024 4:01:30 PM,1.66
10066,5/10/2024 4:01:40 PM,1.67
10066,5/10/2024 4:01:50 PM,1.68
10066,5/10/2024 4:02:00 PM,1.68
10066,5/10/2024 4:02:10 PM,1.69
10066,5/10/2024 4:02:20 PM,1.70
10066,5/10/2024 4:02:30 PM,1.70
10066,5/10/2024 4:02:40 PM,1.71
10066,5/10/2024 4:02:50 PM,1.72
10066,5/10/2024 4:03:00 PM,1.72
10066,5/10/2024 4:03:10 PM,1.73
10066,5/10/2024 4:03:20 PM,1.74
10066,5/10/2024 4:03:30 PM,1.74
10066,5/10/2024 4:03:40 PM,1.75
10066,5/10/2024 4:03:50 PM,1.76
10066,5/10/2024 4:04:00 PM,1.76
10066,5/10/2024 4:04:10 PM,1.77
10066,5/10/2024 4:04:20 PM,1.78
10066,5/10/2024 4:04:30 PM,1.78
10066,5/10/2024 4:04:40 PM,1.79
10066,5/10/2024 4:04:50 PM,1.80
10066,5/10/2024 4:05:00 PM,1.48
10066,5/10/2024 4:05:10 PM,1.02
10066,5/10/2024 4:05:20 PM,0.55
10066,5/10/2024 4:05:30 PM,0.63
10066,5/10/2024 4:05:40 PM,0.96
10066,5/10/2024 4:05:50 PM,1.30
10066,5/10/2024 4:06:00 PM,1.36
10066,5/10/2024 4:06:10 PM,1.31
10066,5/10/2024 4:06:20 PM,1.25
10066,5/10/2024 4:06:30 PM,1.20
10066,5/10/2024 4:06:40 PM,1.14
10066,5/10/2024 4:06:50 PM,1.09
10066,5/10/2024 4:07:00 PM,1.03
10066,5/10/2024 4:07:10 PM,0.98
10066,5/10/2024 4:07:20 PM,0.92
10066,5/10/2024 4:07:30 PM,0.87
10066,5/10/2024 4:07:40 PM,0.81
10066,5/10/2024 4:07:50 PM,0.76
10066,5/10/2024 4:08:00 PM,0.70
10066,5/10/2024 4:08:10 PM,0.65
10066,5/10/2024 4:08:20 PM,0.59
10066,5/10/2024 4:08:30 PM,0.54
10066,5/10/2024 4:08:40 PM,0.48
10066,5/10/2024 4:08:50 PM,0.43
10066,5/10/2024 4:09:00 PM,0.37
10066,5/10/2024 4:09:10 PM,0.32
10066,5/10/2024 4:09:20 PM,1.25
10066,5/10/2024 4:09:30 PM,1.58
10066,5/10/2024 4:09:40 PM,1.41
10066,5/10/2024 4:09:50 PM,1.23
10066,5/10/2024 4:10:00 PM,1.06
10066,5/10/2024 4:10:10 PM,1.01
10066,5/10/2024 4:10:20 PM,1.02
10066,5/10/2024 4:10:30 PM,1.03
10066,5/10/2024 4:10:40 PM,1.04
10066,5/10/2024 4:10:50 PM,1.05
10066,5/10/2024 4:11:00 PM,1.07
10066,5/10/2024 4:11:10 PM,1.08
10066,5/10/2024 4:11:20 PM,1.09
10066,5/10/2024 4:11:30 PM,1.10
10066,5/10/2024 4:11:40 PM,1.11
10066,5/10/2024 4:11:50 PM,1.12
10066,5/10/2024 4:12:00 PM,1.13
10066,5/10/2024 4:12:10 PM,1.15
10066,5/10/2024 4:12:20 PM,1.16
10066,5/10/2024 4:12:30 PM,1.17
10066,5/10/2024 4:12:40 PM,1.18
10066,5/10/2024 4:12:50 PM,1.19
10066,5/10/2024 4:13:00 PM,1.20
10066,5/10/2024 4:13:10 PM,1.21
10066,5/10/2024 4:13:20 PM,1.23
10066,5/10/2024 4:13:30 PM,1.24
10066,5/10/2024 4:13:40 PM,1.25
10066,5/10/2024 4:13:50 PM,1.26
10066,5/10/2024 4:14:00 PM,1.27
10066,5/10/2024 4:14:10 PM,1.28
10066,5/10/2024 4:14:20 PM,1.30
10066,5/10/2024 4:14:30 PM,1.31
10066,5/10/2024 4:14:40 PM,1.32
10066,5/10/2024 4:14:50 PM,1.33
10066,5/10/2024 4:15:00 PM,1.34
10066,5/10/2024 4:15:10 PM,1.35
10066,5/10/2024 4:15:20 PM,1.36
10066,5/10/2024 4:15:30 PM,1.38
10066,5/10/2024 4:15:40 PM,1.39
10066,5/10/2024 4:15:50 PM,1.40
10066,5/10/2024 4:16:00 PM,1.41
10066,5/10/2024 4:16:10 PM,1.42
10066,5/10/2024 4:16:20 PM,1.43
10066,5/10/2024 4:16:30 PM,1.44
10066,5/10/2024 4:16:40 PM,1.46
10066,5/10/2024 4:16:50 PM,1.47
10066,5/10/2024 4:17:00 PM,1.48
10066,5/10/2024 4:17:10 PM,1.49
10066,5/10/2024 4:17:20 PM,1.50
10066,5/10/2024 4:17:30 PM,1.51
10066,5/10/2024 4:17:40 PM,1.52
10066,5/10/2024 4:17:50 PM,1.54
10066,5/10/2024 4:18:00 PM,1.55
10066,5/10/2024 4:18:10 PM,1.56
10066,5/10/2024 4:18:20 PM,1.57
10066,5/10/2024 4:18:30 PM,1.58
10066,5/10/2024 4:18:40 PM,1.59
10066,5/10/2024 4:18:50 PM,1.60
10066,5/10/2024 4:19:00 PM,1.62
10066,5/10/2024 4:19:10 PM,1.63
10066,5/10/2024 4:19:20 PM,1.64
10066,5/10/2024 4:19:30 PM,1.65
10066,5/10/2024 4:19:40 PM,1.66
10066,5/10/2024 4:19:50 PM,1.67
10066,5/10/2024 4:20:00 PM,1.69
10066,5/10/2024 4:20:10 PM,1.70
10066,5/10/2024 4:20:20 PM,1.69
10066,5/10/2024 4:20:30 PM,1.69
10066,5/10/2024 4:20:40 PM,1.68
10066,5/10/2024 4:20:50 PM,1.67
10066,5/10/2024 4:21:00 PM,1.66
10066,5/10/2024 4:21:10 PM,1.65
10066,5/10/2024 4:21:20 PM,1.64
10066,5/10/2024 4:21:30 PM,1.63
10066,5/10/2024 4:21:40 PM,1.62
10066,5/10/2024 4:21:50 PM,1.61
10066,5/10/2024 4:22:00 PM,1.60
10066,5/10/2024 4:22:10 PM,1.59
10066,5/10/2024 4:22:20 PM,1.59
10066,5/10/2024 4:22:30 PM,1.58
10066,5/10/2024 4:22:40 PM,1.57
10066,5/10/2024 4:22:50 PM,1.56
10066,5/10/2024 4:23:00 PM,1.55
10066,5/10/2024 4:23:10 PM,1.54
10066,5/10/2024 4:23:20 PM,1.53
10066,5/10/2024 4:23:30 PM,1.52
10066,5/10/2024 4:23:40 PM,1.51
10066,5/10/2024 4:23:50 PM,1.50
10066,5/10/2024 4:24:00 PM,1.38
10066,5/10/2024 4:24:10 PM,1.21
10066,5/10/2024 4:24:20 PM,1.03
10066,5/10/2024 4:24:30 PM,0.86
10066,5/10/2024 4:24:40 PM,0.83
10066,5/10/2024 4:24:50 PM,0.87
10066,5/10/2024 4:25:00 PM,0.91
10066,5/10/2024 4:25:10 PM,0.95
10066,5/10/2024 4:25:20 PM,0.99
10066,5/10/2024 4:25:30 PM,1.03
10066,5/10/2024 4:25:40 PM,1.07
10066,5/10/2024 4:25:50 PM,1.11
10066,5/10/2024 4:26:00 PM,1.15
10066,5/10/2024 4:26:10 PM,1.20
10066,5/10/2024 4:26:20 PM,1.24
10066,5/10/2024 4:26:30 PM,1.28
10066,5/10/2024 4:26:40 PM,1.32
10066,5/10/2024 4:26:50 PM,1.36
10066,5/10/2024 4:27:00 PM,1.40
10066,5/10/2024 4:27:10 PM,1.44
10066,5/10/2024 4:27:20 PM,1.48
10066,5/10/2024 4:27:30 PM,1.52
10066,5/10/2024 4:27:40 PM,1.56
10066,5/10/2024 4:27:50 PM,1.60
10066,5/10/2024 4:28:00 PM,1.64
10066,5/10/2024 4:28:10 PM,1.68
10066,5/10/2024 4:28:20 PM,1.72
10066,5/10/2024 4:28:30 PM,1.77
10066,5/10/2024 4:28:40 PM,1.81
10066,5/10/2024 4:28:50 PM,1.85
10066,5/10/2024 4:29:00 PM,1.89
10066,5/10/2024 4:29:10 PM,1.63
10066,5/10/2024 4:29:20 PM,1.23
10066,5/10/2024 4:29:30 PM,1.11
10066,5/10/2024 4:29:40 PM,1.11
10066,5/10/2024 4:29:50 PM,1.12
10066,5/10/2024 4:30:00 PM,1.13
10066,5/10/2024 4:30:10 PM,1.14
10066,5/10/2024 4:30:20 PM,1.15
10066,5/10/2024 4:30:30 PM,1.16
10066,5/10/2024 4:30:40 PM,1.16
10066,5/10/2024 4:30:50 PM,1.17
10066,5/10/2024 4:31:00 PM,1.18
10066,5/10/2024 4:31:10 PM,1.19
10066,5/10/2024 4:31:20 PM,1.20
10066,5/10/2024 4:31:30 PM,1.21
10066,5/10/2024 4:31:40 PM,1.21
10066,5/10/2024 4:31:50 PM,1.22
10066,5/10/2024 4:32:00 PM,1.23
10066,5/10/2024 4:32:10 PM,1.24
10066,5/10/2024 4:32:20 PM,1.25
10066,5/10/2024 4:32:30 PM,1.26
10066,5/10/2024 4:32:40 PM,1.26
10066,5/10/2024 4:32:50 PM,1.27
10066,5/10/2024 4:33:00 PM,1.28
10066,5/10/2024 4:33:10 PM,1.29
10066,5/10/2024 4:33:20 PM,1.30
10066,5/10/2024 4:33:30 PM,1.31
10066,5/10/2024 4:33:40 PM,1.31
10066,5/10/2024 4:33:50 PM,1.32
10066,5/10/2024 4:34:00 PM,1.33
10066,5/10/2024 4:34:10 PM,1.34
10066,5/10/2024 4:34:20 PM,1.35
10066,5/10/2024 4:34:30 PM,1.36
10066,5/10/2024 4:34:40 PM,1.36
10066,5/10/2024 4:34:50 PM,1.37
10066,5/10/2024 4:35:00 PM,1.38
10066,5/10/2024 4:35:10 PM,1.39
10066,5/10/2024 4:35:20 PM,1.40
10066,5/10/2024 4:35:30 PM,1.41
10066,5/10/2024 4:35:40 PM,1.41
10066,5/10/2024 4:35:50 PM,1.42
10066,5/10/2024 4:36:00 PM,1.43
10066,5/10/2024 4:36:10 PM,1.44
10066,5/10/2024 4:36:20 PM,1.45
10066,5/10/2024 4:36:30 PM,1.46
10066,5/10/2024 4:36:40 PM,1.46
10066,5/10/2024 4:36:50 PM,1.47
10066,5/10/2024 4:37:00 PM,1.48
10066,5/10/2024 4:37:10 PM,1.49
10066,5/10/2024 4:37:20 PM,1.50
10066,5/10/2024 4:37:30 PM,1.37
10066,5/10/2024 4:37:40 PM,1.19
10066,5/10/2024 4:37:50 PM,1.00
10066,5/10/2024 4:38:00 PM,0.97
10066,5/10/2024 4:38:10 PM,1.13
10066,5/10/2024 4:38:20 PM,1.28
10066,5/10/2024 4:38:30 PM,1.44
10066,5/10/2024 4:38:40 PM,1.60
10066,5/10/2024 4:38:50 PM,1.75
10066,5/10/2024 4:39:00 PM,1.70
10066,5/10/2024 4:39:10 PM,1.55
10066,5/10/2024 4:39:20 PM,1.40
10066,5/10/2024 4:39:30 PM,1.25
10066,5/10/2024 4:39:40 PM,1.44
10066,5/10/2024 4:39:50 PM,1.79
10066,5/10/2024 4:40:00 PM,1.78
10066,5/10/2024 4:40:10 PM,1.60
10066,5/10/2024 4:40:20 PM,1.42
10066,5/10/2024 4:40:30 PM,1.24
10066,5/10/2024 4:40:40 PM,1.06
10066,5/10/2024 4:40:50 PM,1.02
10066,5/10/2024 4:41:00 PM,1.04
10066,5/10/2024 4:41:10 PM,1.07
10066,5/10/2024 4:41:20 PM,1.10
10066,5/10/2024 4:41:30 PM,1.12
10066,5/10/2024 4:41:40 PM,1.15
10066,5/10/2024 4:41:50 PM,1.17
10066,5/10/2024 4:42:00 PM,1.20
10066,5/10/2024 4:42:10 PM,1.22
10066,5/10/2024 4:42:20 PM,1.25
10066,5/10/2024 4:42:30 PM,1.28
10066,5/10/2024 4:42:40 PM,1.30
10066,5/10/2024 4:42:50 PM,1.33
10066,5/10/2024 4:43:00 PM,1.35
10066,5/10/2024 4:43:10 PM,1.38
10066,5/10/2024 4:43:20 PM,1.40
10066,5/10/2024 4:43:30 PM,1.43
10066,5/10/2024 4:43:40 PM,1.46
10066,5/10/2024 4:43:50 PM,1.48
10066,5/10/2024 4:44:00 PM,1.51
10066,5/10/2024 4:44:10 PM,1.53
10066,5/10/2024 4:44:20 PM,1.56
10066,5/10/2024 4:44:30 PM,1.58
10066,5/10/2024 4:44:40 PM,1.61
10066,5/10/2024 4:44:50 PM,1.64
10066,5/10/2024 4:45:00 PM,1.66
10066,5/10/2024 4:45:10 PM,1.69
10066,5/10/2024 4:45:20 PM,1.49
10066,5/10/2024 4:45:30 PM,1.04
10066,5/10/2024 4:45:40 PM,0.91
10066,5/10/2024 4:45:50 PM,0.94
10066,5/10/2024 4:46:00 PM,0.96
10066,5/10/2024 4:46:10 PM,0.98
10066,5/10/2024 4:46:20 PM,1.00
10066,5/10/2024 4:46:30 PM,1.02
10066,5/10/2024 4:46:40 PM,1.04
10066,5/10/2024 4:46:50 PM,1.06
10066,5/10/2024 4:47:00 PM,1.08
10066,5/10/2024 4:47:10 PM,1.10
10066,5/10/2024 4:47:20 PM,1.12
10066,5/10/2024 4:47:30 PM,1.14
10066,5/10/2024 4:47:40 PM,1.16
10066,5/10/2024 4:47:50 PM,1.18
10066,5/10/2024 4:48:00 PM,1.20
10066,5/10/2024 4:48:10 PM,1.22
10066,5/10/2024 4:48:20 PM,1.25
10066,5/10/2024 4:48:30 PM,1.27
10066,5/10/2024 4:48:40 PM,1.29
10066,5/10/2024 4:48:50 PM,1.31
10066,5/10/2024 4:49:00 PM,1.33
10066,5/10/2024 4:49:10 PM,1.35
10066,5/10/2024 4:49:20 PM,1.37
10066,5/10/2024 4:49:30 PM,1.39
10066,5/10/2024 4:49:40 PM,1.41
10066,5/10/2024 4:49:50 PM,1.43
10066,5/10/2024 4:50:00 PM,1.45
10066,5/10/2024 4:50:10 PM,1.47
10066,5/10/2024 4:50:20 PM,1.49
10066,5/10/2024 4:50:30 PM,1.50
10066,5/10/2024 4:50:40 PM,1.49
10066,5/10/2024 4:50:50 PM,1.49
10066,5/10/2024 4:51:00 PM,1.48
10066,5/10/2024 4:51:10 PM,1.48
10066,5/10/2024 4:51:20 PM,1.47
10066,5/10/2024 4:51:30 PM,1.47
10066,5/10/2024 4:51:40 PM,1.46
10066,5/10/2024 4:51:50 PM,1.46
10066,5/10/2024 4:52:00 PM,1.46
10066,5/10/2024 4:52:10 PM,1.45
10066,5/10/2024 4:52:20 PM,1.45
10066,5/10/2024 4:52:30 PM,1.44
10066,5/10/2024 4:52:40 PM,1.44
10066,5/10/2024 4:52:50 PM,1.43
10066,5/10/2024 4:53:00 PM,1.43
10066,5/10/2024 4:53:10 PM,1.42
10066,5/10/2024 4:53:20 PM,1.42
10066,5/10/2024 4:53:30 PM,1.41
10066,5/10/2024 4:53:40 PM,1.41
10066,5/10/2024 4:53:50 PM,1.40
10066,5/10/2024 4:54:00 PM,1.40
10066,5/10/2024 4:54:10 PM,1.39
10066,5/10/2024 4:54:20 PM,1.39
10066,5/10/2024 4:54:30 PM,1.38
10066,5/10/2024 4:54:40 PM,1.38
10066,5/10/2024 4:54:50 PM,1.38
10066,5/10/2024 4:55:00 PM,1.37
10066,5/10/2024 4:55:10 PM,1.37
10066,5/10/2024 4:55:20 PM,1.36
10066,5/10/2024 4:55:30 PM,1.36
10066,5/10/2024 4:55:40 PM,1.35
10066,5/10/2024 4:55:50 PM,1.35
10066,5/10/2024 4:56:00 PM,1.34
10066,5/10/2024 4:56:10 PM,1.34
10066,5/10/2024 4:56:20 PM,1.33
10066,5/10/2024 4:56:30 PM,1.33
10066,5/10/2024 4:56:40 PM,1.32
10066,5/10/2024 4:56:50 PM,1.32
10066,5/10/2024 4:57:00 PM,1.31
10066,5/10/2024 4:57:10 PM,1.31
10066,5/10/2024 4:57:20 PM,1.31
10066,5/10/2024 4:57:30 PM,1.30
10066,5/10/2024 4:57:40 PM,1.30
10066,5/10/2024 4:57:50 PM,1.29
10066,5/10/2024 4:58:00 PM,1.29
10066,5/10/2024 4:58:10 PM,1.28
10066,5/10/2024 4:58:20 PM,1.28
10066,5/10/2024 4:58:30 PM,1.27
10066,5/10/2024 4:58:40 PM,1.27
10066,5/10/2024 4:58:50 PM,1.26
10066,5/10/2024 4:59:00 PM,1.26
10066,5/10/2024 4:59:10 PM,1.25
10066,5/10/2024 4:59:20 PM,1.25
10066,5/10/2024 4:59:30 PM,1.24
10066,5/10/2024 4:59:40 PM,1.24
10066,5/10/2024 4:59:50 PM,1.23
10066,5/10/2024 5:00:00 PM,1.23
10066,5/10/2024 5:00:10 PM,1.23
10066,5/10/2024 5:00:20 PM,1.22
10066,5/10/2024 5:00:30 PM,1.22
10066,5/10/2024 5:00:40 PM,1.21
10066,5/10/2024 5:00:50 PM,1.21
10066,5/10/2024 5:01:00 PM,1.20
10066,5/10/2024 5:01:10 PM,1.25
10066,5/10/2024 5:01:20 PM,1.32
10066,5/10/2024 5:01:30 PM,1.40
10066,5/10/2024 5:01:40 PM,1.47
10066,5/10/2024 5:01:50 PM,1.54
10066,5/10/2024 5:02:00 PM,1.61
10066,5/10/2024 5:02:10 PM,1.69
10066,5/10/2024 5:02:20 PM,1.76
10066,5/10/2024 5:02:30 PM,1.83
10066,5/10/2024 5:02:40 PM,1.91
10066,5/10/2024 5:02:50 PM,1.98
10066,5/10/2024 5:03:00 PM,1.75
10066,5/10/2024 5:03:10 PM,1.38
10066,5/10/2024 5:03:20 PM,1.02
10066,5/10/2024 5:03:30 PM,0.97
10066,5/10/2024 5:03:40 PM,1.07
10066,5/10/2024 5:03:50 PM,1.17
10066,5/10/2024 5:04:00 PM,1.27
10066,5/10/2024 5:04:10 PM,1.37
10066,5/10/2024 5:04:20 PM,1.47
10066,5/10/2024 5:04:30 PM,1.57
10066,5/10/2024 5:04:40 PM,1.67
10066,5/10/2024 5:04:50 PM,1.77
10066,5/10/2024 5:05:00 PM,1.87
10066,5/10/2024 5:05:10 PM,1.97
10066,5/10/2024 5:05:20 PM,1.73
10066,5/10/2024 5:05:30 PM,1.33
10066,5/10/2024 5:05:40 PM,1.14
10066,5/10/2024 5:05:50 PM,1.05
10066,5/10/2024 5:06:00 PM,0.95
10066,5/10/2024 5:06:10 PM,0.86
10066,5/10/2024 5:06:20 PM,0.77
10066,5/10/2024 5:06:30 PM,0.68
10066,5/10/2024 5:06:40 PM,0.58
10066,5/10/2024 5:06:50 PM,0.49
10066,5/10/2024 5:07:00 PM,0.40
10066,5/10/2024 5:07:10 PM,0.31
10066,5/10/2024 5:07:20 PM,0.21
10066,5/10/2024 5:07:30 PM,0.12
10066,5/10/2024 5:07:40 PM,0.03
10066,5/10/2024 5:07:50 PM,0.07
10066,5/10/2024 5:08:00 PM,0.17
10066,5/10/2024 5:08:10 PM,0.27
10066,5/10/2024 5:08:20 PM,0.37
10066,5/10/2024 5:08:30 PM,0.47
10066,5/10/2024 5:08:40 PM,0.57
10066,5/10/2024 5:08:50 PM,0.67
10066,5/10/2024 5:09:00 PM,0.77
10066,5/10/2024 5:09:10 PM,0.87
10066,5/10/2024 5:09:20 PM,0.97
10066,5/10/2024 5:09:30 PM,1.07
10066,5/10/2024 5:09:40 PM,1.17
10066,5/10/2024 5:09:50 PM,1.27
10066,5/10/2024 5:10:00 PM,1.37
10066,5/10/2024 5:10:10 PM,1.47
10066,5/10/2024 5:10:20 PM,1.57
10066,5/10/2024 5:10:30 PM,1.67
10066,5/10/2024 5:10:40 PM,1.77
10066,5/10/2024 5:10:50 PM,1.87
10066,5/10/2024 5:11:00 PM,1.97
10066,5/10/2024 5:11:10 PM,2.07
10066,5/10/2024 5:11:20 PM,2.17
10066,5/10/2024 5:11:30 PM,2.27
10066,5/10/2024 5:11:40 PM,2.37
10066,5/10/2024 5:11:50 PM,2.09
10066,5/10/2024 5:12:00 PM,1.64
10066,5/10/2024 5:12:10 PM,1.19
10066,5/10/2024 5:12:20 PM,0.74
10066,5/10/2024 5:12:30 PM,0.60
10066,5/10/2024 5:12:40 PM,0.60
10066,5/10/2024 5:12:50 PM,0.60
10066,5/10/2024 5:13:00 PM,0.60
10066,5/10/2024 5:13:10 PM,0.60
10066,5/10/2024 5:13:20 PM,0.60
10066,5/10/2024 5:13:30 PM,0.60
10066,5/10/2024 5:13:40 PM,0.60
10066,5/10/2024 5:13:50 PM,0.60
10066,5/10/2024 5:14:00 PM,0.60
10066,5/10/2024 5:14:10 PM,0.60
10066,5/10/2024 5:14:20 PM,0.60
10066,5/10/2024 5:14:30 PM,0.60
10066,5/10/2024 5:14:40 PM,0.60
10066,5/10/2024 5:14:50 PM,0.60
10066,5/10/2024 5:15:00 PM,0.60
10066,5/10/2024 5:15:10 PM,0.60
10066,5/10/2024 5:15:20 PM,0.60
10066,5/10/2024 5:15:30 PM,0.60
10066,5/10/2024 5:15:40 PM,0.60
10066,5/10/2024 5:15:50 PM,0.60
10066,5/10/2024 5:16:00 PM,0.60
10066,5/10/2024 5:16:10 PM,0.60
10066,5/10/2024 5:16:20 PM,0.60
10066,5/10/2024 5:16:30 PM,0.60
10066,5/10/2024 5:16:40 PM,0.60
10066,5/10/2024 5:16:50 PM,0.60
10066,5/10/2024 5:17:00 PM,0.60
10066,5/10/2024 5:17:10 PM,0.60
10066,5/10/2024 5:17:20 PM,0.60
10066,5/10/2024 5:17:30 PM,0.60
10066,5/10/2024 5:17:40 PM,0.60
10066,5/10/2024 5:17:50 PM,0.60
10066,5/10/2024 5:18:00 PM,0.60
10066,5/10/2024 5:18:10 PM,0.60
10066,5/10/2024 5:18:20 PM,0.60
10066,5/10/2024 5:18:30 PM,0.60
10066,5/10/2024 5:18:40 PM,0.60
10066,5/10/2024 5:18:50 PM,0.60
10066,5/10/2024 5:19:00 PM,0.60
10066,5/10/2024 5:19:10 PM,0.60
10066,5/10/2024 5:19:20 PM,0.60
10066,5/10/2024 5:19:30 PM,0.60
10066,5/10/2024 5:19:40 PM,0.60
10066,5/10/2024 5:19:50 PM,0.60
10066,5/10/2024 5:20:00 PM,0.60
10066,5/10/2024 5:20:10 PM,0.60
10066,5/10/2024 5:20:20 PM,0.60
10066,5/10/2024 5:20:30 PM,0.60
10066,5/10/2024 5:20:40 PM,0.60
10066,5/10/2024 5:20:50 PM,0.60
10066,5/10/2024 5:21:00 PM,0.60
10066,5/10/2024 5:21:10 PM,0.60
10066,5/10/2024 5:21:20 PM,0.60
10066,5/10/2024 5:21:30 PM,0.60
10066,5/10/2024 5:21:40 PM,0.60
10066,5/10/2024 5:21:50 PM,0.60
10066,5/10/2024 5:22:00 PM,0.60
10066,5/10/2024 5:22:10 PM,0.60
10066,5/10/2024 5:22:20 PM,0.60
10066,5/10/2024 5:22:30 PM,0.60
10066,5/10/2024 5:22:40 PM,0.60
10066,5/10/2024 5:22:50 PM,0.62
10066,5/10/2024 5:23:00 PM,0.65
10066,5/10/2024 5:23:10 PM,0.68
10066,5/10/2024 5:23:20 PM,0.70
10066,5/10/2024 5:23:30 PM,0.73
10066,5/10/2024 5:23:40 PM,0.76
10066,5/10/2024 5:23:50 PM,0.79
10066,5/10/2024 5:24:00 PM,0.82
10066,5/10/2024 5:24:10 PM,0.84
10066,5/10/2024 5:24:20 PM,0.87
10066,5/10/2024 5:24:30 PM,0.90
10066,5/10/2024 5:24:40 PM,0.93
10066,5/10/2024 5:24:50 PM,0.96
10066,5/10/2024 5:25:00 PM,0.98
10066,5/10/2024 5:25:10 PM,1.01
10066,5/10/2024 5:25:20 PM,1.04
10066,5/10/2024 5:25:30 PM,1.07
10066,5/10/2024 5:25:40 PM,1.10
10066,5/10/2024 5:25:50 PM,1.12
10066,5/10/2024 5:26:00 PM,1.15
10066,5/10/2024 5:26:10 PM,1.18
10066,5/10/2024 5:26:20 PM,1.21
10066,5/10/2024 5:26:30 PM,1.24
10066,5/10/2024 5:26:40 PM,1.26
10066,5/10/2024 5:26:50 PM,1.29
10066,5/10/2024 5:27:00 PM,1.32
10066,5/10/2024 5:27:10 PM,1.35
10066,5/10/2024 5:27:20 PM,1.38
10066,5/10/2024 5:27:30 PM,1.40
10066,5/10/2024 5:27:40 PM,1.43
10066,5/10/2024 5:27:50 PM,1.46
10066,5/10/2024 5:28:00 PM,1.49
10066,5/10/2024 5:28:10 PM,1.52
10066,5/10/2024 5:28:20 PM,1.54
10066,5/10/2024 5:28:30 PM,1.57
10066,5/10/2024 5:28:40 PM,1.60
10066,5/10/2024 5:28:50 PM,1.63
10066,5/10/2024 5:29:00 PM,1.66
10066,5/10/2024 5:29:10 PM,1.68
10066,5/10/2024 5:29:20 PM,1.71
10066,5/10/2024 5:29:30 PM,1.74
10066,5/10/2024 5:29:40 PM,1.77
10066,5/10/2024 5:29:50 PM,1.80
10066,5/10/2024 5:30:00 PM,1.82
10066,5/10/2024 5:30:10 PM,1.85
10066,5/10/2024 5:30:20 PM,1.88
10066,5/10/2024 5:30:30 PM,1.91
10066,5/10/2024 5:30:40 PM,1.94
10066,5/10/2024 5:30:50 PM,1.96
10066,5/10/2024 5:31:00 PM,1.99
10066,5/10/2024 5:31:10 PM,1.86
10066,5/10/2024 5:31:20 PM,1.66
10066,5/10/2024 5:31:30 PM,1.46
10066,5/10/2024 5:31:40 PM,1.26
10066,5/10/2024 5:31:50 PM,1.06
10066,5/10/2024 5:32:00 PM,1.02
10066,5/10/2024 5:32:10 PM,1.04
10066,5/10/2024 5:32:20 PM,1.07
10066,5/10/2024 5:32:30 PM,1.09
10066,5/10/2024 5:32:40 PM,1.12
10066,5/10/2024 5:32:50 PM,1.15
10066,5/10/2024 5:33:00 PM,1.17
10066,5/10/2024 5:33:10 PM,1.20
10066,5/10/2024 5:33:20 PM,1.22
10066,5/10/2024 5:33:30 PM,1.25
10066,5/10/2024 5:33:40 PM,1.27
10066,5/10/2024 5:33:50 PM,1.30
10066,5/10/2024 5:34:00 PM,1.32
10066,5/10/2024 5:34:10 PM,1.35
10066,5/10/2024 5:34:20 PM,1.38
10066,5/10/2024 5:34:30 PM,1.40
10066,5/10/2024 5:34:40 PM,1.43
10066,5/10/2024 5:34:50 PM,1.45
10066,5/10/2024 5:35:00 PM,1.48
10066,5/10/2024 5:35:10 PM,1.50
10066,5/10/2024 5:35:20 PM,1.53
10066,5/10/2024 5:35:30 PM,1.56
10066,5/10/2024 5:35:40 PM,1.58
10066,5/10/2024 5:35:50 PM,1.61
10066,5/10/2024 5:36:00 PM,1.63
10066,5/10/2024 5:36:10 PM,1.66
10066,5/10/2024 5:36:20 PM,1.68
10066,5/10/2024 5:36:30 PM,1.71
10066,5/10/2024 5:36:40 PM,1.73
10066,5/10/2024 5:36:50 PM,1.76
10066,5/10/2024 5:37:00 PM,1.79
10066,5/10/2024 5:37:10 PM,1.81
10066,5/10/2024 5:37:20 PM,1.84
10066,5/10/2024 5:37:30 PM,1.86
10066,5/10/2024 5:37:40 PM,1.89
10066,5/10/2024 5:37:50 PM,1.91
10066,5/10/2024 5:38:00 PM,1.94
10066,5/10/2024 5:38:10 PM,1.96
10066,5/10/2024 5:38:20 PM,1.99
10066,5/10/2024 5:38:30 PM,2.02
10066,5/10/2024 5:38:40 PM,2.04
10066,5/10/2024 5:38:50 PM,2.07
10066,5/10/2024 5:39:00 PM,2.09
10066,5/10/2024 5:39:10 PM,1.83
10066,5/10/2024 5:39:20 PM,1.43
10066,5/10/2024 5:39:30 PM,1.03
10066,5/10/2024 5:39:40 PM,1.08
10066,5/10/2024 5:39:50 PM,1.35
10066,5/10/2024 5:40:00 PM,1.62
10066,5/10/2024 5:40:10 PM,1.63
10066,5/10/2024 5:40:20 PM,1.53
10066,5/10/2024 5:40:30 PM,1.43
10066,5/10/2024 5:40:40 PM,1.33
10066,5/10/2024 5:40:50 PM,1.23
10066,5/10/2024 5:41:00 PM,1.68
10066,5/10/2024 5:41:10 PM,1.88
10066,5/10/2024 5:41:20 PM,1.86
10066,5/10/2024 5:41:30 PM,1.84
10066,5/10/2024 5:41:40 PM,1.81
10066,5/10/2024 5:41:50 PM,1.79
10066,5/10/2024 5:42:00 PM,1.76
10066,5/10/2024 5:42:10 PM,1.74
10066,5/10/2024 5:42:20 PM,1.72
10066,5/10/2024 5:42:30 PM,1.69
10066,5/10/2024 5:42:40 PM,1.67
10066,5/10/2024 5:42:50 PM,1.64
10066,5/10/2024 5:43:00 PM,1.62
10066,5/10/2024 5:43:10 PM,1.60
10066,5/10/2024 5:43:20 PM,1.57
10066,5/10/2024 5:43:30 PM,1.55
10066,5/10/2024 5:43:40 PM,1.52
10066,5/10/2024 5:43:50 PM,1.50
10066,5/10/2024 5:44:00 PM,1.48
10066,5/10/2024 5:44:10 PM,1.45
10066,5/10/2024 5:44:20 PM,1.43
10066,5/10/2024 5:44:30 PM,1.40
10066,5/10/2024 5:44:40 PM,1.38
10066,5/10/2024 5:44:50 PM,1.36
10066,5/10/2024 5:45:00 PM,1.33
10066,5/10/2024 5:45:10 PM,1.31
10066,5/10/2024 5:45:20 PM,1.29
10066,5/10/2024 5:45:30 PM,1.27
10066,5/10/2024 5:45:40 PM,1.26
10066,5/10/2024 5:45:50 PM,1.24
10066,5/10/2024 5:46:00 PM,1.23
10066,5/10/2024 5:46:10 PM,1.21
10066,5/10/2024 5:46:20 PM,1.19
10066,5/10/2024 5:46:30 PM,1.18
10066,5/10/2024 5:46:40 PM,1.16
10066,5/10/2024 5:46:50 PM,1.14
10066,5/10/2024 5:47:00 PM,1.13
10066,5/10/2024 5:47:10 PM,1.11
10066,5/10/2024 5:47:20 PM,1.10
10066,5/10/2024 5:47:30 PM,1.08
10066,5/10/2024 5:47:40 PM,1.06
10066,5/10/2024 5:47:50 PM,1.05
10066,5/10/2024 5:48:00 PM,1.03
10066,5/10/2024 5:48:10 PM,1.02
10066,5/10/2024 5:48:20 PM,1.00
10066,5/10/2024 5:48:30 PM,0.98
10066,5/10/2024 5:48:40 PM,0.97
10066,5/10/2024 5:48:50 PM,0.95
10066,5/10/2024 5:49:00 PM,0.93
10066,5/10/2024 5:49:10 PM,0.92
10066,5/10/2024 5:49:20 PM,0.90
10066,5/10/2024 5:49:30 PM,0.89
10066,5/10/2024 5:49:40 PM,0.87
10066,5/10/2024 5:49:50 PM,0.85
10066,5/10/2024 5:50:00 PM,0.84
10066,5/10/2024 5:50:10 PM,0.82
10066,5/10/2024 5:50:20 PM,0.81
10066,5/10/2024 5:50:30 PM,0.81
10066,5/10/2024 5:50:40 PM,0.81
10066,5/10/2024 5:50:50 PM,0.82
10066,5/10/2024 5:51:00 PM,0.83
10066,5/10/2024 5:51:10 PM,0.83
10066,5/10/2024 5:51:20 PM,0.84
10066,5/10/2024 5:51:30 PM,0.85
10066,5/10/2024 5:51:40 PM,0.85
10066,5/10/2024 5:51:50 PM,0.86
10066,5/10/2024 5:52:00 PM,0.87
10066,5/10/2024 5:52:10 PM,0.87
10066,5/10/2024 5:52:20 PM,0.88
10066,5/10/2024 5:52:30 PM,0.89
10066,5/10/2024 5:52:40 PM,0.89
10066,5/10/2024 5:52:50 PM,0.90
10066,5/10/2024 5:53:00 PM,0.91
10066,5/10/2024 5:53:10 PM,0.91
10066,5/10/2024 5:53:20 PM,0.92
10066,5/10/2024 5:53:30 PM,0.93
10066,5/10/2024 5:53:40 PM,0.93
10066,5/10/2024 5:53:50 PM,0.94
10066,5/10/2024 5:54:00 PM,0.95
10066,5/10/2024 5:54:10 PM,0.95
10066,5/10/2024 5:54:20 PM,0.96
10066,5/10/2024 5:54:30 PM,0.97
10066,5/10/2024 5:54:40 PM,0.97
10066,5/10/2024 5:54:50 PM,0.98
10066,5/10/2024 5:55:00 PM,0.99
10066,5/10/2024 5:55:10 PM,0.99
10066,5/10/2024 5:55:20 PM,1.00
10066,5/10/2024 5:55:30 PM,1.01
10066,5/10/2024 5:55:40 PM,1.01
10066,5/10/2024 5:55:50 PM,1.02
10066,5/10/2024 5:56:00 PM,1.03
10066,5/10/2024 5:56:10 PM,1.03
10066,5/10/2024 5:56:20 PM,1.04
10066,5/10/2024 5:56:30 PM,1.05
10066,5/10/2024 5:56:40 PM,1.06
10066,5/10/2024 5:56:50 PM,1.06
10066,5/10/2024 5:57:00 PM,1.07
10066,5/10/2024 5:57:10 PM,1.08
10066,5/10/2024 5:57:20 PM,1.08
10066,5/10/2024 5:57:30 PM,1.09
10066,5/10/2024 5:57:40 PM,1.10
10066,5/10/2024 5:57:50 PM,1.10
10066,5/10/2024 5:58:00 PM,1.11
10066,5/10/2024 5:58:10 PM,1.12
10066,5/10/2024 5:58:20 PM,1.12
10066,5/10/2024 5:58:30 PM,1.13
10066,5/10/2024 5:58:40 PM,1.14
10066,5/10/2024 5:58:50 PM,1.14
10066,5/10/2024 5:59:00 PM,1.15
10066,5/10/2024 5:59:10 PM,1.16
10066,5/10/2024 5:59:20 PM,1.16
10066,5/10/2024 5:59:30 PM,1.17
10066,5/10/2024 5:59:40 PM,1.18
10066,5/10/2024 5:59:50 PM,1.18
10066,5/10/2024 6:00:00 PM,1.19
10066,5/10/2024 6:00:10 PM,1.20
10066,5/10/2024 6:00:20 PM,1.27
10066,5/10/2024 6:00:30 PM,1.42
10066,5/10/2024 6:00:40 PM,1.56
10066,5/10/2024 6:00:50 PM,1.71
10066,5/10/2024 6:01:00 PM,1.85
10066,5/10/2024 6:01:10 PM,1.72
10066,5/10/2024 6:01:20 PM,1.45
10066,5/10/2024 6:01:30 PM,1.18
10066,5/10/2024 6:01:40 PM,1.10
10066,5/10/2024 6:01:50 PM,1.09
10066,5/10/2024 6:02:00 PM,1.08
10066,5/10/2024 6:02:10 PM,1.08
10066,5/10/2024 6:02:20 PM,1.07
10066,5/10/2024 6:02:30 PM,1.07
10066,5/10/2024 6:02:40 PM,1.06
10066,5/10/2024 6:02:50 PM,1.05
10066,5/10/2024 6:03:00 PM,1.05
10066,5/10/2024 6:03:10 PM,1.04
10066,5/10/2024 6:03:20 PM,1.04
10066,5/10/2024 6:03:30 PM,1.03
10066,5/10/2024 6:03:40 PM,1.02
10066,5/10/2024 6:03:50 PM,1.02
10066,5/10/2024 6:04:00 PM,1.01
10066,5/10/2024 6:04:10 PM,1.01
10066,5/10/2024 6:04:20 PM,1.00
10066,5/10/2024 6:04:30 PM,0.99
10066,5/10/2024 6:04:40 PM,0.99
10066,5/10/2024 6:04:50 PM,0.98
10066,5/10/2024 6:05:00 PM,0.97
10066,5/10/2024 6:05:10 PM,0.97
10066,5/10/2024 6:05:20 PM,0.96
10066,5/10/2024 6:05:30 PM,0.96
10066,5/10/2024 6:05:40 PM,0.95
10066,5/10/2024 6:05:50 PM,0.94
10066,5/10/2024 6:06:00 PM,0.94
10066,5/10/2024 6:06:10 PM,0.93
10066,5/10/2024 6:06:20 PM,0.93
10066,5/10/2024 6:06:30 PM,0.92
10066,5/10/2024 6:06:40 PM,0.91
10066,5/10/2024 6:06:50 PM,0.91
10066,5/10/2024 6:07:00 PM,0.90
10066,5/10/2024 6:07:10 PM,0.90
10066,5/10/2024 6:07:20 PM,0.89
10066,5/10/2024 6:07:30 PM,0.88
10066,5/10/2024 6:07:40 PM,0.88
10066,5/10/2024 6:07:50 PM,0.87
10066,5/10/2024 6:08:00 PM,0.87
10066,5/10/2024 6:08:10 PM,0.86
10066,5/10/2024 6:08:20 PM,0.85
10066,5/10/2024 6:08:30 PM,0.85
10066,5/10/2024 6:08:40 PM,0.84
10066,5/10/2024 6:08:50 PM,0.83
10066,5/10/2024 6:09:00 PM,0.83
10066,5/10/2024 6:09:10 PM,0.82
10066,5/10/2024 6:09:20 PM,0.82
10066,5/10/2024 6:09:30 PM,0.81
10066,5/10/2024 6:09:40 PM,0.80
10066,5/10/2024 6:09:50 PM,0.80
10066,5/10/2024 6:10:00 PM,0.79
10066,5/10/2024 6:10:10 PM,0.79
10066,5/10/2024 6:10:20 PM,0.78
10066,5/10/2024 6:10:30 PM,0.77
10066,5/10/2024 6:10:40 PM,0.77
10066,5/10/2024 6:10:50 PM,0.76
10066,5/10/2024 6:11:00 PM,0.76
10066,5/10/2024 6:11:10 PM,0.75
10066,5/10/2024 6:11:20 PM,0.74
10066,5/10/2024 6:11:30 PM,0.74
10066,5/10/2024 6:11:40 PM,0.73
10066,5/10/2024 6:11:50 PM,0.73
10066,5/10/2024 6:12:00 PM,0.72
10066,5/10/2024 6:12:10 PM,0.71
10066,5/10/2024 6:12:20 PM,0.71
10066,5/10/2024 6:12:30 PM,0.70
10066,5/10/2024 6:12:40 PM,0.69
10066,5/10/2024 6:12:50 PM,0.69
10066,5/10/2024 6:13:00 PM,0.68
10066,5/10/2024 6:13:10 PM,0.68
10066,5/10/2024 6:13:20 PM,0.67
10066,5/10/2024 6:13:30 PM,0.66
10066,5/10/2024 6:13:40 PM,0.66
10066,5/10/2024 6:13:50 PM,0.65
10066,5/10/2024 6:14:00 PM,0.65
10066,5/10/2024 6:14:10 PM,0.64
10066,5/10/2024 6:14:20 PM,0.63
10066,5/10/2024 6:14:30 PM,0.63
10066,5/10/2024 6:14:40 PM,0.62
10066,5/10/2024 6:14:50 PM,0.62
10066,5/10/2024 6:15:00 PM,0.61
10066,5/10/2024 6:15:10 PM,0.60
10066,5/10/2024 6:15:20 PM,0.62
10066,5/10/2024 6:15:30 PM,0.66
10066,5/10/2024 6:15:40 PM,0.69
10066,5/10/2024 6:15:50 PM,0.73
10066,5/10/2024 6:16:00 PM,0.77
10066,5/10/2024 6:16:10 PM,0.80
10066,5/10/2024 6:16:20 PM,0.84
10066,5/10/2024 6:16:30 PM,0.88
10066,5/10/2024 6:16:40 PM,0.91
10066,5/10/2024 6:16:50 PM,0.95
10066,5/10/2024 6:17:00 PM,0.99
10066,5/10/2024 6:17:10 PM,1.03
10066,5/10/2024 6:17:20 PM,1.06
10066,5/10/2024 6:17:30 PM,1.10
10066,5/10/2024 6:17:40 PM,1.14
10066,5/10/2024 6:17:50 PM,1.17
10066,5/10/2024 6:18:00 PM,1.21
10066,5/10/2024 6:18:10 PM,1.25
10066,5/10/2024 6:18:20 PM,1.29
10066,5/10/2024 6:18:30 PM,1.32
10066,5/10/2024 6:18:40 PM,1.36
10066,5/10/2024 6:18:50 PM,1.40
10066,5/10/2024 6:19:00 PM,1.43
10066,5/10/2024 6:19:10 PM,1.47
10066,5/10/2024 6:19:20 PM,1.51
10066,5/10/2024 6:19:30 PM,1.54
10066,5/10/2024 6:19:40 PM,1.58
10066,5/10/2024 6:19:50 PM,1.62
10066,5/10/2024 6:20:00 PM,1.66
10066,5/10/2024 6:20:10 PM,1.69
10066,5/10/2024 6:20:20 PM,1.73
10066,5/10/2024 6:20:30 PM,1.77
10066,5/10/2024 6:20:40 PM,1.80
10066,5/10/2024 6:20:50 PM,1.84
10066,5/10/2024 6:21:00 PM,1.88
10066,5/10/2024 6:21:10 PM,1.91
10066,5/10/2024 6:21:20 PM,1.95
10066,5/10/2024 6:21:30 PM,1.99
10066,5/10/2024 6:21:40 PM,1.99
10066,5/10/2024 6:21:50 PM,1.98
10066,5/10/2024 6:22:00 PM,1.97
10066,5/10/2024 6:22:10 PM,1.97
10066,5/10/2024 6:22:20 PM,1.96
10066,5/10/2024 6:22:30 PM,1.95
10066,5/10/2024 6:22:40 PM,1.94
10066,5/10/2024 6:22:50 PM,1.93
10066,5/10/2024 6:23:00 PM,1.92
10066,5/10/2024 6:23:10 PM,1.91
10066,5/10/2024 6:23:20 PM,1.90
10066,5/10/2024 6:23:30 PM,1.89
10066,5/10/2024 6:23:40 PM,1.88
10066,5/10/2024 6:23:50 PM,1.87
10066,5/10/2024 6:24:00 PM,1.86
10066,5/10/2024 6:24:10 PM,1.85
10066,5/10/2024 6:24:20 PM,1.84
10066,5/10/2024 6:24:30 PM,1.83
10066,5/10/2024 6:24:40 PM,1.82
10066,5/10/2024 6:24:50 PM,1.81
10066,5/10/2024 6:25:00 PM,1.80
10066,5/10/2024 6:25:10 PM,1.79
10066,5/10/2024 6:25:20 PM,1.78
10066,5/10/2024 6:25:30 PM,1.77
10066,5/10/2024 6:25:40 PM,1.76
10066,5/10/2024 6:25:50 PM,1.75
10066,5/10/2024 6:26:00 PM,1.75
10066,5/10/2024 6:26:10 PM,1.74
10066,5/10/2024 6:26:20 PM,1.73
10066,5/10/2024 6:26:30 PM,1.72
10066,5/10/2024 6:26:40 PM,1.71
10066,5/10/2024 6:26:50 PM,1.70
10066,5/10/2024 6:27:00 PM,1.69
10066,5/10/2024 6:27:10 PM,1.68
10066,5/10/2024 6:27:20 PM,1.67
10066,5/10/2024 6:27:30 PM,1.66
10066,5/10/2024 6:27:40 PM,1.65
10066,5/10/2024 6:27:50 PM,1.64
10066,5/10/2024 6:28:00 PM,1.63
10066,5/10/2024 6:28:10 PM,1.62
10066,5/10/2024 6:28:20 PM,1.61
10066,5/10/2024 6:28:30 PM,1.60
10066,5/10/2024 6:28:40 PM,1.59
10066,5/10/2024 6:28:50 PM,1.58
10066,5/10/2024 6:29:00 PM,1.57
10066,5/10/2024 6:29:10 PM,1.56
10066,5/10/2024 6:29:20 PM,1.55
10066,5/10/2024 6:29:30 PM,1.54
10066,5/10/2024 6:29:40 PM,1.53
10066,5/10/2024 6:29:50 PM,1.52
10066,5/10/2024 6:30:00 PM,1.52
10066,5/10/2024 6:30:10 PM,1.51
10066,5/10/2024 6:30:20 PM,1.50
10066,5/10/2024 6:30:30 PM,1.49
10066,5/10/2024 6:30:40 PM,1.48
10066,5/10/2024 6:30:50 PM,1.47
10066,5/10/2024 6:31:00 PM,1.46
10066,5/10/2024 6:31:10 PM,1.45
10066,5/10/2024 6:31:20 PM,1.44
10066,5/10/2024 6:31:30 PM,1.43
10066,5/10/2024 6:31:40 PM,1.42
10066,5/10/2024 6:31:50 PM,1.41
10066,5/10/2024 6:32:00 PM,1.40
10066,5/10/2024 6:32:10 PM,1.39
10066,5/10/2024 6:32:20 PM,1.38
10066,5/10/2024 6:32:30 PM,1.37
10066,5/10/2024 6:32:40 PM,1.36
10066,5/10/2024 6:32:50 PM,1.35
10066,5/10/2024 6:33:00 PM,1.34
10066,5/10/2024 6:33:10 PM,1.33
10066,5/10/2024 6:33:20 PM,1.32
10066,5/10/2024 6:33:30 PM,1.31
10066,5/10/2024 6:33:40 PM,1.30
10066,5/10/2024 6:33:50 PM,1.30
10066,5/10/2024 6:34:00 PM,1.29
10066,5/10/2024 6:34:10 PM,1.28
10066,5/10/2024 6:34:20 PM,1.27
10066,5/10/2024 6:34:30 PM,1.26
10066,5/10/2024 6:34:40 PM,1.25
10066,5/10/2024 6:34:50 PM,1.24
10066,5/10/2024 6:35:00 PM,1.23
10066,5/10/2024 6:35:10 PM,1.22
10066,5/10/2024 6:35:20 PM,1.21
10066,5/10/2024 6:35:30 PM,1.20
10066,5/10/2024 6:35:40 PM,1.19
10066,5/10/2024 6:35:50 PM,1.18
10066,5/10/2024 6:36:00 PM,1.17
10066,5/10/2024 6:36:10 PM,1.16
10066,5/10/2024 6:36:20 PM,1.15
10066,5/10/2024 6:36:30 PM,1.14
10066,5/10/2024 6:36:40 PM,1.13
10066,5/10/2024 6:36:50 PM,1.12
10066,5/10/2024 6:37:00 PM,1.11
10066,5/10/2024 6:37:10 PM,1.10
10066,5/10/2024 6:37:20 PM,1.11
10066,5/10/2024 6:37:30 PM,1.12
10066,5/10/2024 6:37:40 PM,1.13
10066,5/10/2024 6:37:50 PM,1.15
10066,5/10/2024 6:38:00 PM,1.16
10066,5/10/2024 6:38:10 PM,1.17
10066,5/10/2024 6:38:20 PM,1.19
10066,5/10/2024 6:38:30 PM,1.20
10066,5/10/2024 6:38:40 PM,1.21
10066,5/10/2024 6:38:50 PM,1.23
10066,5/10/2024 6:39:00 PM,1.24
10066,5/10/2024 6:39:10 PM,1.25
10066,5/10/2024 6:39:20 PM,1.26
10066,5/10/2024 6:39:30 PM,1.28
10066,5/10/2024 6:39:40 PM,1.29
10066,5/10/2024 6:39:50 PM,1.30
10066,5/10/2024 6:40:00 PM,1.32
10066,5/10/2024 6:40:10 PM,1.33
10066,5/10/2024 6:40:20 PM,1.34
10066,5/10/2024 6:40:30 PM,1.35
10066,5/10/2024 6:40:40 PM,1.37
10066,5/10/2024 6:40:50 PM,1.38
10066,5/10/2024 6:41:00 PM,1.39
10066,5/10/2024 6:41:10 PM,1.41
10066,5/10/2024 6:41:20 PM,1.42
10066,5/10/2024 6:41:30 PM,1.43
10066,5/10/2024 6:41:40 PM,1.44
10066,5/10/2024 6:41:50 PM,1.46
10066,5/10/2024 6:42:00 PM,1.47
10066,5/10/2024 6:42:10 PM,1.48
10066,5/10/2024 6:42:20 PM,1.50
10066,5/10/2024 6:42:30 PM,1.34
10066,5/10/2024 6:42:40 PM,1.11
10066,5/10/2024 6:42:50 PM,0.87
10066,5/10/2024 6:43:00 PM,0.85
10066,5/10/2024 6:43:10 PM,0.92
10066,5/10/2024 6:43:20 PM,0.99
10066,5/10/2024 6:43:30 PM,1.06
10066,5/10/2024 6:43:40 PM,1.13
10066,5/10/2024 6:43:50 PM,1.20
10066,5/10/2024 6:44:00 PM,1.27
10066,5/10/2024 6:44:10 PM,1.34
10066,5/10/2024 6:44:20 PM,1.41
10066,5/10/2024 6:44:30 PM,1.48
10066,5/10/2024 6:44:40 PM,1.55
10066,5/10/2024 6:44:50 PM,1.63
10066,5/10/2024 6:45:00 PM,1.70
10066,5/10/2024 6:45:10 PM,1.77
10066,5/10/2024 6:45:20 PM,1.84
10066,5/10/2024 6:45:30 PM,1.91
10066,5/10/2024 6:45:40 PM,1.98
10066,5/10/2024 6:45:50 PM,1.93
10066,5/10/2024 6:46:00 PM,1.83
10066,5/10/2024 6:46:10 PM,1.73
10066,5/10/2024 6:46:20 PM,1.63
10066,5/10/2024 6:46:30 PM,1.53
10066,5/10/2024 6:46:40 PM,1.43
10066,5/10/2024 6:46:50 PM,1.33
10066,5/10/2024 6:47:00 PM,1.30
10066,5/10/2024 6:47:10 PM,1.30
10066,5/10/2024 6:47:20 PM,1.30
10066,5/10/2024 6:47:30 PM,1.30
10066,5/10/2024 6:47:40 PM,1.30
10066,5/10/2024 6:47:50 PM,1.30
10066,5/10/2024 6:48:00 PM,1.30
10066,5/10/2024 6:48:10 PM,1.30
10066,5/10/2024 6:48:20 PM,1.30
10066,5/10/2024 6:48:30 PM,1.30
10066,5/10/2024 6:48:40 PM,1.30
10066,5/10/2024 6:48:50 PM,1.30
10066,5/10/2024 6:49:00 PM,1.30
10066,5/10/2024 6:49:10 PM,1.30
10066,5/10/2024 6:49:20 PM,1.30
10066,5/10/2024 6:49:30 PM,1.30
10066,5/10/2024 6:49:40 PM,1.30
10066,5/10/2024 6:49:50 PM,1.30
10066,5/10/2024 6:50:00 PM,1.30
10066,5/10/2024 6:50:10 PM,1.30
10066,5/10/2024 6:50:20 PM,1.30
10066,5/10/2024 6:50:30 PM,1.30
10066,5/10/2024 6:50:40 PM,1.30
10066,5/10/2024 6:50:50 PM,1.30
10066,5/10/2024 6:51:00 PM,1.30
10066,5/10/2024 6:51:10 PM,1.30
10066,5/10/2024 6:51:20 PM,1.30
10066,5/10/2024 6:51:30 PM,1.30
10066,5/10/2024 6:51:40 PM,1.30
10066,5/10/2024 6:51:50 PM,1.30
10066,5/10/2024 6:52:00 PM,1.30
10066,5/10/2024 6:52:10 PM,1.30
10066,5/10/2024 6:52:20 PM,1.30
10066,5/10/2024 6:52:30 PM,1.30
10066,5/10/2024 6:52:40 PM,1.30
10066,5/10/2024 6:52:50 PM,1.30
10066,5/10/2024 6:53:00 PM,1.30
10066,5/10/2024 6:53:10 PM,1.30
10066,5/10/2024 6:53:20 PM,1.30
10066,5/10/2024 6:53:30 PM,1.30
10066,5/10/2024 6:53:40 PM,1.30
10066,5/10/2024 6:53:50 PM,1.30
10066,5/10/2024 6:54:00 PM,1.30
10066,5/10/2024 6:54:10 PM,1.30
10066,5/10/2024 6:54:20 PM,1.30
10066,5/10/2024 6:54:30 PM,1.30
10066,5/10/2024 6:54:40 PM,1.30
10066,5/10/2024 6:54:50 PM,1.30
10066,5/10/2024 6:55:00 PM,1.30
10066,5/10/2024 6:55:10 PM,1.30
10066,5/10/2024 6:55:20 PM,1.30
10066,5/10/2024 6:55:30 PM,1.30
10066,5/10/2024 6:55:40 PM,1.30
10066,5/10/2024 6:55:50 PM,1.30
10066,5/10/2024 6:56:00 PM,1.30
10066,5/10/2024 6:56:10 PM,1.30
10066,5/10/2024 6:56:20 PM,1.30
10066,5/10/2024 6:56:30 PM,1.30
10066,5/10/2024 6:56:40 PM,1.30
10066,5/10/2024 6:56:50 PM,1.30
10066,5/10/2024 6:57:00 PM,1.30
10066,5/10/2024 6:57:10 PM,1.30
10066,5/10/2024 6:57:20 PM,1.30
10066,5/10/2024 6:57:30 PM,1.30
10066,5/10/2024 6:57:40 PM,1.30
10066,5/10/2024 6:57:50 PM,1.30
10066,5/10/2024 6:58:00 PM,1.30
10066,5/10/2024 6:58:10 PM,1.30
10066,5/10/2024 6:58:20 PM,1.30
10066,5/10/2024 6:58:30 PM,1.30
10066,5/10/2024 6:58:40 PM,1.30
10066,5/10/2024 6:58:50 PM,1.30
10066,5/10/2024 6:59:00 PM,1.30
10066,5/10/2024 6:59:10 PM,1.30
10066,5/10/2024 6:59:20 PM,1.30
10066,5/10/2024 6:59:30 PM,1.30
10066,5/10/2024 6:59:40 PM,1.30
10066,5/10/2024 6:59:50 PM,1.30
10066,5/10/2024 7:00:00 PM,1.30
10066,5/10/2024 7:00:10 PM,1.30
10066,5/10/2024 7:00:20 PM,1.29
10066,5/10/2024 7:00:30 PM,1.27
10066,5/10/2024 7:00:40 PM,1.24
10066,5/10/2024 7:00:50 PM,1.22
10066,5/10/2024 7:01:00 PM,1.20
10066,5/10/2024 7:01:10 PM,1.17
10066,5/10/2024 7:01:20 PM,1.15
10066,5/10/2024 7:01:30 PM,1.13
10066,5/10/2024 7:01:40 PM,1.11
10066,5/10/2024 7:01:50 PM,1.08
10066,5/10/2024 7:02:00 PM,1.06
10066,5/10/2024 7:02:10 PM,1.04
10066,5/10/2024 7:02:20 PM,1.01
10066,5/10/2024 7:02:30 PM,0.99
10066,5/10/2024 7:02:40 PM,0.97
10066,5/10/2024 7:02:50 PM,0.94
10066,5/10/2024 7:03:00 PM,0.92
10066,5/10/2024 7:03:10 PM,0.90
10066,5/10/2024 7:03:20 PM,0.88
10066,5/10/2024 7:03:30 PM,0.85
10066,5/10/2024 7:03:40 PM,0.83
10066,5/10/2024 7:03:50 PM,0.81
10066,5/10/2024 7:04:00 PM,0.78
10066,5/10/2024 7:04:10 PM,0.76
10066,5/10/2024 7:04:20 PM,0.74
10066,5/10/2024 7:04:30 PM,0.71
10066,5/10/2024 7:04:40 PM,0.69
10066,5/10/2024 7:04:50 PM,0.67
10066,5/10/2024 7:05:00 PM,0.65
10066,5/10/2024 7:05:10 PM,0.62
10066,5/10/2024 7:05:20 PM,0.60
10066,5/10/2024 7:05:30 PM,0.58
10066,5/10/2024 7:05:40 PM,0.55
10066,5/10/2024 7:05:50 PM,0.53
10066,5/10/2024 7:06:00 PM,0.51
10066,5/10/2024 7:06:10 PM,0.81
10066,5/10/2024 7:06:20 PM,1.26
10066,5/10/2024 7:06:30 PM,1.46
10066,5/10/2024 7:06:40 PM,1.54
10066,5/10/2024 7:06:50 PM,1.63
10066,5/10/2024 7:07:00 PM,1.71
10066,5/10/2024 7:07:10 PM,1.80
10066,5/10/2024 7:07:20 PM,1.89
10066,5/10/2024 7:07:30 PM,1.97
10066,5/10/2024 7:07:40 PM,2.06
10066,5/10/2024 7:07:50 PM,2.06
10066,5/10/2024 7:08:00 PM,1.98
10066,5/10/2024 7:08:10 PM,1.89
10066,5/10/2024 7:08:20 PM,1.81
10066,5/10/2024 7:08:30 PM,1.72
10066,5/10/2024 7:08:40 PM,1.64
10066,5/10/2024 7:08:50 PM,1.55
10066,5/10/2024 7:09:00 PM,1.47
10066,5/10/2024 7:09:10 PM,1.39
10066,5/10/2024 7:09:20 PM,1.30
10066,5/10/2024 7:09:30 PM,1.22
10066,5/10/2024 7:09:40 PM,1.13
10066,5/10/2024 7:09:50 PM,1.05
10066,5/10/2024 7:10:00 PM,0.96
10066,5/10/2024 7:10:10 PM,0.88
10066,5/10/2024 7:10:20 PM,0.80
10066,5/10/2024 7:10:30 PM,0.71
10066,5/10/2024 7:10:40 PM,0.63
10066,5/10/2024 7:10:50 PM,0.87
10066,5/10/2024 7:11:00 PM,1.27
10066,5/10/2024 7:11:10 PM,1.36
10066,5/10/2024 7:11:20 PM,1.29
10066,5/10/2024 7:11:30 PM,1.23
10066,5/10/2024 7:11:40 PM,1.17
10066,5/10/2024 7:11:50 PM,1.10
10066,5/10/2024 7:12:00 PM,1.04
10066,5/10/2024 7:12:10 PM,0.98
10066,5/10/2024 7:12:20 PM,0.91
10066,5/10/2024 7:12:30 PM,0.85
10066,5/10/2024 7:12:40 PM,0.78
10066,5/10/2024 7:12:50 PM,0.72
10066,5/10/2024 7:13:00 PM,0.76
10066,5/10/2024 7:13:10 PM,0.84
10066,5/10/2024 7:13:20 PM,0.93
10066,5/10/2024 7:13:30 PM,1.02
10066,5/10/2024 7:13:40 PM,1.10
10066,5/10/2024 7:13:50 PM,1.19
10066,5/10/2024 7:14:00 PM,1.27
10066,5/10/2024 7:14:10 PM,1.06
10066,5/10/2024 7:14:20 PM,0.71
10066,5/10/2024 7:14:30 PM,0.85
10066,5/10/2024 7:14:40 PM,1.22
10066,5/10/2024 7:14:50 PM,1.59
10066,5/10/2024 7:15:00 PM,1.61
10066,5/10/2024 7:15:10 PM,1.47
10066,5/10/2024 7:15:20 PM,0.85
10066,5/10/2024 7:15:30 PM,0.61
10066,5/10/2024 7:15:40 PM,0.78
10066,5/10/2024 7:15:50 PM,0.95
10066,5/10/2024 7:16:00 PM,1.11
10066,5/10/2024 7:16:10 PM,1.28
10066,5/10/2024 7:16:20 PM,1.45
10066,5/10/2024 7:16:30 PM,1.50
10066,5/10/2024 7:16:40 PM,1.49
10066,5/10/2024 7:16:50 PM,1.48
10066,5/10/2024 7:17:00 PM,1.47
10066,5/10/2024 7:17:10 PM,1.47
10066,5/10/2024 7:17:20 PM,1.46
10066,5/10/2024 7:17:30 PM,1.45
10066,5/10/2024 7:17:40 PM,1.44
10066,5/10/2024 7:17:50 PM,1.44
10066,5/10/2024 7:18:00 PM,1.43
10066,5/10/2024 7:18:10 PM,1.42
10066,5/10/2024 7:18:20 PM,1.42
10066,5/10/2024 7:18:30 PM,1.41
10066,5/10/2024 7:18:40 PM,1.40
10066,5/10/2024 7:18:50 PM,1.39
10066,5/10/2024 7:19:00 PM,1.39
10066,5/10/2024 7:19:10 PM,1.38
10066,5/10/2024 7:19:20 PM,1.37
10066,5/10/2024 7:19:30 PM,1.37
10066,5/10/2024 7:19:40 PM,1.36
10066,5/10/2024 7:19:50 PM,1.35
10066,5/10/2024 7:20:00 PM,1.34
10066,5/10/2024 7:20:10 PM,1.34
10066,5/10/2024 7:20:20 PM,1.33
10066,5/10/2024 7:20:30 PM,1.32
10066,5/10/2024 7:20:40 PM,1.31
10066,5/10/2024 7:20:50 PM,1.31
10066,5/10/2024 7:21:00 PM,1.30
10066,5/10/2024 7:21:10 PM,1.29
10066,5/10/2024 7:21:20 PM,1.29
10066,5/10/2024 7:21:30 PM,1.28
10066,5/10/2024 7:21:40 PM,1.27
10066,5/10/2024 7:21:50 PM,1.26
10066,5/10/2024 7:22:00 PM,1.26
10066,5/10/2024 7:22:10 PM,1.25
10066,5/10/2024 7:22:20 PM,1.24
10066,5/10/2024 7:22:30 PM,1.23
10066,5/10/2024 7:22:40 PM,1.23
10066,5/10/2024 7:22:50 PM,1.22
10066,5/10/2024 7:23:00 PM,1.21
10066,5/10/2024 7:23:10 PM,1.21
10066,5/10/2024 7:23:20 PM,1.20
10066,5/10/2024 7:23:30 PM,1.19
10066,5/10/2024 7:23:40 PM,1.18
10066,5/10/2024 7:23:50 PM,1.18
10066,5/10/2024 7:24:00 PM,1.17
10066,5/10/2024 7:24:10 PM,1.16
10066,5/10/2024 7:24:20 PM,1.15
10066,5/10/2024 7:24:30 PM,1.15
10066,5/10/2024 7:24:40 PM,1.14
10066,5/10/2024 7:24:50 PM,1.13
10066,5/10/2024 7:25:00 PM,1.13
10066,5/10/2024 7:25:10 PM,1.12
10066,5/10/2024 7:25:20 PM,1.11
10066,5/10/2024 7:25:30 PM,1.10
10066,5/10/2024 7:25:40 PM,1.10
10066,5/10/2024 7:25:50 PM,1.09
10066,5/10/2024 7:26:00 PM,1.08
10066,5/10/2024 7:26:10 PM,1.08
10066,5/10/2024 7:26:20 PM,1.07
10066,5/10/2024 7:26:30 PM,1.06
10066,5/10/2024 7:26:40 PM,1.05
10066,5/10/2024 7:26:50 PM,1.05
10066,5/10/2024 7:27:00 PM,1.04
10066,5/10/2024 7:27:10 PM,1.03
10066,5/10/2024 7:27:20 PM,1.02
10066,5/10/2024 7:27:30 PM,1.02
10066,5/10/2024 7:27:40 PM,1.01
10066,5/10/2024 7:27:50 PM,1.00
10066,5/10/2024 7:28:00 PM,1.03
10066,5/10/2024 7:28:10 PM,1.07
10066,5/10/2024 7:28:20 PM,1.12
10066,5/10/2024 7:28:30 PM,1.16
10066,5/10/2024 7:28:40 PM,1.20
10066,5/10/2024 7:28:50 PM,1.24
10066,5/10/2024 7:29:00 PM,1.29
10066,5/10/2024 7:29:10 PM,1.33
10066,5/10/2024 7:29:20 PM,1.37
10066,5/10/2024 7:29:30 PM,1.42
10066,5/10/2024 7:29:40 PM,1.46
10066,5/10/2024 7:29:50 PM,1.50
10066,5/10/2024 7:30:00 PM,1.54
10066,5/10/2024 7:30:10 PM,1.59
10066,5/10/2024 7:30:20 PM,1.57
10066,5/10/2024 7:30:30 PM,1.53
10066,5/10/2024 7:30:40 PM,1.48
10066,5/10/2024 7:30:50 PM,1.44
10066,5/10/2024 7:31:00 PM,1.40
10066,5/10/2024 7:31:10 PM,1.35
10066,5/10/2024 7:31:20 PM,1.31
10066,5/10/2024 7:31:30 PM,1.27
10066,5/10/2024 7:31:40 PM,1.22
10066,5/10/2024 7:31:50 PM,1.18
10066,5/10/2024 7:32:00 PM,1.14
10066,5/10/2024 7:32:10 PM,1.09
10066,5/10/2024 7:32:20 PM,1.05
10066,5/10/2024 7:32:30 PM,1.01
10066,5/10/2024 7:32:40 PM,0.96
10066,5/10/2024 7:32:50 PM,0.92
10066,5/10/2024 7:33:00 PM,0.88
10066,5/10/2024 7:33:10 PM,0.83
10066,5/10/2024 7:33:20 PM,0.79
10066,5/10/2024 7:33:30 PM,0.75
10066,5/10/2024 7:33:40 PM,0.70
10066,5/10/2024 7:33:50 PM,0.66
10066,5/10/2024 7:34:00 PM,0.61
10066,5/10/2024 7:34:10 PM,0.83
10066,5/10/2024 7:34:20 PM,1.16
10066,5/10/2024 7:34:30 PM,1.49
10066,5/10/2024 7:34:40 PM,1.57
10066,5/10/2024 7:34:50 PM,1.53
10066,5/10/2024 7:35:00 PM,1.49
10066,5/10/2024 7:35:10 PM,1.45
10066,5/10/2024 7:35:20 PM,1.40
10066,5/10/2024 7:35:30 PM,1.36
10066,5/10/2024 7:35:40 PM,1.32
10066,5/10/2024 7:35:50 PM,1.28
10066,5/10/2024 7:36:00 PM,1.23
10066,5/10/2024 7:36:10 PM,1.19
10066,5/10/2024 7:36:20 PM,1.15
10066,5/10/2024 7:36:30 PM,1.11
10066,5/10/2024 7:36:40 PM,1.07
10066,5/10/2024 7:36:50 PM,1.02
10066,5/10/2024 7:37:00 PM,0.98
10066,5/10/2024 7:37:10 PM,0.94
10066,5/10/2024 7:37:20 PM,0.90
10066,5/10/2024 7:37:30 PM,0.86
10066,5/10/2024 7:37:40 PM,0.81
10066,5/10/2024 7:37:50 PM,1.14
10066,5/10/2024 7:38:00 PM,1.64
10066,5/10/2024 7:38:10 PM,1.77
10066,5/10/2024 7:38:20 PM,1.72
10066,5/10/2024 7:38:30 PM,1.67
10066,5/10/2024 7:38:40 PM,1.62
10066,5/10/2024 7:38:50 PM,1.57
10066,5/10/2024 7:39:00 PM,1.52
10066,5/10/2024 7:39:10 PM,1.47
10066,5/10/2024 7:39:20 PM,1.42
10066,5/10/2024 7:39:30 PM,1.37
10066,5/10/2024 7:39:40 PM,1.32
10066,5/10/2024 7:39:50 PM,1.27
10066,5/10/2024 7:40:00 PM,1.22
10066,5/10/2024 7:40:10 PM,1.17
10066,5/10/2024 7:40:20 PM,1.12
10066,5/10/2024 7:40:30 PM,1.07
10066,5/10/2024 7:40:40 PM,1.02
10066,5/10/2024 7:40:50 PM,0.97
10066,5/10/2024 7:41:00 PM,0.92
10066,5/10/2024 7:41:10 PM,0.87
10066,5/10/2024 7:41:20 PM,0.82
10066,5/10/2024 7:41:30 PM,0.77
10066,5/10/2024 7:41:40 PM,0.72
10066,5/10/2024 7:41:50 PM,0.77
10066,5/10/2024 7:42:00 PM,0.87
10066,5/10/2024 7:42:10 PM,0.97
10066,5/10/2024 7:42:20 PM,1.07
10066,5/10/2024 7:42:30 PM,1.17
10066,5/10/2024 7:42:40 PM,1.27
10066,5/10/2024 7:42:50 PM,1.37
10066,5/10/2024 7:43:00 PM,1.47
10066,5/10/2024 7:43:10 PM,1.57
10066,5/10/2024 7:43:20 PM,1.67
10066,5/10/2024 7:43:30 PM,1.77
10066,5/10/2024 7:43:40 PM,1.65
10066,5/10/2024 7:43:50 PM,1.42
10066,5/10/2024 7:44:00 PM,1.20
10066,5/10/2024 7:44:10 PM,0.97
10066,5/10/2024 7:44:20 PM,1.31
10066,5/10/2024 7:44:30 PM,1.91
10066,5/10/2024 7:44:40 PM,1.99
10066,5/10/2024 7:44:50 PM,1.82
10066,5/10/2024 7:45:00 PM,1.65
10066,5/10/2024 7:45:10 PM,1.49
10066,5/10/2024 7:45:20 PM,1.43
10066,5/10/2024 7:45:30 PM,1.50
10066,5/10/2024 7:45:40 PM,1.56
10066,5/10/2024 7:45:50 PM,1.63
10066,5/10/2024 7:46:00 PM,1.69
10066,5/10/2024 7:46:10 PM,1.76
10066,5/10/2024 7:46:20 PM,1.82
10066,5/10/2024 7:46:30 PM,1.89
10066,5/10/2024 7:46:40 PM,1.95
10066,5/10/2024 7:46:50 PM,2.02
10066,5/10/2024 7:47:00 PM,2.08
10066,5/10/2024 7:47:10 PM,2.15
10066,5/10/2024 7:47:20 PM,2.21
10066,5/10/2024 7:47:30 PM,2.28
10066,5/10/2024 7:47:40 PM,2.35
10066,5/10/2024 7:47:50 PM,2.41
10066,5/10/2024 7:48:00 PM,2.48
10066,5/10/2024 7:48:10 PM,2.54
10066,5/10/2024 7:48:20 PM,2.61
10066,5/10/2024 7:48:30 PM,2.67
10066,5/10/2024 7:48:40 PM,2.74
10066,5/10/2024 7:48:50 PM,2.80
10066,5/10/2024 7:49:00 PM,2.87
10066,5/10/2024 7:49:10 PM,2.74
10066,5/10/2024 7:49:20 PM,2.41
10066,5/10/2024 7:49:30 PM,2.09
10066,5/10/2024 7:49:40 PM,1.76
10066,5/10/2024 7:49:50 PM,1.43
10066,5/10/2024 7:50:00 PM,1.11
10066,5/10/2024 7:50:10 PM,1.03
10066,5/10/2024 7:50:20 PM,1.07
10066,5/10/2024 7:50:30 PM,1.11
10066,5/10/2024 7:50:40 PM,1.15
10066,5/10/2024 7:50:50 PM,1.20
10066,5/10/2024 7:51:00 PM,1.24
10066,5/10/2024 7:51:10 PM,1.28
10066,5/10/2024 7:51:20 PM,1.32
10066,5/10/2024 7:51:30 PM,1.36
10066,5/10/2024 7:51:40 PM,1.40
10066,5/10/2024 7:51:50 PM,1.45
10066,5/10/2024 7:52:00 PM,1.49
10066,5/10/2024 7:52:10 PM,1.09
10066,5/10/2024 7:52:20 PM,0.93
10066,5/10/2024 7:52:30 PM,0.98
10066,5/10/2024 7:52:40 PM,1.03
10066,5/10/2024 7:52:50 PM,1.08
10066,5/10/2024 7:53:00 PM,1.13
10066,5/10/2024 7:53:10 PM,1.18
10066,5/10/2024 7:53:20 PM,1.23
10066,5/10/2024 7:53:30 PM,1.28
10066,5/10/2024 7:53:40 PM,1.33
10066,5/10/2024 7:53:50 PM,1.38
10066,5/10/2024 7:54:00 PM,1.43
10066,5/10/2024 7:54:10 PM,1.48
10066,5/10/2024 7:54:20 PM,1.53
10066,5/10/2024 7:54:30 PM,1.58
10066,5/10/2024 7:54:40 PM,1.63
10066,5/10/2024 7:54:50 PM,1.68
10066,5/10/2024 7:55:00 PM,1.68
10066,5/10/2024 7:55:10 PM,1.66
10066,5/10/2024 7:55:20 PM,1.63
10066,5/10/2024 7:55:30 PM,1.61
10066,5/10/2024 7:55:40 PM,1.58
10066,5/10/2024 7:55:50 PM,1.56
10066,5/10/2024 7:56:00 PM,1.53
10066,5/10/2024 7:56:10 PM,1.51
10066,5/10/2024 7:56:20 PM,1.48
10066,5/10/2024 7:56:30 PM,1.46
10066,5/10/2024 7:56:40 PM,1.43
10066,5/10/2024 7:56:50 PM,1.41
10066,5/10/2024 7:57:00 PM,1.38
10066,5/10/2024 7:57:10 PM,1.36
10066,5/10/2024 7:57:20 PM,1.33
10066,5/10/2024 7:57:30 PM,1.31
10066,5/10/2024 7:57:40 PM,1.28
10066,5/10/2024 7:57:50 PM,1.26
10066,5/10/2024 7:58:00 PM,1.23
10066,5/10/2024 7:58:10 PM,1.21
10066,5/10/2024 7:58:20 PM,1.44
10066,5/10/2024 7:58:30 PM,1.79
10066,5/10/2024 7:58:40 PM,1.71
10066,5/10/2024 7:58:50 PM,1.43
10066,5/10/2024 7:59:00 PM,1.15
10066,5/10/2024 7:59:10 PM,0.87
10066,5/10/2024 7:59:20 PM,0.59
10066,5/10/2024 7:59:30 PM,0.66
10066,5/10/2024 7:59:40 PM,0.90
10066,5/10/2024 7:59:50 PM,1.14
10066,5/10/2024 8:00:00 PM,1.38
10066,5/10/2024 8:00:10 PM,1.63
10066,5/10/2024 8:00:20 PM,1.63
10066,5/10/2024 8:00:30 PM,1.01
10066,5/10/2024 8:00:40 PM,0.84
10066,5/10/2024 8:00:50 PM,0.90
10066,5/10/2024 8:01:00 PM,0.97
10066,5/10/2024 8:01:10 PM,1.03
10066,5/10/2024 8:01:20 PM,1.09
10066,5/10/2024 8:01:30 PM,1.15
10066,5/10/2024 8:01:40 PM,1.22
10066,5/10/2024 8:01:50 PM,1.28
10066,5/10/2024 8:02:00 PM,1.34
10066,5/10/2024 8:02:10 PM,1.40
10066,5/10/2024 8:02:20 PM,1.47
10066,5/10/2024 8:02:30 PM,1.53
10066,5/10/2024 8:02:40 PM,1.59
10066,5/10/2024 8:02:50 PM,1.65
10066,5/10/2024 8:03:00 PM,1.72
10066,5/10/2024 8:03:10 PM,1.78
10066,5/10/2024 8:03:20 PM,1.65
10066,5/10/2024 8:03:30 PM,1.43
10066,5/10/2024 8:03:40 PM,1.21
10066,5/10/2024 8:03:50 PM,0.99
10066,5/10/2024 8:04:00 PM,0.77
10066,5/10/2024 8:04:10 PM,0.78
10066,5/10/2024 8:04:20 PM,0.90
10066,5/10/2024 8:04:30 PM,1.03
10066,5/10/2024 8:04:40 PM,1.15
10066,5/10/2024 8:04:50 PM,1.27
10066,5/10/2024 8:05:00 PM,1.39
10066,5/10/2024 8:05:10 PM,1.52
10066,5/10/2024 8:05:20 PM,1.64
10066,5/10/2024 8:05:30 PM,1.76
10066,5/10/2024 8:05:40 PM,1.43
10066,5/10/2024 8:05:50 PM,0.87
10066,5/10/2024 8:06:00 PM,0.84
10066,5/10/2024 8:06:10 PM,1.04
10066,5/10/2024 8:06:20 PM,1.24
10066,5/10/2024 8:06:30 PM,0.90
10066,5/10/2024 8:06:40 PM,0.83
10066,5/10/2024 8:06:50 PM,1.01
10066,5/10/2024 8:07:00 PM,1.20
10066,5/10/2024 8:07:10 PM,1.38
10066,5/10/2024 8:07:20 PM,1.57
10066,5/10/2024 8:07:30 PM,1.76
10066,5/10/2024 8:07:40 PM,1.94
10066,5/10/2024 8:07:50 PM,1.89
10066,5/10/2024 8:08:00 PM,1.74
10066,5/10/2024 8:08:10 PM,1.58
10066,5/10/2024 8:08:20 PM,1.42
10066,5/10/2024 8:08:30 PM,1.27
10066,5/10/2024 8:08:40 PM,1.11
10066,5/10/2024 8:08:50 PM,0.95
10066,5/10/2024 8:09:00 PM,0.97
10066,5/10/2024 8:09:10 PM,1.07
10066,5/10/2024 8:09:20 PM,1.17
10066,5/10/2024 8:09:30 PM,1.27
10066,5/10/2024 8:09:40 PM,1.37
10066,5/10/2024 8:09:50 PM,1.47
10066,5/10/2024 8:10:00 PM,1.57
10066,5/10/2024 8:10:10 PM,1.67
10066,5/10/2024 8:10:20 PM,1.77
10066,5/10/2024 8:10:30 PM,1.87
10066,5/10/2024 8:10:40 PM,1.70
10066,5/10/2024 8:10:50 PM,1.40
10066,5/10/2024 8:11:00 PM,1.09
10066,5/10/2024 8:11:10 PM,1.05
10066,5/10/2024 8:11:20 PM,1.13
10066,5/10/2024 8:11:30 PM,1.21
10066,5/10/2024 8:11:40 PM,1.28
10066,5/10/2024 8:11:50 PM,1.36
10066,5/10/2024 8:12:00 PM,1.43
10066,5/10/2024 8:12:10 PM,1.51
10066,5/10/2024 8:12:20 PM,1.59
10066,5/10/2024 8:12:30 PM,1.66
10066,5/10/2024 8:12:40 PM,1.74
10066,5/10/2024 8:12:50 PM,1.82
10066,5/10/2024 8:13:00 PM,1.89
10066,5/10/2024 8:13:10 PM,1.97
10066,5/10/2024 8:13:20 PM,2.05
10066,5/10/2024 8:13:30 PM,2.12
10066,5/10/2024 8:13:40 PM,2.20
10066,5/10/2024 8:13:50 PM,2.28
10066,5/10/2024 8:14:00 PM,2.21
10066,5/10/2024 8:14:10 PM,2.08
10066,5/10/2024 8:14:20 PM,1.94
10066,5/10/2024 8:14:30 PM,1.81
10066,5/10/2024 8:14:40 PM,1.67
10066,5/10/2024 8:14:50 PM,1.54
10066,5/10/2024 8:15:00 PM,1.40
10066,5/10/2024 8:15:10 PM,1.27
10066,5/10/2024 8:15:20 PM,1.20
10066,5/10/2024 8:15:30 PM,1.21
10066,5/10/2024 8:15:40 PM,1.21
10066,5/10/2024 8:15:50 PM,1.22
10066,5/10/2024 8:16:00 PM,1.22
10066,5/10/2024 8:16:10 PM,1.23
10066,5/10/2024 8:16:20 PM,1.23
10066,5/10/2024 8:16:30 PM,1.24
10066,5/10/2024 8:16:40 PM,1.24
10066,5/10/2024 8:16:50 PM,1.25
10066,5/10/2024 8:17:00 PM,1.25
10066,5/10/2024 8:17:10 PM,1.26
10066,5/10/2024 8:17:20 PM,1.26
10066,5/10/2024 8:17:30 PM,1.27
10066,5/10/2024 8:17:40 PM,1.27
10066,5/10/2024 8:17:50 PM,1.28
10066,5/10/2024 8:18:00 PM,1.28
10066,5/10/2024 8:18:10 PM,1.29
10066,5/10/2024 8:18:20 PM,1.29
10066,5/10/2024 8:18:30 PM,1.30
10066,5/10/2024 8:18:40 PM,1.30
10066,5/10/2024 8:18:50 PM,1.31
10066,5/10/2024 8:19:00 PM,1.31
10066,5/10/2024 8:19:10 PM,1.32
10066,5/10/2024 8:19:20 PM,1.32
10066,5/10/2024 8:19:30 PM,1.33
10066,5/10/2024 8:19:40 PM,1.33
10066,5/10/2024 8:19:50 PM,1.34
10066,5/10/2024 8:20:00 PM,1.34
10066,5/10/2024 8:20:10 PM,1.34
10066,5/10/2024 8:20:20 PM,1.35
10066,5/10/2024 8:20:30 PM,1.35
10066,5/10/2024 8:20:40 PM,1.36
10066,5/10/2024 8:20:50 PM,1.36
10066,5/10/2024 8:21:00 PM,1.37
10066,5/10/2024 8:21:10 PM,1.37
10066,5/10/2024 8:21:20 PM,1.38
10066,5/10/2024 8:21:30 PM,1.38
10066,5/10/2024 8:21:40 PM,1.39
10066,5/10/2024 8:21:50 PM,1.39
10066,5/10/2024 8:22:00 PM,1.40
10066,5/10/2024 8:22:10 PM,1.28
10066,5/10/2024 8:22:20 PM,1.10
10066,5/10/2024 8:22:30 PM,0.92
10066,5/10/2024 8:22:40 PM,0.74
10066,5/10/2024 8:22:50 PM,0.56
10066,5/10/2024 8:23:00 PM,0.68
10066,5/10/2024 8:23:10 PM,0.94
10066,5/10/2024 8:23:20 PM,1.20
10066,5/10/2024 8:23:30 PM,1.45
10066,5/10/2024 8:23:40 PM,1.71
10066,5/10/2024 8:23:50 PM,1.76
10066,5/10/2024 8:24:00 PM,1.70
10066,5/10/2024 8:24:10 PM,1.64
10066,5/10/2024 8:24:20 PM,1.58
10066,5/10/2024 8:24:30 PM,1.52
10066,5/10/2024 8:24:40 PM,1.46
10066,5/10/2024 8:24:50 PM,1.40
10066,5/10/2024 8:25:00 PM,1.34
10066,5/10/2024 8:25:10 PM,1.28
10066,5/10/2024 8:25:20 PM,1.22
10066,5/10/2024 8:25:30 PM,1.16
10066,5/10/2024 8:25:40 PM,1.10
10066,5/10/2024 8:25:50 PM,1.04
10066,5/10/2024 8:26:00 PM,0.98
10066,5/10/2024 8:26:10 PM,0.92
10066,5/10/2024 8:26:20 PM,0.69
10066,5/10/2024 8:26:30 PM,0.37
10066,5/10/2024 8:26:40 PM,0.05
10066,5/10/2024 8:26:50 PM,-0.27
10066,5/10/2024 8:27:00 PM,-0.59
10066,5/10/2024 8:27:10 PM,-0.37
10066,5/10/2024 8:27:20 PM,0.14
10066,5/10/2024 8:27:30 PM,0.64
10066,5/10/2024 8:27:40 PM,0.89
10066,5/10/2024 8:27:50 PM,1.02
10066,5/10/2024 8:28:00 PM,1.16
10066,5/10/2024 8:28:10 PM,1.29
10066,5/10/2024 8:28:20 PM,1.42
10066,5/10/2024 8:28:30 PM,1.56
10066,5/10/2024 8:28:40 PM,1.56
10066,5/10/2024 8:28:50 PM,1.50
10066,5/10/2024 8:29:00 PM,1.45
10066,5/10/2024 8:29:10 PM,1.39
10066,5/10/2024 8:29:20 PM,1.33
10066,5/10/2024 8:29:30 PM,1.28
10066,5/10/2024 8:29:40 PM,1.22
10066,5/10/2024 8:29:50 PM,1.26
10066,5/10/2024 8:30:00 PM,1.35
10066,5/10/2024 8:30:10 PM,1.44
10066,5/10/2024 8:30:20 PM,1.53
10066,5/10/2024 8:30:30 PM,1.62
10066,5/10/2024 8:30:40 PM,1.71
10066,5/10/2024 8:30:50 PM,1.79
10066,5/10/2024 8:31:00 PM,1.88
10066,5/10/2024 8:31:10 PM,1.97
10066,5/10/2024 8:31:20 PM,1.93
10066,5/10/2024 8:31:30 PM,1.82
10066,5/10/2024 8:31:40 PM,1.71
10066,5/10/2024 8:31:50 PM,1.60
10066,5/10/2024 8:32:00 PM,1.49
10066,5/10/2024 8:32:10 PM,1.39
10066,5/10/2024 8:32:20 PM,1.28
10066,5/10/2024 8:32:30 PM,1.17
10066,5/10/2024 8:32:40 PM,1.06
10066,5/10/2024 8:32:50 PM,0.95
10066,5/10/2024 8:33:00 PM,0.84
10066,5/10/2024 8:33:10 PM,0.73
10066,5/10/2024 8:33:20 PM,0.75
10066,5/10/2024 8:33:30 PM,0.82
10066,5/10/2024 8:33:40 PM,0.89
10066,5/10/2024 8:33:50 PM,0.96
10066,5/10/2024 8:34:00 PM,1.04
10066,5/10/2024 8:34:10 PM,1.11
10066,5/10/2024 8:34:20 PM,1.18
10066,5/10/2024 8:34:30 PM,1.25
10066,5/10/2024 8:34:40 PM,1.32
10066,5/10/2024 8:34:50 PM,1.39
10066,5/10/2024 8:35:00 PM,1.46
10066,5/10/2024 8:35:10 PM,1.54
10066,5/10/2024 8:35:20 PM,1.61
10066,5/10/2024 8:35:30 PM,1.68
10066,5/10/2024 8:35:40 PM,1.39
10066,5/10/2024 8:35:50 PM,0.94
10066,5/10/2024 8:36:00 PM,0.82
10066,5/10/2024 8:36:10 PM,0.86
10066,5/10/2024 8:36:20 PM,0.89
10066,5/10/2024 8:36:30 PM,0.93
10066,5/10/2024 8:36:40 PM,0.96
10066,5/10/2024 8:36:50 PM,1.00
10066,5/10/2024 8:37:00 PM,1.03
10066,5/10/2024 8:37:10 PM,1.07
10066,5/10/2024 8:37:20 PM,1.10
10066,5/10/2024 8:37:30 PM,1.14
10066,5/10/2024 8:37:40 PM,1.17
10066,5/10/2024 8:37:50 PM,1.20
10066,5/10/2024 8:38:00 PM,1.24
10066,5/10/2024 8:38:10 PM,1.27
10066,5/10/2024 8:38:20 PM,1.31
10066,5/10/2024 8:38:30 PM,1.34
10066,5/10/2024 8:38:40 PM,1.38
10066,5/10/2024 8:38:50 PM,1.41
10066,5/10/2024 8:39:00 PM,1.45
10066,5/10/2024 8:39:10 PM,1.48
10066,5/10/2024 8:39:20 PM,1.52
10066,5/10/2024 8:39:30 PM,1.55
10066,5/10/2024 8:39:40 PM,1.59
10066,5/10/2024 8:39:50 PM,1.62
10066,5/10/2024 8:40:00 PM,1.66
10066,5/10/2024 8:40:10 PM,1.69
10066,5/10/2024 8:40:20 PM,1.65
10066,5/10/2024 8:40:30 PM,1.58
10066,5/10/2024 8:40:40 PM,1.51
10066,5/10/2024 8:40:50 PM,1.43
10066,5/10/2024 8:41:00 PM,1.36
10066,5/10/2024 8:41:10 PM,1.29
10066,5/10/2024 8:41:20 PM,1.21
10066,5/10/2024 8:41:30 PM,1.14
10066,5/10/2024 8:41:40 PM,1.07
10066,5/10/2024 8:41:50 PM,1.00
10066,5/10/2024 8:42:00 PM,0.92
10066,5/10/2024 8:42:10 PM,0.93
10066,5/10/2024 8:42:20 PM,0.98
10066,5/10/2024 8:42:30 PM,1.03
10066,5/10/2024 8:42:40 PM,1.07
10066,5/10/2024 8:42:50 PM,1.12
10066,5/10/2024 8:43:00 PM,1.17
10066,5/10/2024 8:43:10 PM,1.21
10066,5/10/2024 8:43:20 PM,1.26
10066,5/10/2024 8:43:30 PM,1.31
10066,5/10/2024 8:43:40 PM,1.35
10066,5/10/2024 8:43:50 PM,1.40
10066,5/10/2024 8:44:00 PM,1.45
10066,5/10/2024 8:44:10 PM,1.49
10066,5/10/2024 8:44:20 PM,1.54
10066,5/10/2024 8:44:30 PM,1.59
10066,5/10/2024 8:44:40 PM,1.64
10066,5/10/2024 8:44:50 PM,1.68
10066,5/10/2024 8:45:00 PM,1.73
10066,5/10/2024 8:45:10 PM,1.78
10066,5/10/2024 8:45:20 PM,1.79
10066,5/10/2024 8:45:30 PM,1.76
10066,5/10/2024 8:45:40 PM,1.72
10066,5/10/2024 8:45:50 PM,1.69
10066,5/10/2024 8:46:00 PM,1.66
10066,5/10/2024 8:46:10 PM,1.63
10066,5/10/2024 8:46:20 PM,1.60
10066,5/10/2024 8:46:30 PM,1.57
10066,5/10/2024 8:46:40 PM,1.54
10066,5/10/2024 8:46:50 PM,1.51
10066,5/10/2024 8:47:00 PM,1.48
10066,5/10/2024 8:47:10 PM,1.45
10066,5/10/2024 8:47:20 PM,1.42
10066,5/10/2024 8:47:30 PM,1.39
10066,5/10/2024 8:47:40 PM,1.36
10066,5/10/2024 8:47:50 PM,1.33
10066,5/10/2024 8:48:00 PM,1.29
10066,5/10/2024 8:48:10 PM,1.26
10066,5/10/2024 8:48:20 PM,1.23
10066,5/10/2024 8:48:30 PM,1.20
10066,5/10/2024 8:48:40 PM,1.17
10066,5/10/2024 8:48:50 PM,1.14
10066,5/10/2024 8:49:00 PM,1.11
10066,5/10/2024 8:49:10 PM,1.13
10066,5/10/2024 8:49:20 PM,1.18
10066,5/10/2024 8:49:30 PM,1.22
10066,5/10/2024 8:49:40 PM,1.27
10066,5/10/2024 8:49:50 PM,1.32
10066,5/10/2024 8:50:00 PM,1.36
10066,5/10/2024 8:50:10 PM,1.41
10066,5/10/2024 8:50:20 PM,1.45
10066,5/10/2024 8:50:30 PM,1.50
10066,5/10/2024 8:50:40 PM,1.55
10066,5/10/2024 8:50:50 PM,1.59
10066,5/10/2024 8:51:00 PM,1.64
10066,5/10/2024 8:51:10 PM,1.69
10066,5/10/2024 8:51:20 PM,1.55
10066,5/10/2024 8:51:30 PM,1.32
10066,5/10/2024 8:51:40 PM,1.10
10066,5/10/2024 8:51:50 PM,0.87
10066,5/10/2024 8:52:00 PM,0.81
10066,5/10/2024 8:52:10 PM,0.83
10066,5/10/2024 8:52:20 PM,0.84
10066,5/10/2024 8:52:30 PM,0.86
10066,5/10/2024 8:52:40 PM,0.87
10066,5/10/2024 8:52:50 PM,0.89
10066,5/10/2024 8:53:00 PM,0.91
10066,5/10/2024 8:53:10 PM,0.92
10066,5/10/2024 8:53:20 PM,0.94
10066,5/10/2024 8:53:30 PM,0.95
10066,5/10/2024 8:53:40 PM,0.97
10066,5/10/2024 8:53:50 PM,0.98
10066,5/10/2024 8:54:00 PM,1.00
10066,5/10/2024 8:54:10 PM,1.02
10066,5/10/2024 8:54:20 PM,1.03
10066,5/10/2024 8:54:30 PM,1.05
10066,5/10/2024 8:54:40 PM,1.06
10066,5/10/2024 8:54:50 PM,1.08
10066,5/10/2024 8:55:00 PM,1.09
10066,5/10/2024 8:55:10 PM,1.11
10066,5/10/2024 8:55:20 PM,1.13
10066,5/10/2024 8:55:30 PM,1.14
10066,5/10/2024 8:55:40 PM,1.16
10066,5/10/2024 8:55:50 PM,1.17
10066,5/10/2024 8:56:00 PM,1.19
10066,5/10/2024 8:56:10 PM,1.20
10066,5/10/2024 8:56:20 PM,1.22
10066,5/10/2024 8:56:30 PM,1.23
10066,5/10/2024 8:56:40 PM,1.25
10066,5/10/2024 8:56:50 PM,1.27
10066,5/10/2024 8:57:00 PM,1.28
10066,5/10/2024 8:57:10 PM,1.30
10066,5/10/2024 8:57:20 PM,1.31
10066,5/10/2024 8:57:30 PM,1.33
10066,5/10/2024 8:57:40 PM,1.34
10066,5/10/2024 8:57:50 PM,1.36
10066,5/10/2024 8:58:00 PM,1.38
10066,5/10/2024 8:58:10 PM,1.39
10066,5/10/2024 8:58:20 PM,1.41
10066,5/10/2024 8:58:30 PM,1.42
10066,5/10/2024 8:58:40 PM,1.44
10066,5/10/2024 8:58:50 PM,1.45
10066,5/10/2024 8:59:00 PM,1.47
10066,5/10/2024 8:59:10 PM,1.49
10066,5/10/2024 8:59:20 PM,1.50
10066,5/10/2024 8:59:30 PM,1.52
10066,5/10/2024 8:59:40 PM,1.53
10066,5/10/2024 8:59:50 PM,1.55
10066,5/10/2024 9:00:00 PM,1.56
10066,5/10/2024 9:00:10 PM,1.58
10066,5/10/2024 9:00:20 PM,1.60
10066,5/10/2024 9:00:30 PM,1.39
10066,5/10/2024 9:00:40 PM,1.09
10066,5/10/2024 9:00:50 PM,1.12
10066,5/10/2024 9:01:00 PM,1.30
10066,5/10/2024 9:01:10 PM,1.48
10066,5/10/2024 9:01:20 PM,1.66
10066,5/10/2024 9:01:30 PM,1.84
10066,5/10/2024 9:01:40 PM,1.74
10066,5/10/2024 9:01:50 PM,1.50
10066,5/10/2024 9:02:00 PM,1.26
10066,5/10/2024 9:02:10 PM,1.02
10066,5/10/2024 9:02:20 PM,0.78
10066,5/10/2024 9:02:30 PM,0.95
10066,5/10/2024 9:02:40 PM,1.32
10066,5/10/2024 9:02:50 PM,1.68
10066,5/10/2024 9:03:00 PM,1.70
10066,5/10/2024 9:03:10 PM,1.55
10066,5/10/2024 9:03:20 PM,1.40
10066,5/10/2024 9:03:30 PM,1.25
10066,5/10/2024 9:03:40 PM,1.10
10066,5/10/2024 9:03:50 PM,0.95
10066,5/10/2024 9:04:00 PM,0.80
10066,5/10/2024 9:04:10 PM,0.65
10066,5/10/2024 9:04:20 PM,0.66
10066,5/10/2024 9:04:30 PM,0.75
10066,5/10/2024 9:04:40 PM,0.84
10066,5/10/2024 9:04:50 PM,0.93
10066,5/10/2024 9:05:00 PM,1.01
10066,5/10/2024 9:05:10 PM,1.10
10066,5/10/2024 9:05:20 PM,1.19
10066,5/10/2024 9:05:30 PM,1.28
10066,5/10/2024 9:05:40 PM,1.37
10066,5/10/2024 9:05:50 PM,1.45
10066,5/10/2024 9:06:00 PM,1.54
10066,5/10/2024 9:06:10 PM,1.63
10066,5/10/2024 9:06:20 PM,1.72
10066,5/10/2024 9:06:30 PM,1.81
10066,5/10/2024 9:06:40 PM,1.90
10066,5/10/2024 9:06:50 PM,1.98
10066,5/10/2024 9:07:00 PM,2.07
10066,5/10/2024 9:07:10 PM,2.03
10066,5/10/2024 9:07:20 PM,1.93
10066,5/10/2024 9:07:30 PM,1.83
10066,5/10/2024 9:07:40 PM,1.73
10066,5/10/2024 9:07:50 PM,1.63
10066,5/10/2024 9:08:00 PM,1.53
10066,5/10/2024 9:08:10 PM,1.43
10066,5/10/2024 9:08:20 PM,1.33
10066,5/10/2024 9:08:30 PM,1.23
10066,5/10/2024 9:08:40 PM,1.13
10066,5/10/2024 9:08:50 PM,1.20
10066,5/10/2024 9:09:00 PM,1.34
10066,5/10/2024 9:09:10 PM,1.48
10066,5/10/2024 9:09:20 PM,1.63
10066,5/10/2024 9:09:30 PM,1.77
10066,5/10/2024 9:09:40 PM,1.91
10066,5/10/2024 9:09:50 PM,2.06
10066,5/10/2024 9:10:00 PM,2.02
10066,5/10/2024 9:10:10 PM,1.89
10066,5/10/2024 9:10:20 PM,1.77
10066,5/10/2024 9:10:30 PM,1.65
10066,5/10/2024 9:10:40 PM,1.53
10066,5/10/2024 9:10:50 PM,1.41
10066,5/10/2024 9:11:00 PM,1.28
10066,5/10/2024 9:11:10 PM,1.16
10066,5/10/2024 9:11:20 PM,1.04
10066,5/10/2024 9:11:30 PM,1.05
10066,5/10/2024 9:11:40 PM,1.12
10066,5/10/2024 9:11:50 PM,1.20
10066,5/10/2024 9:12:00 PM,1.27
10066,5/10/2024 9:12:10 PM,1.35
10066,5/10/2024 9:12:20 PM,1.42
10066,5/10/2024 9:12:30 PM,1.49
10066,5/10/2024 9:12:40 PM,1.57
10066,5/10/2024 9:12:50 PM,1.64
10066,5/10/2024 9:13:00 PM,1.71
10066,5/10/2024 9:13:10 PM,1.79
10066,5/10/2024 9:13:20 PM,1.86
10066,5/10/2024 9:13:30 PM,1.93
10066,5/10/2024 9:13:40 PM,2.01
10066,5/10/2024 9:13:50 PM,2.08
10066,5/10/2024 9:14:00 PM,2.16
10066,5/10/2024 9:14:10 PM,2.23
10066,5/10/2024 9:14:20 PM,2.30
10066,5/10/2024 9:14:30 PM,2.38
10066,5/10/2024 9:14:40 PM,2.34
10066,5/10/2024 9:14:50 PM,2.26
10066,5/10/2024 9:15:00 PM,2.17
10066,5/10/2024 9:15:10 PM,2.09
10066,5/10/2024 9:15:20 PM,2.00
10066,5/10/2024 9:15:30 PM,1.92
10066,5/10/2024 9:15:40 PM,1.84
10066,5/10/2024 9:15:50 PM,1.75
10066,5/10/2024 9:16:00 PM,1.67
10066,5/10/2024 9:16:10 PM,1.58
10066,5/10/2024 9:16:20 PM,1.50
10066,5/10/2024 9:16:30 PM,1.41
10066,5/10/2024 9:16:40 PM,1.33
10066,5/10/2024 9:16:50 PM,1.24
10066,5/10/2024 9:17:00 PM,1.16
10066,5/10/2024 9:17:10 PM,1.07
10066,5/10/2024 9:17:20 PM,0.99
10066,5/10/2024 9:17:30 PM,0.90
10066,5/10/2024 9:17:40 PM,0.82
10066,5/10/2024 9:17:50 PM,0.74
10066,5/10/2024 9:18:00 PM,0.65
10066,5/10/2024 9:18:10 PM,0.57
10066,5/10/2024 9:18:20 PM,0.48
10066,5/10/2024 9:18:30 PM,0.40
10066,5/10/2024 9:18:40 PM,0.31
10066,5/10/2024 9:18:50 PM,0.23
10066,5/10/2024 9:19:00 PM,0.25
10066,5/10/2024 9:19:10 PM,0.33
10066,5/10/2024 9:19:20 PM,0.41
10066,5/10/2024 9:19:30 PM,0.49
10066,5/10/2024 9:19:40 PM,0.56
10066,5/10/2024 9:19:50 PM,0.64
10066,5/10/2024 9:20:00 PM,0.72
10066,5/10/2024 9:20:10 PM,0.80
10066,5/10/2024 9:20:20 PM,0.88
10066,5/10/2024 9:20:30 PM,1.07
10066,5/10/2024 9:20:40 PM,1.33
10066,5/10/2024 9:20:50 PM,1.59
10066,5/10/2024 9:21:00 PM,1.85
10066,5/10/2024 9:21:10 PM,2.10
10066,5/10/2024 9:21:20 PM,2.36
10066,5/10/2024 9:21:30 PM,2.62
10066,5/10/2024 9:21:40 PM,2.45
10066,5/10/2024 9:21:50 PM,2.09
10066,5/10/2024 9:22:00 PM,1.73
10066,5/10/2024 9:22:10 PM,1.37
10066,5/10/2024 9:22:20 PM,1.01
10066,5/10/2024 9:22:30 PM,0.95
10066,5/10/2024 9:22:40 PM,1.03
10066,5/10/2024 9:22:50 PM,1.11
10066,5/10/2024 9:23:00 PM,1.18
10066,5/10/2024 9:23:10 PM,1.26
10066,5/10/2024 9:23:20 PM,1.34
10066,5/10/2024 9:23:30 PM,1.41
10066,5/10/2024 9:23:40 PM,1.49
10066,5/10/2024 9:23:50 PM,1.56
10066,5/10/2024 9:24:00 PM,1.64
10066,5/10/2024 9:24:10 PM,1.72
10066,5/10/2024 9:24:20 PM,1.79
10066,5/10/2024 9:24:30 PM,1.87
10066,5/10/2024 9:24:40 PM,1.95
10066,5/10/2024 9:24:50 PM,2.02
10066,5/10/2024 9:25:00 PM,2.10
10066,5/10/2024 9:25:10 PM,2.18
10066,5/10/2024 9:25:20 PM,2.11
10066,5/10/2024 9:25:30 PM,1.97
10066,5/10/2024 9:25:40 PM,1.83
10066,5/10/2024 9:25:50 PM,1.69
10066,5/10/2024 9:26:00 PM,1.55
10066,5/10/2024 9:26:10 PM,1.56
10066,5/10/2024 9:26:20 PM,1.64
10066,5/10/2024 9:26:30 PM,1.73
10066,5/10/2024 9:26:40 PM,1.82
10066,5/10/2024 9:26:50 PM,1.90
10066,5/10/2024 9:27:00 PM,1.99
10066,5/10/2024 9:27:10 PM,2.07
10066,5/10/2024 9:27:20 PM,2.03
10066,5/10/2024 9:27:30 PM,1.93
10066,5/10/2024 9:27:40 PM,1.82
10066,5/10/2024 9:27:50 PM,1.72
10066,5/10/2024 9:28:00 PM,1.61
10066,5/10/2024 9:28:10 PM,1.51
10066,5/10/2024 9:28:20 PM,1.40
10066,5/10/2024 9:28:30 PM,1.30
10066,5/10/2024 9:28:40 PM,1.19
10066,5/10/2024 9:28:50 PM,1.09
10066,5/10/2024 9:29:00 PM,0.99
10066,5/10/2024 9:29:10 PM,0.88
10066,5/10/2024 9:29:20 PM,0.78
10066,5/10/2024 9:29:30 PM,0.67
10066,5/10/2024 9:29:40 PM,0.57
10066,5/10/2024 9:29:50 PM,0.46
10066,5/10/2024 9:30:00 PM,0.36
10066,5/10/2024 9:30:10 PM,0.25
10066,5/10/2024 9:30:20 PM,0.24
10066,5/10/2024 9:30:30 PM,0.31
10066,5/10/2024 9:30:40 PM,0.39
10066,5/10/2024 9:30:50 PM,0.47
10066,5/10/2024 9:31:00 PM,0.54
10066,5/10/2024 9:31:10 PM,0.62
10066,5/10/2024 9:31:20 PM,0.70
10066,5/10/2024 9:31:30 PM,0.77
10066,5/10/2024 9:31:40 PM,0.85
10066,5/10/2024 9:31:50 PM,0.93
10066,5/10/2024 9:32:00 PM,1.00
10066,5/10/2024 9:32:10 PM,1.08
10066,5/10/2024 9:32:20 PM,1.16
10066,5/10/2024 9:32:30 PM,1.23
10066,5/10/2024 9:32:40 PM,1.31
10066,5/10/2024 9:32:50 PM,1.39
10066,5/10/2024 9:33:00 PM,1.46
10066,5/10/2024 9:33:10 PM,1.54
10066,5/10/2024 9:33:20 PM,1.62
10066,5/10/2024 9:33:30 PM,1.69
10066,5/10/2024 9:33:40 PM,1.77
10066,5/10/2024 9:33:50 PM,1.84
10066,5/10/2024 9:34:00 PM,1.92
10066,5/10/2024 9:34:10 PM,2.00
10066,5/10/2024 9:34:20 PM,2.07
10066,5/10/2024 9:34:30 PM,2.15
10066,5/10/2024 9:34:40 PM,2.23
10066,5/10/2024 9:34:50 PM,2.30
10066,5/10/2024 9:35:00 PM,2.38
10066,5/10/2024 9:35:10 PM,2.46
10066,5/10/2024 9:35:20 PM,2.53
10066,5/10/2024 9:35:30 PM,2.61
10066,5/10/2024 9:35:40 PM,2.69
10066,5/10/2024 9:35:50 PM,2.76
10066,5/10/2024 9:36:00 PM,2.84
10066,5/10/2024 9:36:10 PM,2.92
10066,5/10/2024 9:36:20 PM,2.99
10066,5/10/2024 9:36:30 PM,3.07
10066,5/10/2024 9:36:40 PM,3.15
10066,5/10/2024 9:36:50 PM,3.22
10066,5/10/2024 9:37:00 PM,3.30
10066,5/10/2024 9:37:10 PM,3.38
10066,5/10/2024 9:37:20 PM,3.31
10066,5/10/2024 9:37:30 PM,3.18
10066,5/10/2024 9:37:40 PM,3.05
10066,5/10/2024 9:37:50 PM,2.92
10066,5/10/2024 9:38:00 PM,2.79
10066,5/10/2024 9:38:10 PM,2.66
10066,5/10/2024 9:38:20 PM,2.52
10066,5/10/2024 9:38:30 PM,2.39
10066,5/10/2024 9:38:40 PM,2.26
10066,5/10/2024 9:38:50 PM,2.13
10066,5/10/2024 9:39:00 PM,2.00
10066,5/10/2024 9:39:10 PM,1.87
10066,5/10/2024 9:39:20 PM,1.74
10066,5/10/2024 9:39:30 PM,1.61
10066,5/10/2024 9:39:40 PM,1.47
10066,5/10/2024 9:39:50 PM,1.34
10066,5/10/2024 9:40:00 PM,1.21
10066,5/10/2024 9:40:10 PM,1.08
10066,5/10/2024 9:40:20 PM,0.95
10066,5/10/2024 9:40:30 PM,0.82
10066,5/10/2024 9:40:40 PM,0.69
10066,5/10/2024 9:40:50 PM,0.56
10066,5/10/2024 9:41:00 PM,0.42
10066,5/10/2024 9:41:10 PM,0.29
10066,5/10/2024 9:41:20 PM,0.16
10066,5/10/2024 9:41:30 PM,0.03
10066,5/10/2024 9:41:40 PM,-0.10
10066,5/10/2024 9:41:50 PM,-0.23
10066,5/10/2024 9:42:00 PM,-0.36
10066,5/10/2024 9:42:10 PM,-0.50
10066,5/10/2024 9:42:20 PM,-0.63
10066,5/10/2024 9:42:30 PM,-0.76
10066,5/10/2024 9:42:40 PM,-1.07
10066,5/10/2024 9:42:50 PM,-1.47
10066,5/10/2024 9:43:00 PM,-1.87
10066,5/10/2024 9:43:10 PM,-1.83
10066,5/10/2024 9:43:20 PM,-1.58
10066,5/10/2024 9:43:30 PM,-1.33
10066,5/10/2024 9:43:40 PM,-1.08
10066,5/10/2024 9:43:50 PM,-0.83
10066,5/10/2024 9:44:00 PM,-0.58
10066,5/10/2024 9:44:10 PM,-0.33
10066,5/10/2024 9:44:20 PM,-0.08
10066,5/10/2024 9:44:30 PM,0.00
10066,5/10/2024 9:44:40 PM,-0.01
10066,5/10/2024 9:44:50 PM,-0.02
10066,5/10/2024 9:45:00 PM,-0.02
10066,5/10/2024 9:45:10 PM,-0.03
10066,5/10/2024 9:45:20 PM,-0.03
10066,5/10/2024 9:45:30 PM,-0.04
10066,5/10/2024 9:45:40 PM,-0.05
10066,5/10/2024 9:45:50 PM,-0.05
10066,5/10/2024 9:46:00 PM,-0.06
10066,5/10/2024 9:46:10 PM,-0.07
10066,5/10/2024 9:46:20 PM,-0.07
10066,5/10/2024 9:46:30 PM,-0.08
10066,5/10/2024 9:46:40 PM,-0.08
10066,5/10/2024 9:46:50 PM,-0.09
10066,5/10/2024 9:47:00 PM,-0.10
10066,5/10/2024 9:47:10 PM,-0.10
10066,5/10/2024 9:47:20 PM,-0.11
10066,5/10/2024 9:47:30 PM,-0.11
10066,5/10/2024 9:47:40 PM,-0.12
10066,5/10/2024 9:47:50 PM,-0.13
10066,5/10/2024 9:48:00 PM,-0.13
10066,5/10/2024 9:48:10 PM,-0.14
10066,5/10/2024 9:48:20 PM,-0.14
10066,5/10/2024 9:48:30 PM,-0.15
10066,5/10/2024 9:48:40 PM,-0.16
10066,5/10/2024 9:48:50 PM,-0.16
10066,5/10/2024 9:49:00 PM,-0.17
10066,5/10/2024 9:49:10 PM,-0.17
10066,5/10/2024 9:49:20 PM,-0.18
10066,5/10/2024 9:49:30 PM,-0.19
10066,5/10/2024 9:49:40 PM,-0.19
10066,5/10/2024 9:49:50 PM,-0.20
10066,5/10/2024 9:50:00 PM,-0.15
10066,5/10/2024 9:50:10 PM,-0.07
10066,5/10/2024 9:50:20 PM,0.00
10066,5/10/2024 9:50:30 PM,0.08
10066,5/10/2024 9:50:40 PM,0.15
10066,5/10/2024 9:50:50 PM,0.23
10066,5/10/2024 9:51:00 PM,0.30
10066,5/10/2024 9:51:10 PM,0.38
10066,5/10/2024 9:51:20 PM,0.45
10066,5/10/2024 9:51:30 PM,0.53
10066,5/10/2024 9:51:40 PM,0.60
10066,5/10/2024 9:51:50 PM,0.68
10066,5/10/2024 9:52:00 PM,0.52
10066,5/10/2024 9:52:10 PM,0.25
10066,5/10/2024 9:52:20 PM,-0.02
10066,5/10/2024 9:52:30 PM,0.02
10066,5/10/2024 9:52:40 PM,0.19
10066,5/10/2024 9:52:50 PM,0.36
10066,5/10/2024 9:53:00 PM,0.53
10066,5/10/2024 9:53:10 PM,0.70
10066,5/10/2024 9:53:20 PM,0.88
10066,5/10/2024 9:53:30 PM,1.05
10066,5/10/2024 9:53:40 PM,0.86
10066,5/10/2024 9:53:50 PM,0.51
10066,5/10/2024 9:54:00 PM,0.43
10066,5/10/2024 9:54:10 PM,0.48
10066,5/10/2024 9:54:20 PM,0.52
10066,5/10/2024 9:54:30 PM,0.56
10066,5/10/2024 9:54:40 PM,0.61
10066,5/10/2024 9:54:50 PM,0.65
10066,5/10/2024 9:55:00 PM,0.70
10066,5/10/2024 9:55:10 PM,0.74
10066,5/10/2024 9:55:20 PM,0.79
10066,5/10/2024 9:55:30 PM,0.78
10066,5/10/2024 9:55:40 PM,0.74
10066,5/10/2024 9:55:50 PM,0.70
10066,5/10/2024 9:56:00 PM,0.67
10066,5/10/2024 9:56:10 PM,0.63
10066,5/10/2024 9:56:20 PM,0.60
10066,5/10/2024 9:56:30 PM,0.56
10066,5/10/2024 9:56:40 PM,0.53
10066,5/10/2024 9:56:50 PM,0.49
10066,5/10/2024 9:57:00 PM,0.45
10066,5/10/2024 9:57:10 PM,0.42
10066,5/10/2024 9:57:20 PM,0.38
10066,5/10/2024 9:57:30 PM,0.35
10066,5/10/2024 9:57:40 PM,0.31
10066,5/10/2024 9:57:50 PM,0.28
10066,5/10/2024 9:58:00 PM,0.24
10066,5/10/2024 9:58:10 PM,0.20
10066,5/10/2024 9:58:20 PM,0.17
10066,5/10/2024 9:58:30 PM,0.13
10066,5/10/2024 9:58:40 PM,0.10
10066,5/10/2024 9:58:50 PM,0.06
10066,5/10/2024 9:59:00 PM,0.03
10066,5/10/2024 9:59:10 PM,-0.01
10066,5/10/2024 9:59:20 PM,-0.05
10066,5/10/2024 9:59:30 PM,-0.08
10066,5/10/2024 9:59:40 PM,-0.05
10066,5/10/2024 9:59:50 PM,0.06
10066,5/10/2024 10:00:00 PM,0.16
10066,5/10/2024 10:00:10 PM,0.26
10066,5/10/2024 10:00:20 PM,0.37
10066,5/10/2024 10:00:30 PM,0.47
10066,5/10/2024 10:00:40 PM,0.57
10066,5/10/2024 10:00:50 PM,0.68
10066,5/10/2024 10:01:00 PM,0.78
10066,5/10/2024 10:01:10 PM,0.89
10066,5/10/2024 10:01:20 PM,0.99
10066,5/10/2024 10:01:30 PM,1.09
10066,5/10/2024 10:01:40 PM,1.20
10066,5/10/2024 10:01:50 PM,1.30
10066,5/10/2024 10:02:00 PM,1.41
10066,5/10/2024 10:02:10 PM,1.51
10066,5/10/2024 10:02:20 PM,1.61
10066,5/10/2024 10:02:30 PM,1.72
10066,5/10/2024 10:02:40 PM,1.82
10066,5/10/2024 10:02:50 PM,1.92
10066,5/10/2024 10:03:00 PM,2.03
10066,5/10/2024 10:03:10 PM,2.13
10066,5/10/2024 10:03:20 PM,2.24
10066,5/10/2024 10:03:30 PM,2.34
10066,5/10/2024 10:03:40 PM,2.44
10066,5/10/2024 10:03:50 PM,2.55
10066,5/10/2024 10:04:00 PM,2.65
10066,5/10/2024 10:04:10 PM,2.76
10066,5/10/2024 10:04:20 PM,2.86
10066,5/10/2024 10:04:30 PM,2.96
10066,5/10/2024 10:04:40 PM,3.07
10066,5/10/2024 10:04:50 PM,2.86
10066,5/10/2024 10:05:00 PM,2.51
10066,5/10/2024 10:05:10 PM,2.16
10066,5/10/2024 10:05:20 PM,1.81
10066,5/10/2024 10:05:30 PM,1.65
10066,5/10/2024 10:05:40 PM,1.58
10066,5/10/2024 10:05:50 PM,1.51
10066,5/10/2024 10:06:00 PM,1.43
10066,5/10/2024 10:06:10 PM,1.36
10066,5/10/2024 10:06:20 PM,1.29
10066,5/10/2024 10:06:30 PM,1.21
10066,5/10/2024 10:06:40 PM,1.14
10066,5/10/2024 10:06:50 PM,1.07
10066,5/10/2024 10:07:00 PM,1.00
10066,5/10/2024 10:07:10 PM,0.92
10066,5/10/2024 10:07:20 PM,1.00
10066,5/10/2024 10:07:30 PM,1.15
10066,5/10/2024 10:07:40 PM,1.30
10066,5/10/2024 10:07:50 PM,1.45
10066,5/10/2024 10:08:00 PM,1.60
10066,5/10/2024 10:08:10 PM,1.75
10066,5/10/2024 10:08:20 PM,1.70
10066,5/10/2024 10:08:30 PM,1.54
10066,5/10/2024 10:08:40 PM,1.39
10066,5/10/2024 10:08:50 PM,1.23
10066,5/10/2024 10:09:00 PM,1.08
10066,5/10/2024 10:09:10 PM,0.93
10066,5/10/2024 10:09:20 PM,0.77
10066,5/10/2024 10:09:30 PM,0.62
10066,5/10/2024 10:09:40 PM,0.47
10066,5/10/2024 10:09:50 PM,0.31
10066,5/10/2024 10:10:00 PM,0.16
10066,5/10/2024 10:10:10 PM,0.00
10066,5/10/2024 10:10:20 PM,-0.15
10066,5/10/2024 10:10:30 PM,0.03
10066,5/10/2024 10:10:40 PM,0.36
10066,5/10/2024 10:10:50 PM,0.70
10066,5/10/2024 10:11:00 PM,0.53
10066,5/10/2024 10:11:10 PM,0.13
10066,5/10/2024 10:11:20 PM,-0.27
10066,5/10/2024 10:11:30 PM,-0.33
10066,5/10/2024 10:11:40 PM,-0.23
10066,5/10/2024 10:11:50 PM,-0.13
10066,5/10/2024 10:12:00 PM,-0.03
10066,5/10/2024 10:12:10 PM,0.07
10066,5/10/2024 10:12:20 PM,0.17
10066,5/10/2024 10:12:30 PM,0.27
10066,5/10/2024 10:12:40 PM,0.37
10066,5/10/2024 10:12:50 PM,0.19
10066,5/10/2024 10:13:00 PM,-0.11
10066,5/10/2024 10:13:10 PM,-0.41
10066,5/10/2024 10:13:20 PM,-0.71
10066,5/10/2024 10:13:30 PM,-1.00
10066,5/10/2024 10:13:40 PM,-0.82
10066,5/10/2024 10:13:50 PM,-0.40
10066,5/10/2024 10:14:00 PM,0.02
10066,5/10/2024 10:14:10 PM,0.44
10066,5/10/2024 10:14:20 PM,0.85
10066,5/10/2024 10:14:30 PM,1.27
10066,5/10/2024 10:14:40 PM,1.33
10066,5/10/2024 10:14:50 PM,1.22
10066,5/10/2024 10:15:00 PM,1.11
10066,5/10/2024 10:15:10 PM,1.01
10066,5/10/2024 10:15:20 PM,0.90
10066,5/10/2024 10:15:30 PM,0.80
10066,5/10/2024 10:15:40 PM,0.69
10066,5/10/2024 10:15:50 PM,0.58
10066,5/10/2024 10:16:00 PM,0.48
10066,5/10/2024 10:16:10 PM,0.37
10066,5/10/2024 10:16:20 PM,0.26
10066,5/10/2024 10:16:30 PM,0.16
10066,5/10/2024 10:16:40 PM,0.05
10066,5/10/2024 10:16:50 PM,-0.06
10066,5/10/2024 10:17:00 PM,-0.16
10066,5/10/2024 10:17:10 PM,-0.14
10066,5/10/2024 10:17:20 PM,-0.05
10066,5/10/2024 10:17:30 PM,0.04
10066,5/10/2024 10:17:40 PM,0.14
10066,5/10/2024 10:17:50 PM,0.23
10066,5/10/2024 10:18:00 PM,0.32
10066,5/10/2024 10:18:10 PM,0.41
10066,5/10/2024 10:18:20 PM,0.50
10066,5/10/2024 10:18:30 PM,0.60
10066,5/10/2024 10:18:40 PM,0.69
10066,5/10/2024 10:18:50 PM,0.78
10066,5/10/2024 10:19:00 PM,0.87
10066,5/10/2024 10:19:10 PM,0.70
10066,5/10/2024 10:19:20 PM,0.40
10066,5/10/2024 10:19:30 PM,0.49
10066,5/10/2024 10:19:40 PM,0.76
10066,5/10/2024 10:19:50 PM,1.03
10066,5/10/2024 10:20:00 PM,1.31
10066,5/10/2024 10:20:10 PM,1.31
10066,5/10/2024 10:20:20 PM,1.16
10066,5/10/2024 10:20:30 PM,1.02
10066,5/10/2024 10:20:40 PM,0.88
10066,5/10/2024 10:20:50 PM,0.73
10066,5/10/2024 10:21:00 PM,0.59
10066,5/10/2024 10:21:10 PM,0.45
10066,5/10/2024 10:21:20 PM,0.58
10066,5/10/2024 10:21:30 PM,0.85
10066,5/10/2024 10:21:40 PM,1.12
10066,5/10/2024 10:21:50 PM,1.17
10066,5/10/2024 10:22:00 PM,1.13
10066,5/10/2024 10:22:10 PM,1.09
10066,5/10/2024 10:22:20 PM,1.05
10066,5/10/2024 10:22:30 PM,1.01
10066,5/10/2024 10:22:40 PM,0.97
10066,5/10/2024 10:22:50 PM,0.93
10066,5/10/2024 10:23:00 PM,0.89
10066,5/10/2024 10:23:10 PM,0.85
10066,5/10/2024 10:23:20 PM,0.81
10066,5/10/2024 10:23:30 PM,0.77
10066,5/10/2024 10:23:40 PM,0.73
10066,5/10/2024 10:23:50 PM,0.69
10066,5/10/2024 10:24:00 PM,0.65
10066,5/10/2024 10:24:10 PM,0.61
10066,5/10/2024 10:24:20 PM,0.57
10066,5/10/2024 10:24:30 PM,0.53
10066,5/10/2024 10:24:40 PM,0.49
10066,5/10/2024 10:24:50 PM,0.45
10066,5/10/2024 10:25:00 PM,0.41
10066,5/10/2024 10:25:10 PM,0.62
10066,5/10/2024 10:25:20 PM,0.96
10066,5/10/2024 10:25:30 PM,1.29
10066,5/10/2024 10:25:40 PM,1.38
10066,5/10/2024 10:25:50 PM,1.35
10066,5/10/2024 10:26:00 PM,1.32
10066,5/10/2024 10:26:10 PM,1.28
10066,5/10/2024 10:26:20 PM,1.25
10066,5/10/2024 10:26:30 PM,1.22
10066,5/10/2024 10:26:40 PM,1.19
10066,5/10/2024 10:26:50 PM,1.16
10066,5/10/2024 10:27:00 PM,1.12
10066,5/10/2024 10:27:10 PM,1.09
10066,5/10/2024 10:27:20 PM,1.06
10066,5/10/2024 10:27:30 PM,1.03
10066,5/10/2024 10:27:40 PM,1.00
10066,5/10/2024 10:27:50 PM,0.96
10066,5/10/2024 10:28:00 PM,0.93
10066,5/10/2024 10:28:10 PM,0.90
10066,5/10/2024 10:28:20 PM,0.87
10066,5/10/2024 10:28:30 PM,0.84
10066,5/10/2024 10:28:40 PM,0.80
10066,5/10/2024 10:28:50 PM,0.77
10066,5/10/2024 10:29:00 PM,0.74
10066,5/10/2024 10:29:10 PM,0.71
10066,5/10/2024 10:29:20 PM,0.68
10066,5/10/2024 10:29:30 PM,0.64
10066,5/10/2024 10:29:40 PM,0.61
10066,5/10/2024 10:29:50 PM,0.58
10066,5/10/2024 10:30:00 PM,0.55
10066,5/10/2024 10:30:10 PM,0.52
10066,5/10/2024 10:30:20 PM,0.55
10066,5/10/2024 10:30:30 PM,0.66
10066,5/10/2024 10:30:40 PM,0.77
10066,5/10/2024 10:30:50 PM,0.87
10066,5/10/2024 10:31:00 PM,0.98
10066,5/10/2024 10:31:10 PM,1.09
10066,5/10/2024 10:31:20 PM,1.19
10066,5/10/2024 10:31:30 PM,1.30
10066,5/10/2024 10:31:40 PM,1.41
10066,5/10/2024 10:31:50 PM,1.52
10066,5/10/2024 10:32:00 PM,1.62
10066,5/10/2024 10:32:10 PM,1.73
10066,5/10/2024 10:32:20 PM,1.84
10066,5/10/2024 10:32:30 PM,1.94
10066,5/10/2024 10:32:40 PM,1.84
10066,5/10/2024 10:32:50 PM,1.51
10066,5/10/2024 10:33:00 PM,1.46
10066,5/10/2024 10:33:10 PM,1.55
10066,5/10/2024 10:33:20 PM,1.64
10066,5/10/2024 10:33:30 PM,1.72
10066,5/10/2024 10:33:40 PM,1.81
10066,5/10/2024 10:33:50 PM,1.90
10066,5/10/2024 10:34:00 PM,1.99
10066,5/10/2024 10:34:10 PM,2.07
10066,5/10/2024 10:34:20 PM,2.26
10066,5/10/2024 10:34:30 PM,2.48
10066,5/10/2024 10:34:40 PM,2.71
10066,5/10/2024 10:34:50 PM,2.94
10066,5/10/2024 10:35:00 PM,3.17
10066,5/10/2024 10:35:10 PM,3.40
10066,5/10/2024 10:35:20 PM,3.63
10066,5/10/2024 10:35:30 PM,3.43
10066,5/10/2024 10:35:40 PM,3.05
10066,5/10/2024 10:35:50 PM,2.66
10066,5/10/2024 10:36:00 PM,2.27
10066,5/10/2024 10:36:10 PM,1.88
10066,5/10/2024 10:36:20 PM,1.49
10066,5/10/2024 10:36:30 PM,1.10
10066,5/10/2024 10:36:40 PM,0.71
10066,5/10/2024 10:36:50 PM,0.32
10066,5/10/2024 10:37:00 PM,-0.23
10066,5/10/2024 10:37:10 PM,-0.87
10066,5/10/2024 10:37:20 PM,-1.50
10066,5/10/2024 10:37:30 PM,-1.97
10066,5/10/2024 10:37:40 PM,-2.37
10066,5/10/2024 10:37:50 PM,-2.78
10066,5/10/2024 10:38:00 PM,-2.67
10066,5/10/2024 10:38:10 PM,-2.33
10066,5/10/2024 10:38:20 PM,-1.99
10066,5/10/2024 10:38:30 PM,-1.65
10066,5/10/2024 10:38:40 PM,-1.31
10066,5/10/2024 10:38:50 PM,-0.31
10066,5/10/2024 10:39:00 PM,0.36
10066,5/10/2024 10:39:10 PM,0.73
10066,5/10/2024 10:39:20 PM,1.11
10066,5/10/2024 10:39:30 PM,1.48
10066,5/10/2024 10:39:40 PM,1.56
10066,5/10/2024 10:39:50 PM,1.49
10066,5/10/2024 10:40:00 PM,1.42
10066,5/10/2024 10:40:10 PM,1.36
10066,5/10/2024 10:40:20 PM,1.29
10066,5/10/2024 10:40:30 PM,1.23
10066,5/10/2024 10:40:40 PM,1.16
10066,5/10/2024 10:40:50 PM,1.09
10066,5/10/2024 10:41:00 PM,1.03
10066,5/10/2024 10:41:10 PM,0.96
10066,5/10/2024 10:41:20 PM,0.90
10066,5/10/2024 10:41:30 PM,0.83
10066,5/10/2024 10:41:40 PM,0.76
10066,5/10/2024 10:41:50 PM,0.70
10066,5/10/2024 10:42:00 PM,0.63
10066,5/10/2024 10:42:10 PM,0.57
10066,5/10/2024 10:42:20 PM,0.50
10066,5/10/2024 10:42:30 PM,0.43
10066,5/10/2024 10:42:40 PM,0.23
10066,5/10/2024 10:42:50 PM,-0.13
10066,5/10/2024 10:43:00 PM,-0.49
10066,5/10/2024 10:43:10 PM,0.02
10066,5/10/2024 10:43:20 PM,0.92
10066,5/10/2024 10:43:30 PM,1.07
10066,5/10/2024 10:43:40 PM,0.89
10066,5/10/2024 10:43:50 PM,0.71
10066,5/10/2024 10:44:00 PM,0.53
10066,5/10/2024 10:44:10 PM,0.34
10066,5/10/2024 10:44:20 PM,0.16
10066,5/10/2024 10:44:30 PM,0.15
10066,5/10/2024 10:44:40 PM,0.23
10066,5/10/2024 10:44:50 PM,0.30
10066,5/10/2024 10:45:00 PM,0.38
10066,5/10/2024 10:45:10 PM,0.45
10066,5/10/2024 10:45:20 PM,0.53
10066,5/10/2024 10:45:30 PM,0.60
10066,5/10/2024 10:45:40 PM,0.68
10066,5/10/2024 10:45:50 PM,0.75
10066,5/10/2024 10:46:00 PM,0.83
10066,5/10/2024 10:46:10 PM,0.90
10066,5/10/2024 10:46:20 PM,0.98
10066,5/10/2024 10:46:30 PM,0.97
10066,5/10/2024 10:46:40 PM,0.92
10066,5/10/2024 10:46:50 PM,0.87
10066,5/10/2024 10:47:00 PM,0.83
10066,5/10/2024 10:47:10 PM,0.78
10066,5/10/2024 10:47:20 PM,0.73
10066,5/10/2024 10:47:30 PM,0.68
10066,5/10/2024 10:47:40 PM,0.64
10066,5/10/2024 10:47:50 PM,0.59
10066,5/10/2024 10:48:00 PM,0.54
10066,5/10/2024 10:48:10 PM,0.49
10066,5/10/2024 10:48:20 PM,0.45
10066,5/10/2024 10:48:30 PM,0.40
10066,5/10/2024 10:48:40 PM,0.35
10066,5/10/2024 10:48:50 PM,0.30
10066,5/10/2024 10:49:00 PM,0.26
10066,5/10/2024 10:49:10 PM,0.21
10066,5/10/2024 10:49:20 PM,0.16
10066,5/10/2024 10:49:30 PM,0.12
10066,5/10/2024 10:49:40 PM,0.05
10066,5/10/2024 10:49:50 PM,-0.03
10066,5/10/2024 10:50:00 PM,-0.10
10066,5/10/2024 10:50:10 PM,-0.18
10066,5/10/2024 10:50:20 PM,-0.05
10066,5/10/2024 10:50:30 PM,0.18
10066,5/10/2024 10:50:40 PM,0.40
10066,5/10/2024 10:50:50 PM,0.63
10066,5/10/2024 10:51:00 PM,0.69
10066,5/10/2024 10:51:10 PM,0.68
10066,5/10/2024 10:51:20 PM,0.67
10066,5/10/2024 10:51:30 PM,0.66
10066,5/10/2024 10:51:40 PM,0.65
10066,5/10/2024 10:51:50 PM,0.64
10066,5/10/2024 10:52:00 PM,0.63
10066,5/10/2024 10:52:10 PM,0.62
10066,5/10/2024 10:52:20 PM,0.60
10066,5/10/2024 10:52:30 PM,-0.01
10066,5/10/2024 10:52:40 PM,-0.25
10066,5/10/2024 10:52:50 PM,-0.18
10066,5/10/2024 10:53:00 PM,-0.10
10066,5/10/2024 10:53:10 PM,-0.03
10066,5/10/2024 10:53:20 PM,0.04
10066,5/10/2024 10:53:30 PM,0.12
10066,5/10/2024 10:53:40 PM,0.19
10066,5/10/2024 10:53:50 PM,0.26
10066,5/10/2024 10:54:00 PM,0.34
10066,5/10/2024 10:54:10 PM,0.41
10066,5/10/2024 10:54:20 PM,0.48
10066,5/10/2024 10:54:30 PM,0.56
10066,5/10/2024 10:54:40 PM,0.63
10066,5/10/2024 10:54:50 PM,0.70
10066,5/10/2024 10:55:00 PM,0.78
10066,5/10/2024 10:55:10 PM,0.65
10066,5/10/2024 10:55:20 PM,0.42
10066,5/10/2024 10:55:30 PM,0.20
10066,5/10/2024 10:55:40 PM,-0.03
10066,5/10/2024 10:55:50 PM,0.17
10066,5/10/2024 10:56:00 PM,0.57
10066,5/10/2024 10:56:10 PM,0.30
10066,5/10/2024 10:56:20 PM,-0.31
10066,5/10/2024 10:56:30 PM,0.18
10066,5/10/2024 10:56:40 PM,1.18
10066,5/10/2024 10:56:50 PM,0.89
10066,5/10/2024 10:57:00 PM,-0.01
10066,5/10/2024 10:57:10 PM,0.22
10066,5/10/2024 10:57:20 PM,0.98
10066,5/10/2024 10:57:30 PM,1.75
10066,5/10/2024 10:57:40 PM,1.39
10066,5/10/2024 10:57:50 PM,2.13
10066,5/10/2024 10:58:00 PM,1.65
10066,5/10/2024 10:58:10 PM,1.24
10066,5/10/2024 10:58:20 PM,1.30
10066,5/10/2024 10:58:30 PM,1.36
10066,5/10/2024 10:58:40 PM,1.42
10066,5/10/2024 10:58:50 PM,1.48
10066,5/10/2024 10:59:00 PM,1.54
10066,5/10/2024 10:59:10 PM,1.61
10066,5/10/2024 10:59:20 PM,1.67
10066,5/10/2024 10:59:30 PM,1.73
10066,5/10/2024 10:59:40 PM,1.79
10066,5/10/2024 10:59:50 PM,1.85
10066,5/10/2024 11:00:00 PM,1.91
10066,5/10/2024 11:00:10 PM,1.97
10066,5/10/2024 11:00:20 PM,1.39
10066,5/10/2024 11:00:30 PM,2.06
10066,5/10/2024 11:00:40 PM,2.26
10066,5/10/2024 11:00:50 PM,1.96
10066,5/10/2024 11:01:00 PM,1.67
10066,5/10/2024 11:01:10 PM,1.38
10066,5/10/2024 11:01:20 PM,1.09
10066,5/10/2024 11:01:30 PM,0.79
10066,5/10/2024 11:01:40 PM,0.91
10066,5/10/2024 11:01:50 PM,1.21
10066,5/10/2024 11:02:00 PM,1.51
10066,5/10/2024 11:02:10 PM,1.81
10066,5/10/2024 11:02:20 PM,2.11
10066,5/10/2024 11:02:30 PM,2.22
10066,5/10/2024 11:02:40 PM,2.25
10066,5/10/2024 11:02:50 PM,2.28
10066,5/10/2024 11:03:00 PM,2.31
10066,5/10/2024 11:03:10 PM,2.33
10066,5/10/2024 11:03:20 PM,2.36
10066,5/10/2024 11:03:30 PM,2.39
10066,5/10/2024 11:03:40 PM,1.82
10066,5/10/2024 11:03:50 PM,0.97
10066,5/10/2024 11:04:00 PM,0.78
10066,5/10/2024 11:04:10 PM,0.91
10066,5/10/2024 11:04:20 PM,1.03
10066,5/10/2024 11:04:30 PM,1.15
10066,5/10/2024 11:04:40 PM,1.27
10066,5/10/2024 11:04:50 PM,1.40
10066,5/10/2024 11:05:00 PM,1.52
10066,5/10/2024 11:05:10 PM,1.64
10066,5/10/2024 11:05:20 PM,1.76
10066,5/10/2024 11:05:30 PM,1.55
10066,5/10/2024 11:05:40 PM,1.18
10066,5/10/2024 11:05:50 PM,0.82
10066,5/10/2024 11:06:00 PM,1.24
10066,5/10/2024 11:06:10 PM,1.43
10066,5/10/2024 11:06:20 PM,1.33
10066,5/10/2024 11:06:30 PM,0.69
10066,5/10/2024 11:06:40 PM,1.49
10066,5/10/2024 11:06:50 PM,2.00
10066,5/10/2024 11:07:00 PM,2.01
10066,5/10/2024 11:07:10 PM,2.02
10066,5/10/2024 11:07:20 PM,2.02
10066,5/10/2024 11:07:30 PM,2.03
10066,5/10/2024 11:07:40 PM,2.04
10066,5/10/2024 11:07:50 PM,2.04
10066,5/10/2024 11:08:00 PM,2.05
10066,5/10/2024 11:08:10 PM,2.05
10066,5/10/2024 11:08:20 PM,2.06
10066,5/10/2024 11:08:30 PM,2.07
10066,5/10/2024 11:08:40 PM,2.07
10066,5/10/2024 11:08:50 PM,2.08
10066,5/10/2024 11:09:00 PM,2.09
10066,5/10/2024 11:09:10 PM,2.09
10066,5/10/2024 11:09:20 PM,2.10
10066,5/10/2024 11:09:30 PM,0.68
10066,5/10/2024 11:09:40 PM,0.36
10066,5/10/2024 11:09:50 PM,0.89
10066,5/10/2024 11:10:00 PM,1.43
10066,5/10/2024 11:10:10 PM,1.20
10066,5/10/2024 11:10:20 PM,1.27
10066,5/10/2024 11:10:30 PM,1.67
10066,5/10/2024 11:10:40 PM,2.08
10066,5/10/2024 11:10:50 PM,0.76
10066,5/10/2024 11:11:00 PM,0.16
10066,5/10/2024 11:11:10 PM,0.25
10066,5/10/2024 11:11:20 PM,0.33
10066,5/10/2024 11:11:30 PM,0.42
10066,5/10/2024 11:11:40 PM,0.50
10066,5/10/2024 11:11:50 PM,0.59
10066,5/10/2024 11:12:00 PM,0.67
10066,5/10/2024 11:12:10 PM,0.52
10066,5/10/2024 11:12:20 PM,0.25
10066,5/10/2024 11:12:30 PM,-0.02
10066,5/10/2024 11:12:40 PM,0.01
10066,5/10/2024 11:12:50 PM,0.17
10066,5/10/2024 11:13:00 PM,0.34
10066,5/10/2024 11:13:10 PM,0.50
10066,5/10/2024 11:13:20 PM,0.66
10066,5/10/2024 11:13:30 PM,0.82
10066,5/10/2024 11:13:40 PM,0.99
10066,5/10/2024 11:13:50 PM,1.15
10066,5/10/2024 11:14:00 PM,1.16
10066,5/10/2024 11:14:10 PM,1.10
10066,5/10/2024 11:14:20 PM,1.04
10066,5/10/2024 11:14:30 PM,0.98
10066,5/10/2024 11:14:40 PM,0.91
10066,5/10/2024 11:14:50 PM,0.85
10066,5/10/2024 11:15:00 PM,0.79
10066,5/10/2024 11:15:10 PM,0.73
10066,5/10/2024 11:15:20 PM,0.77
10066,5/10/2024 11:15:30 PM,0.92
10066,5/10/2024 11:15:40 PM,1.07
10066,5/10/2024 11:15:50 PM,1.22
10066,5/10/2024 11:16:00 PM,1.36
10066,5/10/2024 11:16:10 PM,1.51
10066,5/10/2024 11:16:20 PM,1.66
10066,5/10/2024 11:16:30 PM,1.81
10066,5/10/2024 11:16:40 PM,1.95
10066,5/10/2024 11:16:50 PM,0.76
10066,5/10/2024 11:17:00 PM,0.38
10066,5/10/2024 11:17:10 PM,0.65
10066,5/10/2024 11:17:20 PM,0.92
10066,5/10/2024 11:17:30 PM,0.77
10066,5/10/2024 11:17:40 PM,0.44
10066,5/10/2024 11:17:50 PM,0.10
10066,5/10/2024 11:18:00 PM,0.48
10066,5/10/2024 11:18:10 PM,1.17
10066,5/10/2024 11:18:20 PM,1.18
10066,5/10/2024 11:18:30 PM,0.84
10066,5/10/2024 11:18:40 PM,0.51
10066,5/10/2024 11:18:50 PM,0.35
10066,5/10/2024 11:19:00 PM,0.27
10066,5/10/2024 11:19:10 PM,0.20
10066,5/10/2024 11:19:20 PM,0.12
10066,5/10/2024 11:19:30 PM,0.78
10066,5/10/2024 11:19:40 PM,0.99
10066,5/10/2024 11:19:50 PM,0.82
10066,5/10/2024 11:20:00 PM,0.65
10066,5/10/2024 11:20:10 PM,0.69
10066,5/10/2024 11:20:20 PM,0.81
10066,5/10/2024 11:20:30 PM,0.94
10066,5/10/2024 11:20:40 PM,1.06
10066,5/10/2024 11:20:50 PM,1.15
10066,5/10/2024 11:21:00 PM,1.21
10066,5/10/2024 11:21:10 PM,1.28
10066,5/10/2024 11:21:20 PM,1.64
10066,5/10/2024 11:21:30 PM,2.14
10066,5/10/2024 11:21:40 PM,1.55
10066,5/10/2024 11:21:50 PM,0.99
10066,5/10/2024 11:22:00 PM,0.69
10066,5/10/2024 11:22:10 PM,0.39
10066,5/10/2024 11:22:20 PM,0.78
10066,5/10/2024 11:22:30 PM,0.98
10066,5/10/2024 11:22:40 PM,0.95
10066,5/10/2024 11:22:50 PM,0.92
10066,5/10/2024 11:23:00 PM,0.90
10066,5/10/2024 11:23:10 PM,0.87
10066,5/10/2024 11:23:20 PM,0.84
10066,5/10/2024 11:23:30 PM,0.81
10066,5/10/2024 11:23:40 PM,1.42
10066,5/10/2024 11:23:50 PM,0.46
10066,5/10/2024 11:24:00 PM,0.21
10066,5/10/2024 11:24:10 PM,0.66
10066,5/10/2024 11:24:20 PM,1.11
10066,5/10/2024 11:24:30 PM,1.56
10066,5/10/2024 11:24:40 PM,1.38
10066,5/10/2024 11:24:50 PM,0.91
10066,5/10/2024 11:25:00 PM,0.45
10066,5/10/2024 11:25:10 PM,1.12
10066,5/10/2024 11:25:20 PM,1.21
10066,5/10/2024 11:25:30 PM,0.78
10066,5/10/2024 11:25:40 PM,0.36
10066,5/10/2024 11:25:50 PM,-0.07
10066,5/10/2024 11:26:00 PM,0.35
10066,5/10/2024 11:26:10 PM,1.14
10066,5/10/2024 11:26:20 PM,1.39
10066,5/10/2024 11:26:30 PM,1.38
10066,5/10/2024 11:26:40 PM,1.37
10066,5/10/2024 11:26:50 PM,1.36
10066,5/10/2024 11:27:00 PM,1.35
10066,5/10/2024 11:27:10 PM,1.34
10066,5/10/2024 11:27:20 PM,1.33
10066,5/10/2024 11:27:30 PM,1.32
10066,5/10/2024 11:27:40 PM,1.31
10066,5/10/2024 11:27:50 PM,1.30
10066,5/10/2024 11:28:00 PM,0.61
10066,5/10/2024 11:28:10 PM,0.85
10066,5/10/2024 11:28:20 PM,1.64
10066,5/10/2024 11:28:30 PM,1.82
10066,5/10/2024 11:28:40 PM,1.71
10066,5/10/2024 11:28:50 PM,1.59
10066,5/10/2024 11:29:00 PM,1.47
10066,5/10/2024 11:29:10 PM,1.35
10066,5/10/2024 11:29:20 PM,1.24
10066,5/10/2024 11:29:30 PM,1.29
10066,5/10/2024 11:29:40 PM,1.43
10066,5/10/2024 11:29:50 PM,1.56
10066,5/10/2024 11:30:00 PM,1.34
10066,5/10/2024 11:30:10 PM,0.97
10066,5/10/2024 11:30:20 PM,1.35
10066,5/10/2024 11:30:30 PM,1.79
10066,5/10/2024 11:30:40 PM,1.34
10066,5/10/2024 11:30:50 PM,0.89
10066,5/10/2024 11:31:00 PM,0.44
10066,5/10/2024 11:31:10 PM,1.12
10066,5/10/2024 11:31:20 PM,1.53
10066,5/10/2024 11:31:30 PM,1.58
10066,5/10/2024 11:31:40 PM,1.22
10066,5/10/2024 11:31:50 PM,0.67
10066,5/10/2024 11:32:00 PM,1.53
10066,5/10/2024 11:32:10 PM,1.18
10066,5/10/2024 11:32:20 PM,-0.02
10066,5/10/2024 11:32:30 PM,-0.23
10066,5/10/2024 11:32:40 PM,0.02
10066,5/10/2024 11:32:50 PM,0.03
10066,5/10/2024 11:33:00 PM,-0.07
10066,5/10/2024 11:33:10 PM,-0.17
10066,5/10/2024 11:33:20 PM,-0.27
10066,5/10/2024 11:33:30 PM,-0.16
10066,5/10/2024 11:33:40 PM,0.04
10066,5/10/2024 11:33:50 PM,0.24
10066,5/10/2024 11:34:00 PM,0.09
10066,5/10/2024 11:34:10 PM,0.69
10066,5/10/2024 11:34:20 PM,1.68
10066,5/10/2024 11:34:30 PM,0.77
10066,5/10/2024 11:34:40 PM,0.82
10066,5/10/2024 11:34:50 PM,1.10
10066,5/10/2024 11:35:00 PM,1.10
10066,5/10/2024 11:35:10 PM,1.10
10066,5/10/2024 11:35:20 PM,1.10
10066,5/10/2024 11:35:30 PM,0.62
10066,5/10/2024 11:35:40 PM,0.59
10066,5/10/2024 11:35:50 PM,0.86
10066,5/10/2024 11:36:00 PM,1.14
10066,5/10/2024 11:36:10 PM,1.41
10066,5/10/2024 11:36:20 PM,1.19
10066,5/10/2024 11:36:30 PM,0.74
10066,5/10/2024 11:36:40 PM,1.42
10066,5/10/2024 11:36:50 PM,1.64
10066,5/10/2024 11:37:00 PM,1.42
10066,5/10/2024 11:37:10 PM,1.19
10066,5/10/2024 11:37:20 PM,0.96
10066,5/10/2024 11:37:30 PM,0.73
10066,5/10/2024 11:37:40 PM,0.50
10066,5/10/2024 11:37:50 PM,0.27
10066,5/10/2024 11:38:00 PM,0.57
10066,5/10/2024 11:38:10 PM,1.10
10066,5/10/2024 11:38:20 PM,1.63
10066,5/10/2024 11:38:30 PM,0.84
10066,5/10/2024 11:38:40 PM,1.29
10066,5/10/2024 11:38:50 PM,1.57
10066,5/10/2024 11:39:00 PM,1.39
10066,5/10/2024 11:39:10 PM,1.21
10066,5/10/2024 11:39:20 PM,1.02
10066,5/10/2024 11:39:30 PM,0.84
10066,5/10/2024 11:39:40 PM,0.66
10066,5/10/2024 11:39:50 PM,1.15
10066,5/10/2024 11:40:00 PM,1.13
10066,5/10/2024 11:40:10 PM,0.73
10066,5/10/2024 11:40:20 PM,0.77
10066,5/10/2024 11:40:30 PM,1.02
10066,5/10/2024 11:40:40 PM,1.27
10066,5/10/2024 11:40:50 PM,1.52
10066,5/10/2024 11:41:00 PM,1.77
10066,5/10/2024 11:41:10 PM,2.02
10066,5/10/2024 11:41:20 PM,2.27
10066,5/10/2024 11:41:30 PM,2.52
10066,5/10/2024 11:41:40 PM,1.85
10066,5/10/2024 11:41:50 PM,1.49
10066,5/10/2024 11:42:00 PM,1.48
10066,5/10/2024 11:42:10 PM,1.47
10066,5/10/2024 11:42:20 PM,1.45
10066,5/10/2024 11:42:30 PM,1.44
10066,5/10/2024 11:42:40 PM,1.43
10066,5/10/2024 11:42:50 PM,1.42
10066,5/10/2024 11:43:00 PM,1.40
10066,5/10/2024 11:43:10 PM,0.72
10066,5/10/2024 11:43:20 PM,0.81
10066,5/10/2024 11:43:30 PM,1.41
10066,5/10/2024 11:43:40 PM,2.01
10066,5/10/2024 11:43:50 PM,1.81
10066,5/10/2024 11:44:00 PM,1.25
10066,5/10/2024 11:44:10 PM,0.68
10066,5/10/2024 11:44:20 PM,0.55
10066,5/10/2024 11:44:30 PM,0.63
10066,5/10/2024 11:44:40 PM,0.70
10066,5/10/2024 11:44:50 PM,0.78
10066,5/10/2024 11:45:00 PM,0.85
10066,5/10/2024 11:45:10 PM,0.93
10066,5/10/2024 11:45:20 PM,1.00
10066,5/10/2024 11:45:30 PM,1.08
10066,5/10/2024 11:45:40 PM,0.79
10066,5/10/2024 11:45:50 PM,0.35
10066,5/10/2024 11:46:00 PM,0.81
10066,5/10/2024 11:46:10 PM,1.08
10066,5/10/2024 11:46:20 PM,1.06
10066,5/10/2024 11:46:30 PM,1.03
10066,5/10/2024 11:46:40 PM,1.01
10066,5/10/2024 11:46:50 PM,0.98
10066,5/10/2024 11:47:00 PM,0.96
10066,5/10/2024 11:47:10 PM,0.93
10066,5/10/2024 11:47:20 PM,0.91
10066,5/10/2024 11:47:30 PM,0.88
10066,5/10/2024 11:47:40 PM,0.86
10066,5/10/2024 11:47:50 PM,0.83
10066,5/10/2024 11:48:00 PM,0.81
10066,5/10/2024 11:48:10 PM,0.80
10066,5/10/2024 11:48:20 PM,0.81
10066,5/10/2024 11:48:30 PM,0.82
10066,5/10/2024 11:48:40 PM,0.82
10066,5/10/2024 11:48:50 PM,0.83
10066,5/10/2024 11:49:00 PM,0.83
10066,5/10/2024 11:49:10 PM,0.84
10066,5/10/2024 11:49:20 PM,0.84
10066,5/10/2024 11:49:30 PM,0.85
10066,5/10/2024 11:49:40 PM,0.85
10066,5/10/2024 11:49:50 PM,0.86
10066,5/10/2024 11:50:00 PM,0.86
10066,5/10/2024 11:50:10 PM,0.87
10066,5/10/2024 11:50:20 PM,0.88
10066,5/10/2024 11:50:30 PM,0.88
10066,5/10/2024 11:50:40 PM,0.89
10066,5/10/2024 11:50:50 PM,0.89
10066,5/10/2024 11:51:00 PM,0.90
10066,5/10/2024 11:51:10 PM,0.90
10066,5/10/2024 11:51:20 PM,0.91
10066,5/10/2024 11:51:30 PM,0.91
10066,5/10/2024 11:51:40 PM,0.92
10066,5/10/2024 11:51:50 PM,0.92
10066,5/10/2024 11:52:00 PM,0.93
10066,5/10/2024 11:52:10 PM,0.94
10066,5/10/2024 11:52:20 PM,0.94
10066,5/10/2024 11:52:30 PM,0.95
10066,5/10/2024 11:52:40 PM,0.95
10066,5/10/2024 11:52:50 PM,0.96
10066,5/10/2024 11:53:00 PM,0.96
10066,5/10/2024 11:53:10 PM,0.97
10066,5/10/2024 11:53:20 PM,0.97
10066,5/10/2024 11:53:30 PM,0.98
10066,5/10/2024 11:53:40 PM,0.99
10066,5/10/2024 11:53:50 PM,0.99
10066,5/10/2024 11:54:00 PM,1.00
10066,5/10/2024 11:54:10 PM,1.00
10066,5/10/2024 11:54:20 PM,1.01
10066,5/10/2024 11:54:30 PM,1.01
10066,5/10/2024 11:54:40 PM,1.02
10066,5/10/2024 11:54:50 PM,1.02
10066,5/10/2024 11:55:00 PM,1.03
10066,5/10/2024 11:55:10 PM,1.03
10066,5/10/2024 11:55:20 PM,1.04
10066,5/10/2024 11:55:30 PM,1.05
10066,5/10/2024 11:55:40 PM,1.05
10066,5/10/2024 11:55:50 PM,1.06
10066,5/10/2024 11:56:00 PM,1.06
10066,5/10/2024 11:56:10 PM,1.07
10066,5/10/2024 11:56:20 PM,1.07
10066,5/10/2024 11:56:30 PM,1.08
10066,5/10/2024 11:56:40 PM,1.08
10066,5/10/2024 11:56:50 PM,1.09
10066,5/10/2024 11:57:00 PM,1.09
10066,5/10/2024 11:57:10 PM,1.10
10066,5/10/2024 11:57:20 PM,1.11
10066,5/10/2024 11:57:30 PM,1.11
10066,5/10/2024 11:57:40 PM,1.12
10066,5/10/2024 11:57:50 PM,1.12
10066,5/10/2024 11:58:00 PM,1.13
10066,5/10/2024 11:58:10 PM,1.13
10066,5/10/2024 11:58:20 PM,1.14
10066,5/10/2024 11:58:30 PM,1.14
10066,5/10/2024 11:58:40 PM,1.15
10066,5/10/2024 11:58:50 PM,1.15
10066,5/10/2024 11:59:00 PM,1.16
10066,5/10/2024 11:59:10 PM,1.17
10066,5/10/2024 11:59:20 PM,1.17
10066,5/10/2024 11:59:30 PM,1.18
10066,5/10/2024 11:59:40 PM,1.18
10066,5/10/2024 11:59:50 PM,1.19
10066,5/11/2024 12:00:00 AM,1.19
10066,5/11/2024 12:00:10 AM,1.20
10066,5/11/2024 12:00:20 AM,0.83
10066,5/11/2024 12:00:30 AM,0.28
10066,5/11/2024 12:00:40 AM,0.47
10066,5/11/2024 12:00:50 AM,1.02
10066,5/11/2024 12:01:00 AM,1.19
10066,5/11/2024 12:01:10 AM,1.19
10066,5/11/2024 12:01:20 AM,1.18
10066,5/11/2024 12:01:30 AM,1.17
10066,5/11/2024 12:01:40 AM,1.16
10066,5/11/2024 12:01:50 AM,1.15
10066,5/11/2024 12:02:00 AM,1.14
10066,5/11/2024 12:02:10 AM,1.14
10066,5/11/2024 12:02:20 AM,1.13
10066,5/11/2024 12:02:30 AM,1.12
10066,5/11/2024 12:02:40 AM,1.11
10066,5/11/2024 12:02:50 AM,1.10
10066,5/11/2024 12:03:00 AM,1.09
10066,5/11/2024 12:03:10 AM,1.08
10066,5/11/2024 12:03:20 AM,1.08
10066,5/11/2024 12:03:30 AM,1.07
10066,5/11/2024 12:03:40 AM,1.06
10066,5/11/2024 12:03:50 AM,1.05
10066,5/11/2024 12:04:00 AM,1.04
10066,5/11/2024 12:04:10 AM,1.03
10066,5/11/2024 12:04:20 AM,1.03
10066,5/11/2024 12:04:30 AM,1.02
10066,5/11/2024 12:04:40 AM,1.01
10066,5/11/2024 12:04:50 AM,1.00
10066,5/11/2024 12:05:00 AM,0.99
10066,5/11/2024 12:05:10 AM,0.98
10066,5/11/2024 12:05:20 AM,0.97
10066,5/11/2024 12:05:30 AM,0.97
10066,5/11/2024 12:05:40 AM,0.96
10066,5/11/2024 12:05:50 AM,0.95
10066,5/11/2024 12:06:00 AM,0.94
10066,5/11/2024 12:06:10 AM,0.93
10066,5/11/2024 12:06:20 AM,0.92
10066,5/11/2024 12:06:30 AM,0.92
10066,5/11/2024 12:06:40 AM,0.91
10066,5/11/2024 12:06:50 AM,0.90
10066,5/11/2024 12:07:00 AM,0.89
10066,5/11/2024 12:07:10 AM,0.88
10066,5/11/2024 12:07:20 AM,0.87
10066,5/11/2024 12:07:30 AM,0.86
10066,5/11/2024 12:07:40 AM,0.86
10066,5/11/2024 12:07:50 AM,0.85
10066,5/11/2024 12:08:00 AM,0.84
10066,5/11/2024 12:08:10 AM,0.83
10066,5/11/2024 12:08:20 AM,0.82
10066,5/11/2024 12:08:30 AM,0.81
10066,5/11/2024 12:08:40 AM,0.80
10066,5/11/2024 12:08:50 AM,0.80
10066,5/11/2024 12:09:00 AM,0.79
10066,5/11/2024 12:09:10 AM,0.78
10066,5/11/2024 12:09:20 AM,0.77
10066,5/11/2024 12:09:30 AM,0.76
10066,5/11/2024 12:09:40 AM,0.75
10066,5/11/2024 12:09:50 AM,0.75
10066,5/11/2024 12:10:00 AM,0.74
10066,5/11/2024 12:10:10 AM,0.73
10066,5/11/2024 12:10:20 AM,0.72
10066,5/11/2024 12:10:30 AM,0.71
10066,5/11/2024 12:10:40 AM,0.70
10066,5/11/2024 12:10:50 AM,0.86
10066,5/11/2024 12:11:00 AM,1.09
10066,5/11/2024 12:11:10 AM,1.32
10066,5/11/2024 12:11:20 AM,1.39
10066,5/11/2024 12:11:30 AM,1.38
10066,5/11/2024 12:11:40 AM,1.36
10066,5/11/2024 12:11:50 AM,1.35
10066,5/11/2024 12:12:00 AM,1.33
10066,5/11/2024 12:12:10 AM,1.32
10066,5/11/2024 12:12:20 AM,1.31
10066,5/11/2024 12:12:30 AM,1.29
10066,5/11/2024 12:12:40 AM,1.28
10066,5/11/2024 12:12:50 AM,1.26
10066,5/11/2024 12:13:00 AM,1.25
10066,5/11/2024 12:13:10 AM,1.23
10066,5/11/2024 12:13:20 AM,1.22
10066,5/11/2024 12:13:30 AM,1.21
10066,5/11/2024 12:13:40 AM,1.19
10066,5/11/2024 12:13:50 AM,1.18
10066,5/11/2024 12:14:00 AM,1.16
10066,5/11/2024 12:14:10 AM,1.15
10066,5/11/2024 12:14:20 AM,1.13
10066,5/11/2024 12:14:30 AM,1.12
10066,5/11/2024 12:14:40 AM,1.11
10066,5/11/2024 12:14:50 AM,1.09
10066,5/11/2024 12:15:00 AM,1.08
10066,5/11/2024 12:15:10 AM,1.06
10066,5/11/2024 12:15:20 AM,1.05
10066,5/11/2024 12:15:30 AM,1.03
10066,5/11/2024 12:15:40 AM,1.02
10066,5/11/2024 12:15:50 AM,1.01
10066,5/11/2024 12:16:00 AM,0.99
10066,5/11/2024 12:16:10 AM,0.98
10066,5/11/2024 12:16:20 AM,0.96
10066,5/11/2024 12:16:30 AM,0.95
10066,5/11/2024 12:16:40 AM,0.93
10066,5/11/2024 12:16:50 AM,0.92
10066,5/11/2024 12:17:00 AM,0.91
10066,5/11/2024 12:17:10 AM,0.89
10066,5/11/2024 12:17:20 AM,0.88
10066,5/11/2024 12:17:30 AM,0.86
10066,5/11/2024 12:17:40 AM,0.85
10066,5/11/2024 12:17:50 AM,0.83
10066,5/11/2024 12:18:00 AM,0.82
10066,5/11/2024 12:18:10 AM,0.81
10066,5/11/2024 12:18:20 AM,0.79
10066,5/11/2024 12:18:30 AM,0.78
10066,5/11/2024 12:18:40 AM,0.76
10066,5/11/2024 12:18:50 AM,0.75
10066,5/11/2024 12:19:00 AM,0.73
10066,5/11/2024 12:19:10 AM,0.72
10066,5/11/2024 12:19:20 AM,0.71
10066,5/11/2024 12:19:30 AM,0.69
10066,5/11/2024 12:19:40 AM,0.68
10066,5/11/2024 12:19:50 AM,0.66
10066,5/11/2024 12:20:00 AM,0.65
10066,5/11/2024 12:20:10 AM,0.63
10066,5/11/2024 12:20:20 AM,0.62
10066,5/11/2024 12:20:30 AM,0.61
10066,5/11/2024 12:20:40 AM,0.59
10066,5/11/2024 12:20:50 AM,0.58
10066,5/11/2024 12:21:00 AM,0.56
10066,5/11/2024 12:21:10 AM,0.55
10066,5/11/2024 12:21:20 AM,0.53
10066,5/11/2024 12:21:30 AM,0.52
10066,5/11/2024 12:21:40 AM,0.51
10066,5/11/2024 12:21:50 AM,1.18
10066,5/11/2024 12:22:00 AM,1.51
10066,5/11/2024 12:22:10 AM,1.52
10066,5/11/2024 12:22:20 AM,1.53
10066,5/11/2024 12:22:30 AM,1.54
10066,5/11/2024 12:22:40 AM,1.54
10066,5/11/2024 12:22:50 AM,1.55
10066,5/11/2024 12:23:00 AM,1.56
10066,5/11/2024 12:23:10 AM,1.57
10066,5/11/2024 12:23:20 AM,1.58
10066,5/11/2024 12:23:30 AM,1.59
10066,5/11/2024 12:23:40 AM,1.60
10066,5/11/2024 12:23:50 AM,1.61
10066,5/11/2024 12:24:00 AM,1.62
10066,5/11/2024 12:24:10 AM,1.63
10066,5/11/2024 12:24:20 AM,1.64
10066,5/11/2024 12:24:30 AM,1.65
10066,5/11/2024 12:24:40 AM,1.66
10066,5/11/2024 12:24:50 AM,1.67
10066,5/11/2024 12:25:00 AM,1.68
10066,5/11/2024 12:25:10 AM,1.69
10066,5/11/2024 12:25:20 AM,1.70
10066,5/11/2024 12:25:30 AM,1.71
10066,5/11/2024 12:25:40 AM,1.71
10066,5/11/2024 12:25:50 AM,1.72
10066,5/11/2024 12:26:00 AM,1.73
10066,5/11/2024 12:26:10 AM,1.74
10066,5/11/2024 12:26:20 AM,1.75
10066,5/11/2024 12:26:30 AM,1.76
10066,5/11/2024 12:26:40 AM,1.77
10066,5/11/2024 12:26:50 AM,1.78
10066,5/11/2024 12:27:00 AM,1.79
10066,5/11/2024 12:27:10 AM,1.80
10066,5/11/2024 12:27:20 AM,1.81
10066,5/11/2024 12:27:30 AM,1.82
10066,5/11/2024 12:27:40 AM,1.83
10066,5/11/2024 12:27:50 AM,1.84
10066,5/11/2024 12:28:00 AM,1.85
10066,5/11/2024 12:28:10 AM,1.86
10066,5/11/2024 12:28:20 AM,1.87
10066,5/11/2024 12:28:30 AM,1.87
10066,5/11/2024 12:28:40 AM,1.88
10066,5/11/2024 12:28:50 AM,1.89
10066,5/11/2024 12:29:00 AM,1.90
10066,5/11/2024 12:29:10 AM,1.91
10066,5/11/2024 12:29:20 AM,1.92
10066,5/11/2024 12:29:30 AM,1.93
10066,5/11/2024 12:29:40 AM,1.94
10066,5/11/2024 12:29:50 AM,1.95
10066,5/11/2024 12:30:00 AM,1.96
10066,5/11/2024 12:30:10 AM,1.97
10066,5/11/2024 12:30:20 AM,1.98
10066,5/11/2024 12:30:30 AM,1.99
10066,5/11/2024 12:30:40 AM,2.00
10066,5/11/2024 12:30:50 AM,1.93
10066,5/11/2024 12:31:00 AM,1.82
10066,5/11/2024 12:31:10 AM,1.72
10066,5/11/2024 12:31:20 AM,1.61
10066,5/11/2024 12:31:30 AM,1.51
10066,5/11/2024 12:31:40 AM,1.40
10066,5/11/2024 12:31:50 AM,1.30
10066,5/11/2024 12:32:00 AM,1.19
10066,5/11/2024 12:32:10 AM,1.09
10066,5/11/2024 12:32:20 AM,0.98
10066,5/11/2024 12:32:30 AM,0.88
10066,5/11/2024 12:32:40 AM,0.77
10066,5/11/2024 12:32:50 AM,0.67
10066,5/11/2024 12:33:00 AM,0.56
10066,5/11/2024 12:33:10 AM,0.46
10066,5/11/2024 12:33:20 AM,0.35
10066,5/11/2024 12:33:30 AM,0.24
10066,5/11/2024 12:33:40 AM,0.14
10066,5/11/2024 12:33:50 AM,0.03
10066,5/11/2024 12:34:00 AM,0.05
10066,5/11/2024 12:34:10 AM,0.12
10066,5/11/2024 12:34:20 AM,0.19
10066,5/11/2024 12:34:30 AM,0.26
10066,5/11/2024 12:34:40 AM,0.33
10066,5/11/2024 12:34:50 AM,0.40
10066,5/11/2024 12:35:00 AM,0.47
10066,5/11/2024 12:35:10 AM,0.54
10066,5/11/2024 12:35:20 AM,0.61
10066,5/11/2024 12:35:30 AM,0.68
10066,5/11/2024 12:35:40 AM,0.64
10066,5/11/2024 12:35:50 AM,0.55
10066,5/11/2024 12:36:00 AM,0.47
10066,5/11/2024 12:36:10 AM,0.38
10066,5/11/2024 12:36:20 AM,0.29
10066,5/11/2024 12:36:30 AM,0.20
10066,5/11/2024 12:36:40 AM,0.12
10066,5/11/2024 12:36:50 AM,0.03
10066,5/11/2024 12:37:00 AM,0.05
10066,5/11/2024 12:37:10 AM,0.13
10066,5/11/2024 12:37:20 AM,0.21
10066,5/11/2024 12:37:30 AM,0.29
10066,5/11/2024 12:37:40 AM,0.36
10066,5/11/2024 12:37:50 AM,0.44
10066,5/11/2024 12:38:00 AM,0.52
10066,5/11/2024 12:38:10 AM,0.60
10066,5/11/2024 12:38:20 AM,0.68
10066,5/11/2024 12:38:30 AM,0.55
10066,5/11/2024 12:38:40 AM,0.32
10066,5/11/2024 12:38:50 AM,0.10
10066,5/11/2024 12:39:00 AM,-0.13
10066,5/11/2024 12:39:10 AM,-0.15
10066,5/11/2024 12:39:20 AM,-0.07
10066,5/11/2024 12:39:30 AM,0.01
10066,5/11/2024 12:39:40 AM,0.09
10066,5/11/2024 12:39:50 AM,0.17
10066,5/11/2024 12:40:00 AM,0.25
10066,5/11/2024 12:40:10 AM,0.33
10066,5/11/2024 12:40:20 AM,0.40
10066,5/11/2024 12:40:30 AM,0.48
10066,5/11/2024 12:40:40 AM,0.56
10066,5/11/2024 12:40:50 AM,0.64
10066,5/11/2024 12:41:00 AM,0.72
10066,5/11/2024 12:41:10 AM,0.80
10066,5/11/2024 12:41:20 AM,0.87
10066,5/11/2024 12:41:30 AM,0.83
10066,5/11/2024 12:41:40 AM,0.73
10066,5/11/2024 12:41:50 AM,0.63
10066,5/11/2024 12:42:00 AM,0.53
10066,5/11/2024 12:42:10 AM,0.43
10066,5/11/2024 12:42:20 AM,0.43
10066,5/11/2024 12:42:30 AM,0.47
10066,5/11/2024 12:42:40 AM,0.52
10066,5/11/2024 12:42:50 AM,0.56
10066,5/11/2024 12:43:00 AM,0.61
10066,5/11/2024 12:43:10 AM,0.65
10066,5/11/2024 12:43:20 AM,0.69
10066,5/11/2024 12:43:30 AM,0.74
10066,5/11/2024 12:43:40 AM,0.78
10066,5/11/2024 12:43:50 AM,0.83
10066,5/11/2024 12:44:00 AM,0.87
10066,5/11/2024 12:44:10 AM,0.91
10066,5/11/2024 12:44:20 AM,0.96
10066,5/11/2024 12:44:30 AM,1.00
10066,5/11/2024 12:44:40 AM,1.05
10066,5/11/2024 12:44:50 AM,1.09
10066,5/11/2024 12:45:00 AM,1.13
10066,5/11/2024 12:45:10 AM,1.18
10066,5/11/2024 12:45:20 AM,1.19
10066,5/11/2024 12:45:30 AM,1.18
10066,5/11/2024 12:45:40 AM,1.16
10066,5/11/2024 12:45:50 AM,1.15
10066,5/11/2024 12:46:00 AM,1.13
10066,5/11/2024 12:46:10 AM,1.12
10066,5/11/2024 12:46:20 AM,1.10
10066,5/11/2024 12:46:30 AM,1.09
10066,5/11/2024 12:46:40 AM,1.07
10066,5/11/2024 12:46:50 AM,1.06
10066,5/11/2024 12:47:00 AM,1.04
10066,5/11/2024 12:47:10 AM,1.03
10066,5/11/2024 12:47:20 AM,1.01
10066,5/11/2024 12:47:30 AM,1.00
10066,5/11/2024 12:47:40 AM,0.98
10066,5/11/2024 12:47:50 AM,0.97
10066,5/11/2024 12:48:00 AM,0.95
10066,5/11/2024 12:48:10 AM,0.94
10066,5/11/2024 12:48:20 AM,0.92
10066,5/11/2024 12:48:30 AM,0.91
10066,5/11/2024 12:48:40 AM,0.89
10066,5/11/2024 12:48:50 AM,0.88
10066,5/11/2024 12:49:00 AM,0.86
10066,5/11/2024 12:49:10 AM,0.85
10066,5/11/2024 12:49:20 AM,0.83
10066,5/11/2024 12:49:30 AM,0.82
10066,5/11/2024 12:49:40 AM,0.80
10066,5/11/2024 12:49:50 AM,0.79
10066,5/11/2024 12:50:00 AM,0.77
10066,5/11/2024 12:50:10 AM,0.76
10066,5/11/2024 12:50:20 AM,0.74
10066,5/11/2024 12:50:30 AM,0.73
10066,5/11/2024 12:50:40 AM,0.71
10066,5/11/2024 12:50:50 AM,0.70
10066,5/11/2024 12:51:00 AM,0.68
10066,5/11/2024 12:51:10 AM,0.67
10066,5/11/2024 12:51:20 AM,0.65
10066,5/11/2024 12:51:30 AM,0.64
10066,5/11/2024 12:51:40 AM,0.62
10066,5/11/2024 12:51:50 AM,0.61
10066,5/11/2024 12:52:00 AM,0.59
10066,5/11/2024 12:52:10 AM,0.58
10066,5/11/2024 12:52:20 AM,0.56
10066,5/11/2024 12:52:30 AM,0.55
10066,5/11/2024 12:52:40 AM,0.53
10066,5/11/2024 12:52:50 AM,0.52
10066,5/11/2024 12:53:00 AM,0.50
10066,5/11/2024 12:53:10 AM,0.49
10066,5/11/2024 12:53:20 AM,0.47
10066,5/11/2024 12:53:30 AM,0.46
10066,5/11/2024 12:53:40 AM,0.44
10066,5/11/2024 12:53:50 AM,0.43
10066,5/11/2024 12:54:00 AM,0.41
10066,5/11/2024 12:54:10 AM,0.40
10066,5/11/2024 12:54:20 AM,0.38
10066,5/11/2024 12:54:30 AM,0.37
10066,5/11/2024 12:54:40 AM,0.35
10066,5/11/2024 12:54:50 AM,0.34
10066,5/11/2024 12:55:00 AM,0.32
10066,5/11/2024 12:55:10 AM,0.31
10066,5/11/2024 12:55:20 AM,0.38
10066,5/11/2024 12:55:30 AM,0.49
10066,5/11/2024 12:55:40 AM,0.60
10066,5/11/2024 12:55:50 AM,0.71
10066,5/11/2024 12:56:00 AM,0.83
10066,5/11/2024 12:56:10 AM,0.94
10066,5/11/2024 12:56:20 AM,1.05
10066,5/11/2024 12:56:30 AM,1.16
10066,5/11/2024 12:56:40 AM,1.18
10066,5/11/2024 12:56:50 AM,1.15
10066,5/11/2024 12:57:00 AM,1.12
10066,5/11/2024 12:57:10 AM,1.10
10066,5/11/2024 12:57:20 AM,1.07
10066,5/11/2024 12:57:30 AM,1.04
10066,5/11/2024 12:57:40 AM,1.01
10066,5/11/2024 12:57:50 AM,0.98
10066,5/11/2024 12:58:00 AM,0.96
10066,5/11/2024 12:58:10 AM,0.93
10066,5/11/2024 12:58:20 AM,0.90
10066,5/11/2024 12:58:30 AM,0.87
10066,5/11/2024 12:58:40 AM,0.84
10066,5/11/2024 12:58:50 AM,0.81
10066,5/11/2024 12:59:00 AM,0.79
10066,5/11/2024 12:59:10 AM,0.76
10066,5/11/2024 12:59:20 AM,0.73
10066,5/11/2024 12:59:30 AM,0.70
10066,5/11/2024 12:59:40 AM,0.67
10066,5/11/2024 12:59:50 AM,0.65
10066,5/11/2024 1:00:00 AM,0.62
10066,5/11/2024 1:00:10 AM,0.59
10066,5/11/2024 1:00:20 AM,0.56
10066,5/11/2024 1:00:30 AM,0.53
10066,5/11/2024 1:00:40 AM,0.50
10066,5/11/2024 1:00:50 AM,0.48
10066,5/11/2024 1:01:00 AM,0.45
10066,5/11/2024 1:01:10 AM,0.42
10066,5/11/2024 1:01:20 AM,0.39
10066,5/11/2024 1:01:30 AM,0.36
10066,5/11/2024 1:01:40 AM,0.34
10066,5/11/2024 1:01:50 AM,0.31
10066,5/11/2024 1:02:00 AM,0.28
10066,5/11/2024 1:02:10 AM,0.25
10066,5/11/2024 1:02:20 AM,0.22
10066,5/11/2024 1:02:30 AM,0.19
10066,5/11/2024 1:02:40 AM,0.17
10066,5/11/2024 1:02:50 AM,0.14
10066,5/11/2024 1:03:00 AM,0.11
10066,5/11/2024 1:03:10 AM,0.18
10066,5/11/2024 1:03:20 AM,0.30
10066,5/11/2024 1:03:30 AM,0.41
10066,5/11/2024 1:03:40 AM,0.53
10066,5/11/2024 1:03:50 AM,0.65
10066,5/11/2024 1:04:00 AM,0.76
10066,5/11/2024 1:04:10 AM,0.78
10066,5/11/2024 1:04:20 AM,0.76
10066,5/11/2024 1:04:30 AM,0.73
10066,5/11/2024 1:04:40 AM,0.71
10066,5/11/2024 1:04:50 AM,0.68
10066,5/11/2024 1:05:00 AM,0.66
10066,5/11/2024 1:05:10 AM,0.63
10066,5/11/2024 1:05:20 AM,0.61
10066,5/11/2024 1:05:30 AM,0.58
10066,5/11/2024 1:05:40 AM,0.56
10066,5/11/2024 1:05:50 AM,0.53
10066,5/11/2024 1:06:00 AM,0.51
10066,5/11/2024 1:06:10 AM,0.80
10066,5/11/2024 1:06:20 AM,1.26
10066,5/11/2024 1:06:30 AM,1.40
10066,5/11/2024 1:06:40 AM,1.40
10066,5/11/2024 1:06:50 AM,1.40
10066,5/11/2024 1:07:00 AM,1.40
10066,5/11/2024 1:07:10 AM,1.40
10066,5/11/2024 1:07:20 AM,1.40
10066,5/11/2024 1:07:30 AM,1.40
10066,5/11/2024 1:07:40 AM,1.40
10066,5/11/2024 1:07:50 AM,1.40
10066,5/11/2024 1:08:00 AM,1.40
10066,5/11/2024 1:08:10 AM,1.40
10066,5/11/2024 1:08:20 AM,1.40
10066,5/11/2024 1:08:30 AM,1.40
10066,5/11/2024 1:08:40 AM,1.39
10066,5/11/2024 1:08:50 AM,1.39
10066,5/11/2024 1:09:00 AM,1.39
10066,5/11/2024 1:09:10 AM,1.39
10066,5/11/2024 1:09:20 AM,1.39
10066,5/11/2024 1:09:30 AM,1.39
10066,5/11/2024 1:09:40 AM,1.39
10066,5/11/2024 1:09:50 AM,1.39
10066,5/11/2024 1:10:00 AM,1.39
10066,5/11/2024 1:10:10 AM,1.39
10066,5/11/2024 1:10:20 AM,1.39
10066,5/11/2024 1:10:30 AM,1.39
10066,5/11/2024 1:10:40 AM,1.39
10066,5/11/2024 1:10:50 AM,1.39
10066,5/11/2024 1:11:00 AM,1.39
10066,5/11/2024 1:11:10 AM,1.39
10066,5/11/2024 1:11:20 AM,1.39
10066,5/11/2024 1:11:30 AM,1.39
10066,5/11/2024 1:11:40 AM,1.39
10066,5/11/2024 1:11:50 AM,1.39
10066,5/11/2024 1:12:00 AM,1.39
10066,5/11/2024 1:12:10 AM,1.39
10066,5/11/2024 1:12:20 AM,1.39
10066,5/11/2024 1:12:30 AM,1.38
10066,5/11/2024 1:12:40 AM,1.38
10066,5/11/2024 1:12:50 AM,1.38
10066,5/11/2024 1:13:00 AM,1.38
10066,5/11/2024 1:13:10 AM,1.38
10066,5/11/2024 1:13:20 AM,1.38
10066,5/11/2024 1:13:30 AM,1.38
10066,5/11/2024 1:13:40 AM,1.38
10066,5/11/2024 1:13:50 AM,1.38
10066,5/11/2024 1:14:00 AM,1.38
10066,5/11/2024 1:14:10 AM,1.38
10066,5/11/2024 1:14:20 AM,1.38
10066,5/11/2024 1:14:30 AM,1.38
10066,5/11/2024 1:14:40 AM,1.38
10066,5/11/2024 1:14:50 AM,1.38
10066,5/11/2024 1:15:00 AM,1.38
10066,5/11/2024 1:15:10 AM,1.38
10066,5/11/2024 1:15:20 AM,1.38
10066,5/11/2024 1:15:30 AM,1.38
10066,5/11/2024 1:15:40 AM,1.38
10066,5/11/2024 1:15:50 AM,1.38
10066,5/11/2024 1:16:00 AM,1.38
10066,5/11/2024 1:16:10 AM,1.38
10066,5/11/2024 1:16:20 AM,1.37
10066,5/11/2024 1:16:30 AM,1.37
10066,5/11/2024 1:16:40 AM,1.37
10066,5/11/2024 1:16:50 AM,1.37
10066,5/11/2024 1:17:00 AM,1.37
10066,5/11/2024 1:17:10 AM,1.37
10066,5/11/2024 1:17:20 AM,1.37
10066,5/11/2024 1:17:30 AM,1.37
10066,5/11/2024 1:17:40 AM,1.37
10066,5/11/2024 1:17:50 AM,1.37
10066,5/11/2024 1:18:00 AM,1.37
10066,5/11/2024 1:18:10 AM,1.37
10066,5/11/2024 1:18:20 AM,1.37
10066,5/11/2024 1:18:30 AM,1.37
10066,5/11/2024 1:18:40 AM,1.37
10066,5/11/2024 1:18:50 AM,1.37
10066,5/11/2024 1:19:00 AM,1.37
10066,5/11/2024 1:19:10 AM,1.37
10066,5/11/2024 1:19:20 AM,1.37
10066,5/11/2024 1:19:30 AM,1.37
10066,5/11/2024 1:19:40 AM,1.37
10066,5/11/2024 1:19:50 AM,1.37
10066,5/11/2024 1:20:00 AM,1.37
10066,5/11/2024 1:20:10 AM,1.37
10066,5/11/2024 1:20:20 AM,1.36
10066,5/11/2024 1:20:30 AM,1.36
10066,5/11/2024 1:20:40 AM,1.36
10066,5/11/2024 1:20:50 AM,1.36
10066,5/11/2024 1:21:00 AM,1.36
10066,5/11/2024 1:21:10 AM,1.36
10066,5/11/2024 1:21:20 AM,1.36
10066,5/11/2024 1:21:30 AM,1.36
10066,5/11/2024 1:21:40 AM,1.36
10066,5/11/2024 1:21:50 AM,1.36
10066,5/11/2024 1:22:00 AM,1.36
10066,5/11/2024 1:22:10 AM,1.36
10066,5/11/2024 1:22:20 AM,1.36
10066,5/11/2024 1:22:30 AM,1.36
10066,5/11/2024 1:22:40 AM,1.36
10066,5/11/2024 1:22:50 AM,1.36
10066,5/11/2024 1:23:00 AM,1.36
10066,5/11/2024 1:23:10 AM,1.36
10066,5/11/2024 1:23:20 AM,1.36
10066,5/11/2024 1:23:30 AM,1.36
10066,5/11/2024 1:23:40 AM,1.36
10066,5/11/2024 1:23:50 AM,1.36
10066,5/11/2024 1:24:00 AM,1.36
10066,5/11/2024 1:24:10 AM,1.35
10066,5/11/2024 1:24:20 AM,1.35
10066,5/11/2024 1:24:30 AM,1.35
10066,5/11/2024 1:24:40 AM,1.35
10066,5/11/2024 1:24:50 AM,1.35
10066,5/11/2024 1:25:00 AM,1.35
10066,5/11/2024 1:25:10 AM,1.35
10066,5/11/2024 1:25:20 AM,1.35
10066,5/11/2024 1:25:30 AM,1.35
10066,5/11/2024 1:25:40 AM,1.35
10066,5/11/2024 1:25:50 AM,1.35
10066,5/11/2024 1:26:00 AM,1.35
10066,5/11/2024 1:26:10 AM,1.35
10066,5/11/2024 1:26:20 AM,1.35
10066,5/11/2024 1:26:30 AM,1.35
10066,5/11/2024 1:26:40 AM,1.35
10066,5/11/2024 1:26:50 AM,1.35
10066,5/11/2024 1:27:00 AM,1.35
10066,5/11/2024 1:27:10 AM,1.35
10066,5/11/2024 1:27:20 AM,1.35
10066,5/11/2024 1:27:30 AM,1.35
10066,5/11/2024 1:27:40 AM,1.35
10066,5/11/2024 1:27:50 AM,1.35
10066,5/11/2024 1:28:00 AM,1.34
10066,5/11/2024 1:28:10 AM,1.34
10066,5/11/2024 1:28:20 AM,1.34
10066,5/11/2024 1:28:30 AM,1.34
10066,5/11/2024 1:28:40 AM,1.34
10066,5/11/2024 1:28:50 AM,1.34
10066,5/11/2024 1:29:00 AM,1.34
10066,5/11/2024 1:29:10 AM,1.34
10066,5/11/2024 1:29:20 AM,1.34
10066,5/11/2024 1:29:30 AM,1.34
10066,5/11/2024 1:29:40 AM,1.34
10066,5/11/2024 1:29:50 AM,1.34
10066,5/11/2024 1:30:00 AM,1.34
10066,5/11/2024 1:30:10 AM,1.34
10066,5/11/2024 1:30:20 AM,1.34
10066,5/11/2024 1:30:30 AM,1.34
10066,5/11/2024 1:30:40 AM,1.34
10066,5/11/2024 1:30:50 AM,1.34
10066,5/11/2024 1:31:00 AM,1.34
10066,5/11/2024 1:31:10 AM,1.34
10066,5/11/2024 1:31:20 AM,1.34
10066,5/11/2024 1:31:30 AM,1.34
10066,5/11/2024 1:31:40 AM,1.34
10066,5/11/2024 1:31:50 AM,1.34
10066,5/11/2024 1:32:00 AM,1.33
10066,5/11/2024 1:32:10 AM,1.33
10066,5/11/2024 1:32:20 AM,1.33
10066,5/11/2024 1:32:30 AM,1.33
10066,5/11/2024 1:32:40 AM,1.33
10066,5/11/2024 1:32:50 AM,1.33
10066,5/11/2024 1:33:00 AM,1.33
10066,5/11/2024 1:33:10 AM,1.33
10066,5/11/2024 1:33:20 AM,1.33
10066,5/11/2024 1:33:30 AM,1.33
10066,5/11/2024 1:33:40 AM,1.33
10066,5/11/2024 1:33:50 AM,1.33
10066,5/11/2024 1:34:00 AM,1.33
10066,5/11/2024 1:34:10 AM,1.33
10066,5/11/2024 1:34:20 AM,1.33
10066,5/11/2024 1:34:30 AM,1.33
10066,5/11/2024 1:34:40 AM,1.33
10066,5/11/2024 1:34:50 AM,1.33
10066,5/11/2024 1:35:00 AM,1.33
10066,5/11/2024 1:35:10 AM,1.33
10066,5/11/2024 1:35:20 AM,1.33
10066,5/11/2024 1:35:30 AM,1.33
10066,5/11/2024 1:35:40 AM,1.33
10066,5/11/2024 1:35:50 AM,1.32
10066,5/11/2024 1:36:00 AM,1.32
10066,5/11/2024 1:36:10 AM,1.32
10066,5/11/2024 1:36:20 AM,1.32
10066,5/11/2024 1:36:30 AM,1.32
10066,5/11/2024 1:36:40 AM,1.32
10066,5/11/2024 1:36:50 AM,1.32
10066,5/11/2024 1:37:00 AM,1.32
10066,5/11/2024 1:37:10 AM,1.32
10066,5/11/2024 1:37:20 AM,1.32
10066,5/11/2024 1:37:30 AM,1.32
10066,5/11/2024 1:37:40 AM,1.32
10066,5/11/2024 1:37:50 AM,1.32
10066,5/11/2024 1:38:00 AM,1.32
10066,5/11/2024 1:38:10 AM,1.32
10066,5/11/2024 1:38:20 AM,1.32
10066,5/11/2024 1:38:30 AM,1.32
10066,5/11/2024 1:38:40 AM,1.32
10066,5/11/2024 1:38:50 AM,1.32
10066,5/11/2024 1:39:00 AM,1.32
10066,5/11/2024 1:39:10 AM,1.32
10066,5/11/2024 1:39:20 AM,1.32
10066,5/11/2024 1:39:30 AM,1.32
10066,5/11/2024 1:39:40 AM,1.31
10066,5/11/2024 1:39:50 AM,1.31
10066,5/11/2024 1:40:00 AM,1.31
10066,5/11/2024 1:40:10 AM,1.31
10066,5/11/2024 1:40:20 AM,1.31
10066,5/11/2024 1:40:30 AM,1.31
10066,5/11/2024 1:40:40 AM,1.31
10066,5/11/2024 1:40:50 AM,1.31
10066,5/11/2024 1:41:00 AM,1.31
10066,5/11/2024 1:41:10 AM,1.31
10066,5/11/2024 1:41:20 AM,1.31
10066,5/11/2024 1:41:30 AM,1.31
10066,5/11/2024 1:41:40 AM,1.31
10066,5/11/2024 1:41:50 AM,1.31
10066,5/11/2024 1:42:00 AM,1.31
10066,5/11/2024 1:42:10 AM,1.31
10066,5/11/2024 1:42:20 AM,1.31
10066,5/11/2024 1:42:30 AM,1.31
10066,5/11/2024 1:42:40 AM,1.31
10066,5/11/2024 1:42:50 AM,1.31
10066,5/11/2024 1:43:00 AM,1.31
10066,5/11/2024 1:43:10 AM,1.31
10066,5/11/2024 1:43:20 AM,1.31
10066,5/11/2024 1:43:30 AM,1.31
10066,5/11/2024 1:43:40 AM,1.30
10066,5/11/2024 1:43:50 AM,1.30
10066,5/11/2024 1:44:00 AM,1.30
10066,5/11/2024 1:44:10 AM,1.30
10066,5/11/2024 1:44:20 AM,1.30
10066,5/11/2024 1:44:30 AM,1.30
10066,5/11/2024 1:44:40 AM,1.30
10066,5/11/2024 1:44:50 AM,1.30
10066,5/11/2024 1:45:00 AM,1.30
10066,5/11/2024 1:45:10 AM,1.30
10066,5/11/2024 1:45:20 AM,1.29
10066,5/11/2024 1:45:30 AM,1.26
10066,5/11/2024 1:45:40 AM,1.23
10066,5/11/2024 1:45:50 AM,1.21
10066,5/11/2024 1:46:00 AM,1.18
10066,5/11/2024 1:46:10 AM,1.15
10066,5/11/2024 1:46:20 AM,1.13
10066,5/11/2024 1:46:30 AM,1.10
10066,5/11/2024 1:46:40 AM,1.07
10066,5/11/2024 1:46:50 AM,1.05
10066,5/11/2024 1:47:00 AM,1.02
10066,5/11/2024 1:47:10 AM,0.99
10066,5/11/2024 1:47:20 AM,0.97
10066,5/11/2024 1:47:30 AM,0.94
10066,5/11/2024 1:47:40 AM,0.91
10066,5/11/2024 1:47:50 AM,0.89
10066,5/11/2024 1:48:00 AM,0.86
10066,5/11/2024 1:48:10 AM,0.83
10066,5/11/2024 1:48:20 AM,0.81
10066,5/11/2024 1:48:30 AM,0.78
10066,5/11/2024 1:48:40 AM,0.75
10066,5/11/2024 1:48:50 AM,0.73
10066,5/11/2024 1:49:00 AM,0.70
10066,5/11/2024 1:49:10 AM,0.67
10066,5/11/2024 1:49:20 AM,0.64
10066,5/11/2024 1:49:30 AM,0.62
10066,5/11/2024 1:49:40 AM,0.59
10066,5/11/2024 1:49:50 AM,0.56
10066,5/11/2024 1:50:00 AM,0.54
10066,5/11/2024 1:50:10 AM,0.51
10066,5/11/2024 1:50:20 AM,0.48
10066,5/11/2024 1:50:30 AM,0.46
10066,5/11/2024 1:50:40 AM,0.43
10066,5/11/2024 1:50:50 AM,0.40
10066,5/11/2024 1:51:00 AM,0.38
10066,5/11/2024 1:51:10 AM,0.35
10066,5/11/2024 1:51:20 AM,0.32
10066,5/11/2024 1:51:30 AM,0.30
10066,5/11/2024 1:51:40 AM,0.27
10066,5/11/2024 1:51:50 AM,0.24
10066,5/11/2024 1:52:00 AM,0.22
10066,5/11/2024 1:52:10 AM,0.19
10066,5/11/2024 1:52:20 AM,0.16
10066,5/11/2024 1:52:30 AM,0.14
10066,5/11/2024 1:52:40 AM,0.11
10066,5/11/2024 1:52:50 AM,0.18
10066,5/11/2024 1:53:00 AM,0.31
10066,5/11/2024 1:53:10 AM,0.43
10066,5/11/2024 1:53:20 AM,0.56
10066,5/11/2024 1:53:30 AM,0.68
10066,5/11/2024 1:53:40 AM,0.81
10066,5/11/2024 1:53:50 AM,0.93
10066,5/11/2024 1:54:00 AM,1.06
10066,5/11/2024 1:54:10 AM,1.01
10066,5/11/2024 1:54:20 AM,0.87
10066,5/11/2024 1:54:30 AM,0.73
10066,5/11/2024 1:54:40 AM,0.59
10066,5/11/2024 1:54:50 AM,0.45
10066,5/11/2024 1:55:00 AM,0.71
10066,5/11/2024 1:55:10 AM,1.16
10066,5/11/2024 1:55:20 AM,1.23
10066,5/11/2024 1:55:30 AM,1.13
10066,5/11/2024 1:55:40 AM,1.03
10066,5/11/2024 1:55:50 AM,0.93
10066,5/11/2024 1:56:00 AM,0.83
10066,5/11/2024 1:56:10 AM,0.73
10066,5/11/2024 1:56:20 AM,0.63
10066,5/11/2024 1:56:30 AM,0.53
10066,5/11/2024 1:56:40 AM,0.43
10066,5/11/2024 1:56:50 AM,0.33
10066,5/11/2024 1:57:00 AM,0.30
10066,5/11/2024 1:57:10 AM,0.30
10066,5/11/2024 1:57:20 AM,0.30
10066,5/11/2024 1:57:30 AM,0.30
10066,5/11/2024 1:57:40 AM,0.30
10066,5/11/2024 1:57:50 AM,0.30
10066,5/11/2024 1:58:00 AM,0.30
10066,5/11/2024 1:58:10 AM,0.30
10066,5/11/2024 1:58:20 AM,0.30
10066,5/11/2024 1:58:30 AM,0.30
10066,5/11/2024 1:58:40 AM,0.47
10066,5/11/2024 1:58:50 AM,0.72
10066,5/11/2024 1:59:00 AM,0.97
10066,5/11/2024 1:59:10 AM,1.22
10066,5/11/2024 1:59:20 AM,1.34
10066,5/11/2024 1:59:30 AM,1.39
10066,5/11/2024 1:59:40 AM,1.45
10066,5/11/2024 1:59:50 AM,1.51
10066,5/11/2024 2:00:00 AM,1.56
10066,5/11/2024 2:00:10 AM,1.62
10066,5/11/2024 2:00:20 AM,1.67
10066,5/11/2024 2:00:30 AM,1.73
10066,5/11/2024 2:00:40 AM,1.78
10066,5/11/2024 2:00:50 AM,1.84
10066,5/11/2024 2:01:00 AM,1.89
10066,5/11/2024 2:01:10 AM,1.95
10066,5/11/2024 2:01:20 AM,2.00
10066,5/11/2024 2:01:30 AM,2.06
10066,5/11/2024 2:01:40 AM,2.12
10066,5/11/2024 2:01:50 AM,2.17
10066,5/11/2024 2:02:00 AM,2.23
10066,5/11/2024 2:02:10 AM,2.28
10066,5/11/2024 2:02:20 AM,2.52
10066,5/11/2024 2:02:30 AM,2.86
10066,5/11/2024 2:02:40 AM,3.19
10066,5/11/2024 2:02:50 AM,4.15
10066,5/11/2024 2:03:00 AM,5.40
10066,5/11/2024 2:03:10 AM,5.88
10066,5/11/2024 2:03:20 AM,6.00
10066,5/11/2024 2:03:30 AM,6.12
10066,5/11/2024 2:03:40 AM,6.24
10066,5/11/2024 2:03:50 AM,6.36
10066,5/11/2024 2:04:00 AM,6.28
10066,5/11/2024 2:04:10 AM,6.11
10066,5/11/2024 2:04:20 AM,5.93
10066,5/11/2024 2:04:30 AM,5.76
10066,5/11/2024 2:04:40 AM,5.32
10066,5/11/2024 2:04:50 AM,4.74
10066,5/11/2024 2:05:00 AM,4.17
10066,5/11/2024 2:05:10 AM,3.59
10066,5/11/2024 2:05:20 AM,3.01
10066,5/11/2024 2:05:30 AM,2.44
10066,5/11/2024 2:05:40 AM,1.86
10066,5/11/2024 2:05:50 AM,1.29
10066,5/11/2024 2:06:00 AM,0.03
10066,5/11/2024 2:06:10 AM,-0.84
10066,5/11/2024 2:06:20 AM,-0.40
10066,5/11/2024 2:06:30 AM,0.47
10066,5/11/2024 2:06:40 AM,1.34
10066,5/11/2024 2:06:50 AM,2.21
10066,5/11/2024 2:07:00 AM,3.51
10066,5/11/2024 2:07:10 AM,4.27
10066,5/11/2024 2:07:20 AM,4.67
10066,5/11/2024 2:07:30 AM,4.51
10066,5/11/2024 2:07:40 AM,4.09
10066,5/11/2024 2:07:50 AM,3.67
10066,5/11/2024 2:08:00 AM,3.24
10066,5/11/2024 2:08:10 AM,2.60
10066,5/11/2024 2:08:20 AM,1.85
10066,5/11/2024 2:08:30 AM,1.89
10066,5/11/2024 2:08:40 AM,2.33
10066,5/11/2024 2:08:50 AM,2.76
10066,5/11/2024 2:09:00 AM,2.38
10066,5/11/2024 2:09:10 AM,1.60
10066,5/11/2024 2:09:20 AM,0.82
10066,5/11/2024 2:09:30 AM,0.05
10066,5/11/2024 2:09:40 AM,0.04
10066,5/11/2024 2:09:50 AM,0.39
10066,5/11/2024 2:10:00 AM,0.74
10066,5/11/2024 2:10:10 AM,1.09
10066,5/11/2024 2:10:20 AM,1.44
10066,5/11/2024 2:10:30 AM,1.79
10066,5/11/2024 2:10:40 AM,0.60
10066,5/11/2024 2:10:50 AM,-0.41
10066,5/11/2024 2:11:00 AM,-1.01
10066,5/11/2024 2:11:10 AM,-1.61
10066,5/11/2024 2:11:20 AM,-1.62
10066,5/11/2024 2:11:30 AM,-1.34
10066,5/11/2024 2:11:40 AM,-1.07
10066,5/11/2024 2:11:50 AM,-0.80
10066,5/11/2024 2:12:00 AM,-0.53
10066,5/11/2024 2:12:10 AM,-0.25
10066,5/11/2024 2:12:20 AM,0.02
10066,5/11/2024 2:12:30 AM,0.29
10066,5/11/2024 2:12:40 AM,0.56
10066,5/11/2024 2:12:50 AM,0.84
10066,5/11/2024 2:13:00 AM,1.11
10066,5/11/2024 2:13:10 AM,0.80
10066,5/11/2024 2:13:20 AM,0.20
10066,5/11/2024 2:13:30 AM,-0.41
10066,5/11/2024 2:13:40 AM,-1.01
10066,5/11/2024 2:13:50 AM,-1.61
10066,5/11/2024 2:14:00 AM,-2.21
10066,5/11/2024 2:14:10 AM,-1.77
10066,5/11/2024 2:14:20 AM,-0.85
10066,5/11/2024 2:14:30 AM,0.07
10066,5/11/2024 2:14:40 AM,0.99
10066,5/11/2024 2:14:50 AM,1.91
10066,5/11/2024 2:15:00 AM,1.67
10066,5/11/2024 2:15:10 AM,0.91
10066,5/11/2024 2:15:20 AM,0.14
10066,5/11/2024 2:15:30 AM,-0.85
10066,5/11/2024 2:15:40 AM,-1.10
10066,5/11/2024 2:15:50 AM,-0.94
10066,5/11/2024 2:16:00 AM,-0.78
10066,5/11/2024 2:16:10 AM,-0.63
10066,5/11/2024 2:16:20 AM,-0.47
10066,5/11/2024 2:16:30 AM,-0.32
10066,5/11/2024 2:16:40 AM,-0.16
10066,5/11/2024 2:16:50 AM,-0.01
10066,5/11/2024 2:17:00 AM,0.15
10066,5/11/2024 2:17:10 AM,0.42
10066,5/11/2024 2:17:20 AM,0.73
10066,5/11/2024 2:17:30 AM,1.05
10066,5/11/2024 2:17:40 AM,1.37
10066,5/11/2024 2:17:50 AM,1.68
10066,5/11/2024 2:18:00 AM,2.00
10066,5/11/2024 2:18:10 AM,1.79
10066,5/11/2024 2:18:20 AM,1.34
10066,5/11/2024 2:18:30 AM,1.32
10066,5/11/2024 2:18:40 AM,1.50
10066,5/11/2024 2:18:50 AM,1.68
10066,5/11/2024 2:19:00 AM,1.86
10066,5/11/2024 2:19:10 AM,2.04
10066,5/11/2024 2:19:20 AM,2.98
10066,5/11/2024 2:19:30 AM,2.81
10066,5/11/2024 2:19:40 AM,1.94
10066,5/11/2024 2:19:50 AM,1.07
10066,5/11/2024 2:20:00 AM,-0.36
10066,5/11/2024 2:20:10 AM,-0.61
10066,5/11/2024 2:20:20 AM,-0.19
10066,5/11/2024 2:20:30 AM,0.24
10066,5/11/2024 2:20:40 AM,0.67
10066,5/11/2024 2:20:50 AM,0.49
10066,5/11/2024 2:21:00 AM,0.04
10066,5/11/2024 2:21:10 AM,-0.41
10066,5/11/2024 2:21:20 AM,-0.86
10066,5/11/2024 2:21:30 AM,-1.31
10066,5/11/2024 2:21:40 AM,-1.76
10066,5/11/2024 2:21:50 AM,-1.77
10066,5/11/2024 2:22:00 AM,-1.58
10066,5/11/2024 2:22:10 AM,-1.39
10066,5/11/2024 2:22:20 AM,-1.19
10066,5/11/2024 2:22:30 AM,-1.00
10066,5/11/2024 2:22:40 AM,-0.81
10066,5/11/2024 2:22:50 AM,-0.62
10066,5/11/2024 2:23:00 AM,-0.43
10066,5/11/2024 2:23:10 AM,-0.24
10066,5/11/2024 2:23:20 AM,-0.04
10066,5/11/2024 2:23:30 AM,0.15
10066,5/11/2024 2:23:40 AM,0.34
10066,5/11/2024 2:23:50 AM,0.74
10066,5/11/2024 2:24:00 AM,1.24
10066,5/11/2024 2:24:10 AM,1.44
10066,5/11/2024 2:24:20 AM,1.49
10066,5/11/2024 2:24:30 AM,1.55
10066,5/11/2024 2:24:40 AM,1.61
10066,5/11/2024 2:24:50 AM,1.66
10066,5/11/2024 2:25:00 AM,1.72
10066,5/11/2024 2:25:10 AM,1.77
10066,5/11/2024 2:25:20 AM,1.83
10066,5/11/2024 2:25:30 AM,1.88
10066,5/11/2024 2:25:40 AM,1.64
10066,5/11/2024 2:25:50 AM,1.27
10066,5/11/2024 2:26:00 AM,0.90
10066,5/11/2024 2:26:10 AM,0.52
10066,5/11/2024 2:26:20 AM,0.74
10066,5/11/2024 2:26:30 AM,1.24
10066,5/11/2024 2:26:40 AM,1.74
10066,5/11/2024 2:26:50 AM,1.99
10066,5/11/2024 2:27:00 AM,2.12
10066,5/11/2024 2:27:10 AM,2.26
10066,5/11/2024 2:27:20 AM,2.20
10066,5/11/2024 2:27:30 AM,2.06
10066,5/11/2024 2:27:40 AM,1.91
10066,5/11/2024 2:27:50 AM,1.76
10066,5/11/2024 2:28:00 AM,1.62
10066,5/11/2024 2:28:10 AM,1.47
10066,5/11/2024 2:28:20 AM,1.32
10066,5/11/2024 2:28:30 AM,1.18
10066,5/11/2024 2:28:40 AM,1.03
10066,5/11/2024 2:28:50 AM,0.89
10066,5/11/2024 2:29:00 AM,0.74
10066,5/11/2024 2:29:10 AM,0.59
10066,5/11/2024 2:29:20 AM,0.45
10066,5/11/2024 2:29:30 AM,0.60
10066,5/11/2024 2:29:40 AM,0.89
10066,5/11/2024 2:29:50 AM,1.17
10066,5/11/2024 2:30:00 AM,1.46
10066,5/11/2024 2:30:10 AM,1.75
10066,5/11/2024 2:30:20 AM,2.04
10066,5/11/2024 2:30:30 AM,2.32
10066,5/11/2024 2:30:40 AM,2.61
10066,5/11/2024 2:30:50 AM,2.45
10066,5/11/2024 2:31:00 AM,2.10
10066,5/11/2024 2:31:10 AM,1.74
10066,5/11/2024 2:31:20 AM,1.38
10066,5/11/2024 2:31:30 AM,1.03
10066,5/11/2024 2:31:40 AM,0.67
10066,5/11/2024 2:31:50 AM,0.31
10066,5/11/2024 2:32:00 AM,0.11
10066,5/11/2024 2:32:10 AM,-0.03
10066,5/11/2024 2:32:20 AM,-0.16
10066,5/11/2024 2:32:30 AM,-0.29
10066,5/11/2024 2:32:40 AM,-0.43
10066,5/11/2024 2:32:50 AM,-0.56
10066,5/11/2024 2:33:00 AM,-0.54
10066,5/11/2024 2:33:10 AM,-0.45
10066,5/11/2024 2:33:20 AM,-0.36
10066,5/11/2024 2:33:30 AM,-0.26
10066,5/11/2024 2:33:40 AM,-0.17
10066,5/11/2024 2:33:50 AM,-0.08
10066,5/11/2024 2:34:00 AM,0.01
10066,5/11/2024 2:34:10 AM,0.10
10066,5/11/2024 2:34:20 AM,0.19
10066,5/11/2024 2:34:30 AM,0.28
10066,5/11/2024 2:34:40 AM,0.37
10066,5/11/2024 2:34:50 AM,0.47
10066,5/11/2024 2:35:00 AM,0.56
10066,5/11/2024 2:35:10 AM,0.65
10066,5/11/2024 2:35:20 AM,0.74
10066,5/11/2024 2:35:30 AM,0.83
10066,5/11/2024 2:35:40 AM,0.92
10066,5/11/2024 2:35:50 AM,1.01
10066,5/11/2024 2:36:00 AM,1.10
10066,5/11/2024 2:36:10 AM,1.20
10066,5/11/2024 2:36:20 AM,1.29
10066,5/11/2024 2:36:30 AM,1.38
10066,5/11/2024 2:36:40 AM,1.47
10066,5/11/2024 2:36:50 AM,1.56
10066,5/11/2024 2:37:00 AM,1.65
10066,5/11/2024 2:37:10 AM,1.74
10066,5/11/2024 2:37:20 AM,1.83
10066,5/11/2024 2:37:30 AM,1.92
10066,5/11/2024 2:37:40 AM,2.02
10066,5/11/2024 2:37:50 AM,2.11
10066,5/11/2024 2:38:00 AM,2.20
10066,5/11/2024 2:38:10 AM,2.29
10066,5/11/2024 2:38:20 AM,2.38
10066,5/11/2024 2:38:30 AM,2.47
10066,5/11/2024 2:38:40 AM,2.35
10066,5/11/2024 2:38:50 AM,2.13
10066,5/11/2024 2:39:00 AM,1.91
10066,5/11/2024 2:39:10 AM,1.69
10066,5/11/2024 2:39:20 AM,1.47
10066,5/11/2024 2:39:30 AM,1.51
10066,5/11/2024 2:39:40 AM,1.66
10066,5/11/2024 2:39:50 AM,1.82
10066,5/11/2024 2:40:00 AM,1.98
10066,5/11/2024 2:40:10 AM,2.14
10066,5/11/2024 2:40:20 AM,2.29
10066,5/11/2024 2:40:30 AM,2.45
10066,5/11/2024 2:40:40 AM,2.40
10066,5/11/2024 2:40:50 AM,2.26
10066,5/11/2024 2:41:00 AM,2.12
10066,5/11/2024 2:41:10 AM,1.98
10066,5/11/2024 2:41:20 AM,1.84
10066,5/11/2024 2:41:30 AM,1.70
10066,5/11/2024 2:41:40 AM,1.55
10066,5/11/2024 2:41:50 AM,1.41
10066,5/11/2024 2:42:00 AM,1.27
10066,5/11/2024 2:42:10 AM,1.13
10066,5/11/2024 2:42:20 AM,0.99
10066,5/11/2024 2:42:30 AM,0.85
10066,5/11/2024 2:42:40 AM,0.15
10066,5/11/2024 2:42:50 AM,-0.79
10066,5/11/2024 2:43:00 AM,-0.68
10066,5/11/2024 2:43:10 AM,-0.05
10066,5/11/2024 2:43:20 AM,0.58
10066,5/11/2024 2:43:30 AM,1.20
10066,5/11/2024 2:43:40 AM,2.29
10066,5/11/2024 2:43:50 AM,2.95
10066,5/11/2024 2:44:00 AM,3.32
10066,5/11/2024 2:44:10 AM,3.68
10066,5/11/2024 2:44:20 AM,3.41
10066,5/11/2024 2:44:30 AM,2.83
10066,5/11/2024 2:44:40 AM,2.26
10066,5/11/2024 2:44:50 AM,1.69
10066,5/11/2024 2:45:00 AM,1.23
10066,5/11/2024 2:45:10 AM,0.83
10066,5/11/2024 2:45:20 AM,0.43
10066,5/11/2024 2:45:30 AM,-0.07
10066,5/11/2024 2:45:40 AM,-0.63
10066,5/11/2024 2:45:50 AM,-0.59
10066,5/11/2024 2:46:00 AM,-0.30
10066,5/11/2024 2:46:10 AM,0.00
10066,5/11/2024 2:46:20 AM,0.30
10066,5/11/2024 2:46:30 AM,0.60
10066,5/11/2024 2:46:40 AM,1.52
10066,5/11/2024 2:46:50 AM,2.11
10066,5/11/2024 2:47:00 AM,2.40
10066,5/11/2024 2:47:10 AM,2.41
10066,5/11/2024 2:47:20 AM,2.27
10066,5/11/2024 2:47:30 AM,2.13
10066,5/11/2024 2:47:40 AM,1.98
10066,5/11/2024 2:47:50 AM,1.84
10066,5/11/2024 2:48:00 AM,2.34
10066,5/11/2024 2:48:10 AM,2.49
10066,5/11/2024 2:48:20 AM,2.33
10066,5/11/2024 2:48:30 AM,2.17
10066,5/11/2024 2:48:40 AM,2.01
10066,5/11/2024 2:48:50 AM,1.85
10066,5/11/2024 2:49:00 AM,1.69
10066,5/11/2024 2:49:10 AM,1.53
10066,5/11/2024 2:49:20 AM,1.37
10066,5/11/2024 2:49:30 AM,1.21
10066,5/11/2024 2:49:40 AM,1.05
10066,5/11/2024 2:49:50 AM,1.26
10066,5/11/2024 2:50:00 AM,1.65
10066,5/11/2024 2:50:10 AM,2.03
10066,5/11/2024 2:50:20 AM,2.41
10066,5/11/2024 2:50:30 AM,2.80
10066,5/11/2024 2:50:40 AM,3.18
10066,5/11/2024 2:50:50 AM,3.02
10066,5/11/2024 2:51:00 AM,2.61
10066,5/11/2024 2:51:10 AM,2.20
10066,5/11/2024 2:51:20 AM,1.79
10066,5/11/2024 2:51:30 AM,1.38
10066,5/11/2024 2:51:40 AM,0.97
10066,5/11/2024 2:51:50 AM,0.56
10066,5/11/2024 2:52:00 AM,0.15
10066,5/11/2024 2:52:10 AM,-0.26
10066,5/11/2024 2:52:20 AM,-0.67
10066,5/11/2024 2:52:30 AM,-0.55
10066,5/11/2024 2:52:40 AM,-0.17
10066,5/11/2024 2:52:50 AM,0.20
10066,5/11/2024 2:53:00 AM,0.58
10066,5/11/2024 2:53:10 AM,0.75
10066,5/11/2024 2:53:20 AM,0.83
10066,5/11/2024 2:53:30 AM,0.91
10066,5/11/2024 2:53:40 AM,0.99
10066,5/11/2024 2:53:50 AM,1.08
10066,5/11/2024 2:54:00 AM,1.16
10066,5/11/2024 2:54:10 AM,1.24
10066,5/11/2024 2:54:20 AM,1.32
10066,5/11/2024 2:54:30 AM,1.40
10066,5/11/2024 2:54:40 AM,1.48
10066,5/11/2024 2:54:50 AM,1.32
10066,5/11/2024 2:55:00 AM,1.06
10066,5/11/2024 2:55:10 AM,0.80
10066,5/11/2024 2:55:20 AM,0.54
10066,5/11/2024 2:55:30 AM,0.28
10066,5/11/2024 2:55:40 AM,0.27
10066,5/11/2024 2:55:50 AM,0.37
10066,5/11/2024 2:56:00 AM,0.47
10066,5/11/2024 2:56:10 AM,0.57
10066,5/11/2024 2:56:20 AM,0.67
10066,5/11/2024 2:56:30 AM,0.77
10066,5/11/2024 2:56:40 AM,0.87
10066,5/11/2024 2:56:50 AM,0.97
10066,5/11/2024 2:57:00 AM,1.07
10066,5/11/2024 2:57:10 AM,1.17
10066,5/11/2024 2:57:20 AM,0.65
10066,5/11/2024 2:57:30 AM,1.08
10066,5/11/2024 2:57:40 AM,1.41
10066,5/11/2024 2:57:50 AM,1.43
10066,5/11/2024 2:58:00 AM,1.45
10066,5/11/2024 2:58:10 AM,1.46
10066,5/11/2024 2:58:20 AM,1.48
10066,5/11/2024 2:58:30 AM,1.50
10066,5/11/2024 2:58:40 AM,1.51
10066,5/11/2024 2:58:50 AM,1.53
10066,5/11/2024 2:59:00 AM,1.55
10066,5/11/2024 2:59:10 AM,1.56
10066,5/11/2024 2:59:20 AM,1.58
10066,5/11/2024 2:59:30 AM,1.60
10066,5/11/2024 2:59:40 AM,1.61
10066,5/11/2024 2:59:50 AM,1.63
10066,5/11/2024 3:00:00 AM,1.65
10066,5/11/2024 3:00:10 AM,1.66
10066,5/11/2024 3:00:20 AM,1.68
10066,5/11/2024 3:00:30 AM,1.70
10066,5/11/2024 3:00:40 AM,1.71
10066,5/11/2024 3:00:50 AM,1.73
10066,5/11/2024 3:01:00 AM,1.75
10066,5/11/2024 3:01:10 AM,1.76
10066,5/11/2024 3:01:20 AM,1.78
10066,5/11/2024 3:01:30 AM,1.80
10066,5/11/2024 3:01:40 AM,1.81
10066,5/11/2024 3:01:50 AM,1.83
10066,5/11/2024 3:02:00 AM,1.85
10066,5/11/2024 3:02:10 AM,1.86
10066,5/11/2024 3:02:20 AM,1.88
10066,5/11/2024 3:02:30 AM,1.90
10066,5/11/2024 3:02:40 AM,1.77
10066,5/11/2024 3:02:50 AM,1.58
10066,5/11/2024 3:03:00 AM,1.39
10066,5/11/2024 3:03:10 AM,1.20
10066,5/11/2024 3:03:20 AM,1.01
10066,5/11/2024 3:03:30 AM,0.82
10066,5/11/2024 3:03:40 AM,0.63
10066,5/11/2024 3:03:50 AM,0.44
10066,5/11/2024 3:04:00 AM,0.25
10066,5/11/2024 3:04:10 AM,0.06
10066,5/11/2024 3:04:20 AM,0.14
10066,5/11/2024 3:04:30 AM,0.34
10066,5/11/2024 3:04:40 AM,0.54
10066,5/11/2024 3:04:50 AM,0.74
10066,5/11/2024 3:05:00 AM,0.94
10066,5/11/2024 3:05:10 AM,0.82
10066,5/11/2024 3:05:20 AM,0.55
10066,5/11/2024 3:05:30 AM,0.28
10066,5/11/2024 3:05:40 AM,0.39
10066,5/11/2024 3:05:50 AM,0.66
10066,5/11/2024 3:06:00 AM,0.94
10066,5/11/2024 3:06:10 AM,1.21
10066,5/11/2024 3:06:20 AM,1.22
10066,5/11/2024 3:06:30 AM,1.10
10066,5/11/2024 3:06:40 AM,0.97
10066,5/11/2024 3:06:50 AM,0.85
10066,5/11/2024 3:07:00 AM,0.73
10066,5/11/2024 3:07:10 AM,0.61
10066,5/11/2024 3:07:20 AM,0.48
10066,5/11/2024 3:07:30 AM,0.36
10066,5/11/2024 3:07:40 AM,0.24
10066,5/11/2024 3:07:50 AM,0.12
10066,5/11/2024 3:08:00 AM,-0.01
10066,5/11/2024 3:08:10 AM,-0.13
10066,5/11/2024 3:08:20 AM,-0.25
10066,5/11/2024 3:08:30 AM,-0.37
10066,5/11/2024 3:08:40 AM,-0.50
10066,5/11/2024 3:08:50 AM,-0.62
10066,5/11/2024 3:09:00 AM,-0.74
10066,5/11/2024 3:09:10 AM,-0.86
10066,5/11/2024 3:09:20 AM,-0.73
10066,5/11/2024 3:09:30 AM,-0.48
10066,5/11/2024 3:09:40 AM,-0.23
10066,5/11/2024 3:09:50 AM,0.02
10066,5/11/2024 3:10:00 AM,-0.11
10066,5/11/2024 3:10:10 AM,-0.41
10066,5/11/2024 3:10:20 AM,-0.70
10066,5/11/2024 3:10:30 AM,-0.71
10066,5/11/2024 3:10:40 AM,-0.57
10066,5/11/2024 3:10:50 AM,-0.43
10066,5/11/2024 3:11:00 AM,-0.29
10066,5/11/2024 3:11:10 AM,-0.16
10066,5/11/2024 3:11:20 AM,-0.02
10066,5/11/2024 3:11:30 AM,0.12
10066,5/11/2024 3:11:40 AM,0.26
10066,5/11/2024 3:11:50 AM,0.39
10066,5/11/2024 3:12:00 AM,0.53
10066,5/11/2024 3:12:10 AM,0.67
10066,5/11/2024 3:12:20 AM,0.81
10066,5/11/2024 3:12:30 AM,0.94
10066,5/11/2024 3:12:40 AM,1.08
10066,5/11/2024 3:12:50 AM,1.22
10066,5/11/2024 3:13:00 AM,1.36
10066,5/11/2024 3:13:10 AM,1.81
10066,5/11/2024 3:13:20 AM,2.41
10066,5/11/2024 3:13:30 AM,2.56
10066,5/11/2024 3:13:40 AM,2.51
10066,5/11/2024 3:13:50 AM,2.46
10066,5/11/2024 3:14:00 AM,2.40
10066,5/11/2024 3:14:10 AM,2.35
10066,5/11/2024 3:14:20 AM,2.30
10066,5/11/2024 3:14:30 AM,2.24
10066,5/11/2024 3:14:40 AM,2.19
10066,5/11/2024 3:14:50 AM,2.14
10066,5/11/2024 3:15:00 AM,2.08
10066,5/11/2024 3:15:10 AM,2.03
10066,5/11/2024 3:15:20 AM,2.03
10066,5/11/2024 3:15:30 AM,2.09
10066,5/11/2024 3:15:40 AM,2.15
10066,5/11/2024 3:15:50 AM,2.21
10066,5/11/2024 3:16:00 AM,2.28
10066,5/11/2024 3:16:10 AM,2.34
10066,5/11/2024 3:16:20 AM,2.40
10066,5/11/2024 3:16:30 AM,2.46
10066,5/11/2024 3:16:40 AM,2.52
10066,5/11/2024 3:16:50 AM,2.58
10066,5/11/2024 3:17:00 AM,2.33
10066,5/11/2024 3:17:10 AM,1.93
10066,5/11/2024 3:17:20 AM,1.53
10066,5/11/2024 3:17:30 AM,1.39
10066,5/11/2024 3:17:40 AM,1.37
10066,5/11/2024 3:17:50 AM,1.36
10066,5/11/2024 3:18:00 AM,1.34
10066,5/11/2024 3:18:10 AM,1.32
10066,5/11/2024 3:18:20 AM,1.31
10066,5/11/2024 3:18:30 AM,1.29
10066,5/11/2024 3:18:40 AM,1.27
10066,5/11/2024 3:18:50 AM,1.26
10066,5/11/2024 3:19:00 AM,1.24
10066,5/11/2024 3:19:10 AM,1.22
10066,5/11/2024 3:19:20 AM,1.21
10066,5/11/2024 3:19:30 AM,1.19
10066,5/11/2024 3:19:40 AM,1.17
10066,5/11/2024 3:19:50 AM,1.16
10066,5/11/2024 3:20:00 AM,1.14
10066,5/11/2024 3:20:10 AM,1.12
10066,5/11/2024 3:20:20 AM,1.11
10066,5/11/2024 3:20:30 AM,0.93
10066,5/11/2024 3:20:40 AM,0.68
10066,5/11/2024 3:20:50 AM,0.43
10066,5/11/2024 3:21:00 AM,0.18
10066,5/11/2024 3:21:10 AM,-0.07
10066,5/11/2024 3:21:20 AM,-0.32
10066,5/11/2024 3:21:30 AM,-0.37
10066,5/11/2024 3:21:40 AM,-0.34
10066,5/11/2024 3:21:50 AM,-0.30
10066,5/11/2024 3:22:00 AM,-0.26
10066,5/11/2024 3:22:10 AM,-0.22
10066,5/11/2024 3:22:20 AM,-0.19
10066,5/11/2024 3:22:30 AM,-0.15
10066,5/11/2024 3:22:40 AM,-0.11
10066,5/11/2024 3:22:50 AM,-0.07
10066,5/11/2024 3:23:00 AM,-0.04
10066,5/11/2024 3:23:10 AM,0.00
10066,5/11/2024 3:23:20 AM,0.04
10066,5/11/2024 3:23:30 AM,0.08
10066,5/11/2024 3:23:40 AM,0.11
10066,5/11/2024 3:23:50 AM,0.15
10066,5/11/2024 3:24:00 AM,0.19
10066,5/11/2024 3:24:10 AM,0.23
10066,5/11/2024 3:24:20 AM,0.27
10066,5/11/2024 3:24:30 AM,0.30
10066,5/11/2024 3:24:40 AM,0.34
10066,5/11/2024 3:24:50 AM,0.38
10066,5/11/2024 3:25:00 AM,0.42
10066,5/11/2024 3:25:10 AM,0.45
10066,5/11/2024 3:25:20 AM,0.49
10066,5/11/2024 3:25:30 AM,0.53
10066,5/11/2024 3:25:40 AM,0.57
10066,5/11/2024 3:25:50 AM,0.60
10066,5/11/2024 3:26:00 AM,0.64
10066,5/11/2024 3:26:10 AM,0.68
10066,5/11/2024 3:26:20 AM,0.72
10066,5/11/2024 3:26:30 AM,0.75
10066,5/11/2024 3:26:40 AM,0.79
10066,5/11/2024 3:26:50 AM,0.83
10066,5/11/2024 3:27:00 AM,0.87
10066,5/11/2024 3:27:10 AM,0.90
10066,5/11/2024 3:27:20 AM,0.94
10066,5/11/2024 3:27:30 AM,0.98
10066,5/11/2024 3:27:40 AM,1.02
10066,5/11/2024 3:27:50 AM,1.05
10066,5/11/2024 3:28:00 AM,1.09
10066,5/11/2024 3:28:10 AM,1.13
10066,5/11/2024 3:28:20 AM,1.17
10066,5/11/2024 3:28:30 AM,1.21
10066,5/11/2024 3:28:40 AM,1.24
10066,5/11/2024 3:28:50 AM,1.28
10066,5/11/2024 3:29:00 AM,1.32
10066,5/11/2024 3:29:10 AM,1.36
10066,5/11/2024 3:29:20 AM,1.39
10066,5/11/2024 3:29:30 AM,1.43
10066,5/11/2024 3:29:40 AM,1.47
10066,5/11/2024 3:29:50 AM,1.51
10066,5/11/2024 3:30:00 AM,1.54
10066,5/11/2024 3:30:10 AM,1.58
10066,5/11/2024 3:30:20 AM,1.59
10066,5/11/2024 3:30:30 AM,1.56
10066,5/11/2024 3:30:40 AM,1.53
10066,5/11/2024 3:30:50 AM,1.51
10066,5/11/2024 3:31:00 AM,1.48
10066,5/11/2024 3:31:10 AM,1.45
10066,5/11/2024 3:31:20 AM,1.42
10066,5/11/2024 3:31:30 AM,1.40
10066,5/11/2024 3:31:40 AM,1.37
10066,5/11/2024 3:31:50 AM,1.34
10066,5/11/2024 3:32:00 AM,1.32
10066,5/11/2024 3:32:10 AM,1.29
10066,5/11/2024 3:32:20 AM,1.26
10066,5/11/2024 3:32:30 AM,1.23
10066,5/11/2024 3:32:40 AM,1.21
10066,5/11/2024 3:32:50 AM,1.18
10066,5/11/2024 3:33:00 AM,1.15
10066,5/11/2024 3:33:10 AM,1.13
10066,5/11/2024 3:33:20 AM,1.10
10066,5/11/2024 3:33:30 AM,1.07
10066,5/11/2024 3:33:40 AM,1.04
10066,5/11/2024 3:33:50 AM,1.02
10066,5/11/2024 3:34:00 AM,0.99
10066,5/11/2024 3:34:10 AM,0.96
10066,5/11/2024 3:34:20 AM,0.94
10066,5/11/2024 3:34:30 AM,0.91
10066,5/11/2024 3:34:40 AM,0.88
10066,5/11/2024 3:34:50 AM,0.85
10066,5/11/2024 3:35:00 AM,0.83
10066,5/11/2024 3:35:10 AM,0.80
10066,5/11/2024 3:35:20 AM,0.77
10066,5/11/2024 3:35:30 AM,0.75
10066,5/11/2024 3:35:40 AM,0.72
10066,5/11/2024 3:35:50 AM,0.69
10066,5/11/2024 3:36:00 AM,0.66
10066,5/11/2024 3:36:10 AM,0.64
10066,5/11/2024 3:36:20 AM,0.61
10066,5/11/2024 3:36:30 AM,0.65
10066,5/11/2024 3:36:40 AM,0.72
10066,5/11/2024 3:36:50 AM,0.79
10066,5/11/2024 3:37:00 AM,0.86
10066,5/11/2024 3:37:10 AM,0.93
10066,5/11/2024 3:37:20 AM,1.00
10066,5/11/2024 3:37:30 AM,1.07
10066,5/11/2024 3:37:40 AM,1.14
10066,5/11/2024 3:37:50 AM,1.21
10066,5/11/2024 3:38:00 AM,1.28
10066,5/11/2024 3:38:10 AM,1.29
10066,5/11/2024 3:38:20 AM,1.29
10066,5/11/2024 3:38:30 AM,1.28
10066,5/11/2024 3:38:40 AM,1.27
10066,5/11/2024 3:38:50 AM,1.26
10066,5/11/2024 3:39:00 AM,1.25
10066,5/11/2024 3:39:10 AM,1.24
10066,5/11/2024 3:39:20 AM,1.24
10066,5/11/2024 3:39:30 AM,1.23
10066,5/11/2024 3:39:40 AM,1.22
10066,5/11/2024 3:39:50 AM,1.21
10066,5/11/2024 3:40:00 AM,1.20
10066,5/11/2024 3:40:10 AM,1.19
10066,5/11/2024 3:40:20 AM,1.19
10066,5/11/2024 3:40:30 AM,1.18
10066,5/11/2024 3:40:40 AM,1.17
10066,5/11/2024 3:40:50 AM,1.16
10066,5/11/2024 3:41:00 AM,1.15
10066,5/11/2024 3:41:10 AM,1.14
10066,5/11/2024 3:41:20 AM,1.14
10066,5/11/2024 3:41:30 AM,1.13
10066,5/11/2024 3:41:40 AM,1.12
10066,5/11/2024 3:41:50 AM,1.11
10066,5/11/2024 3:42:00 AM,1.10
10066,5/11/2024 3:42:10 AM,1.09
10066,5/11/2024 3:42:20 AM,1.09
10066,5/11/2024 3:42:30 AM,1.08
10066,5/11/2024 3:42:40 AM,1.07
10066,5/11/2024 3:42:50 AM,1.06
10066,5/11/2024 3:43:00 AM,1.05
10066,5/11/2024 3:43:10 AM,1.04
10066,5/11/2024 3:43:20 AM,1.04
10066,5/11/2024 3:43:30 AM,1.03
10066,5/11/2024 3:43:40 AM,1.02
10066,5/11/2024 3:43:50 AM,1.01
10066,5/11/2024 3:44:00 AM,1.00
10066,5/11/2024 3:44:10 AM,0.99
10066,5/11/2024 3:44:20 AM,0.99
10066,5/11/2024 3:44:30 AM,0.98
10066,5/11/2024 3:44:40 AM,0.97
10066,5/11/2024 3:44:50 AM,0.96
10066,5/11/2024 3:45:00 AM,0.95
10066,5/11/2024 3:45:10 AM,0.94
10066,5/11/2024 3:45:20 AM,0.94
10066,5/11/2024 3:45:30 AM,0.93
10066,5/11/2024 3:45:40 AM,0.92
10066,5/11/2024 3:45:50 AM,0.91
10066,5/11/2024 3:46:00 AM,0.90
10066,5/11/2024 3:46:10 AM,0.89
10066,5/11/2024 3:46:20 AM,0.89
10066,5/11/2024 3:46:30 AM,0.88
10066,5/11/2024 3:46:40 AM,0.87
10066,5/11/2024 3:46:50 AM,0.86
10066,5/11/2024 3:47:00 AM,0.85
10066,5/11/2024 3:47:10 AM,0.84
10066,5/11/2024 3:47:20 AM,0.84
10066,5/11/2024 3:47:30 AM,0.83
10066,5/11/2024 3:47:40 AM,0.82
10066,5/11/2024 3:47:50 AM,0.81
10066,5/11/2024 3:48:00 AM,0.80
10066,5/11/2024 3:48:10 AM,0.79
10066,5/11/2024 3:48:20 AM,0.79
10066,5/11/2024 3:48:30 AM,0.78
10066,5/11/2024 3:48:40 AM,0.77
10066,5/11/2024 3:48:50 AM,0.76
10066,5/11/2024 3:49:00 AM,0.75
10066,5/11/2024 3:49:10 AM,0.74
10066,5/11/2024 3:49:20 AM,0.74
10066,5/11/2024 3:49:30 AM,0.73
10066,5/11/2024 3:49:40 AM,0.72
10066,5/11/2024 3:49:50 AM,0.71
10066,5/11/2024 3:50:00 AM,0.70
10066,5/11/2024 3:50:10 AM,0.69
10066,5/11/2024 3:50:20 AM,0.69
10066,5/11/2024 3:50:30 AM,0.68
10066,5/11/2024 3:50:40 AM,0.67
10066,5/11/2024 3:50:50 AM,0.66
10066,5/11/2024 3:51:00 AM,0.65
10066,5/11/2024 3:51:10 AM,0.64
10066,5/11/2024 3:51:20 AM,0.64
10066,5/11/2024 3:51:30 AM,0.63
10066,5/11/2024 3:51:40 AM,0.62
10066,5/11/2024 3:51:50 AM,0.61
10066,5/11/2024 3:52:00 AM,0.60
10066,5/11/2024 3:52:10 AM,0.59
10066,5/11/2024 3:52:20 AM,0.59
10066,5/11/2024 3:52:30 AM,0.58
10066,5/11/2024 3:52:40 AM,0.57
10066,5/11/2024 3:52:50 AM,0.56
10066,5/11/2024 3:53:00 AM,0.55
10066,5/11/2024 3:53:10 AM,0.54
10066,5/11/2024 3:53:20 AM,0.54
10066,5/11/2024 3:53:30 AM,0.53
10066,5/11/2024 3:53:40 AM,0.52
10066,5/11/2024 3:53:50 AM,0.51
10066,5/11/2024 3:54:00 AM,0.50
10066,5/11/2024 3:54:10 AM,0.65
10066,5/11/2024 3:54:20 AM,0.87
10066,5/11/2024 3:54:30 AM,1.09
10066,5/11/2024 3:54:40 AM,1.31
10066,5/11/2024 3:54:50 AM,1.53
10066,5/11/2024 3:55:00 AM,1.58
10066,5/11/2024 3:55:10 AM,1.56
10066,5/11/2024 3:55:20 AM,1.53
10066,5/11/2024 3:55:30 AM,1.51
10066,5/11/2024 3:55:40 AM,1.48
10066,5/11/2024 3:55:50 AM,1.45
10066,5/11/2024 3:56:00 AM,1.43
10066,5/11/2024 3:56:10 AM,1.40
10066,5/11/2024 3:56:20 AM,1.38
10066,5/11/2024 3:56:30 AM,1.35
10066,5/11/2024 3:56:40 AM,1.33
10066,5/11/2024 3:56:50 AM,1.30
10066,5/11/2024 3:57:00 AM,1.28
10066,5/11/2024 3:57:10 AM,1.25
10066,5/11/2024 3:57:20 AM,1.22
10066,5/11/2024 3:57:30 AM,1.20
10066,5/11/2024 3:57:40 AM,1.17
10066,5/11/2024 3:57:50 AM,1.15
10066,5/11/2024 3:58:00 AM,1.12
10066,5/11/2024 3:58:10 AM,1.10
10066,5/11/2024 3:58:20 AM,1.07
10066,5/11/2024 3:58:30 AM,1.04
10066,5/11/2024 3:58:40 AM,1.02
10066,5/11/2024 3:58:50 AM,0.99
10066,5/11/2024 3:59:00 AM,0.97
10066,5/11/2024 3:59:10 AM,0.94
10066,5/11/2024 3:59:20 AM,0.92
10066,5/11/2024 3:59:30 AM,0.89
10066,5/11/2024 3:59:40 AM,0.86
10066,5/11/2024 3:59:50 AM,0.84
10066,5/11/2024 4:00:00 AM,0.81
10066,5/11/2024 4:00:10 AM,0.79
10066,5/11/2024 4:00:20 AM,0.76
10066,5/11/2024 4:00:30 AM,0.74
10066,5/11/2024 4:00:40 AM,0.71
10066,5/11/2024 4:00:50 AM,0.69
10066,5/11/2024 4:01:00 AM,0.66
10066,5/11/2024 4:01:10 AM,0.63
10066,5/11/2024 4:01:20 AM,0.61
10066,5/11/2024 4:01:30 AM,0.72
10066,5/11/2024 4:01:40 AM,0.88
10066,5/11/2024 4:01:50 AM,1.05
10066,5/11/2024 4:02:00 AM,1.22
10066,5/11/2024 4:02:10 AM,1.38
10066,5/11/2024 4:02:20 AM,1.55
10066,5/11/2024 4:02:30 AM,1.50
10066,5/11/2024 4:02:40 AM,1.35
10066,5/11/2024 4:02:50 AM,1.20
10066,5/11/2024 4:03:00 AM,1.05
10066,5/11/2024 4:03:10 AM,0.90
10066,5/11/2024 4:03:20 AM,0.75
10066,5/11/2024 4:03:30 AM,0.60
10066,5/11/2024 4:03:40 AM,0.45
10066,5/11/2024 4:03:50 AM,0.52
10066,5/11/2024 4:04:00 AM,0.71
10066,5/11/2024 4:04:10 AM,0.89
10066,5/11/2024 4:04:20 AM,1.08
10066,5/11/2024 4:04:30 AM,1.26
10066,5/11/2024 4:04:40 AM,1.44
10066,5/11/2024 4:04:50 AM,1.49
10066,5/11/2024 4:05:00 AM,1.48
10066,5/11/2024 4:05:10 AM,1.47
10066,5/11/2024 4:05:20 AM,1.47
10066,5/11/2024 4:05:30 AM,1.46
10066,5/11/2024 4:05:40 AM,1.45
10066,5/11/2024 4:05:50 AM,1.44
10066,5/11/2024 4:06:00 AM,1.43
10066,5/11/2024 4:06:10 AM,1.42
10066,5/11/2024 4:06:20 AM,1.41
10066,5/11/2024 4:06:30 AM,1.40
10066,5/11/2024 4:06:40 AM,1.39
10066,5/11/2024 4:06:50 AM,1.38
10066,5/11/2024 4:07:00 AM,1.37
10066,5/11/2024 4:07:10 AM,1.36
10066,5/11/2024 4:07:20 AM,1.35
10066,5/11/2024 4:07:30 AM,1.34
10066,5/11/2024 4:07:40 AM,1.33
10066,5/11/2024 4:07:50 AM,1.32
10066,5/11/2024 4:08:00 AM,1.31
10066,5/11/2024 4:08:10 AM,1.30
10066,5/11/2024 4:08:20 AM,1.29
10066,5/11/2024 4:08:30 AM,1.28
10066,5/11/2024 4:08:40 AM,1.27
10066,5/11/2024 4:08:50 AM,1.27
10066,5/11/2024 4:09:00 AM,1.26
10066,5/11/2024 4:09:10 AM,1.25
10066,5/11/2024 4:09:20 AM,1.24
10066,5/11/2024 4:09:30 AM,1.23
10066,5/11/2024 4:09:40 AM,1.22
10066,5/11/2024 4:09:50 AM,1.21
10066,5/11/2024 4:10:00 AM,1.20
10066,5/11/2024 4:10:10 AM,1.19
10066,5/11/2024 4:10:20 AM,1.18
10066,5/11/2024 4:10:30 AM,1.17
10066,5/11/2024 4:10:40 AM,1.16
10066,5/11/2024 4:10:50 AM,1.15
10066,5/11/2024 4:11:00 AM,1.14
10066,5/11/2024 4:11:10 AM,1.13
10066,5/11/2024 4:11:20 AM,1.12
10066,5/11/2024 4:11:30 AM,1.11
10066,5/11/2024 4:11:40 AM,1.10
10066,5/11/2024 4:11:50 AM,1.09
10066,5/11/2024 4:12:00 AM,1.08
10066,5/11/2024 4:12:10 AM,1.07
10066,5/11/2024 4:12:20 AM,1.07
10066,5/11/2024 4:12:30 AM,1.06
10066,5/11/2024 4:12:40 AM,1.05
10066,5/11/2024 4:12:50 AM,1.04
10066,5/11/2024 4:13:00 AM,1.03
10066,5/11/2024 4:13:10 AM,1.02
10066,5/11/2024 4:13:20 AM,1.01
10066,5/11/2024 4:13:30 AM,1.00
10066,5/11/2024 4:13:40 AM,0.99
10066,5/11/2024 4:13:50 AM,0.98
10066,5/11/2024 4:14:00 AM,0.97
10066,5/11/2024 4:14:10 AM,0.96
10066,5/11/2024 4:14:20 AM,0.95
10066,5/11/2024 4:14:30 AM,0.94
10066,5/11/2024 4:14:40 AM,0.93
10066,5/11/2024 4:14:50 AM,0.92
10066,5/11/2024 4:15:00 AM,0.91
10066,5/11/2024 4:15:10 AM,0.90
10066,5/11/2024 4:15:20 AM,0.85
10066,5/11/2024 4:15:30 AM,0.77
10066,5/11/2024 4:15:40 AM,0.69
10066,5/11/2024 4:15:50 AM,0.61
10066,5/11/2024 4:16:00 AM,0.54
10066,5/11/2024 4:16:10 AM,0.46
10066,5/11/2024 4:16:20 AM,0.38
10066,5/11/2024 4:16:30 AM,0.30
10066,5/11/2024 4:16:40 AM,0.22
10066,5/11/2024 4:16:50 AM,0.41
10066,5/11/2024 4:17:00 AM,0.71
10066,5/11/2024 4:17:10 AM,1.01
10066,5/11/2024 4:17:20 AM,1.31
10066,5/11/2024 4:17:30 AM,1.38
10066,5/11/2024 4:17:40 AM,1.36
10066,5/11/2024 4:17:50 AM,1.33
10066,5/11/2024 4:18:00 AM,1.30
10066,5/11/2024 4:18:10 AM,1.28
10066,5/11/2024 4:18:20 AM,1.25
10066,5/11/2024 4:18:30 AM,1.22
10066,5/11/2024 4:18:40 AM,1.20
10066,5/11/2024 4:18:50 AM,1.17
10066,5/11/2024 4:19:00 AM,1.15
10066,5/11/2024 4:19:10 AM,1.12
10066,5/11/2024 4:19:20 AM,1.09
10066,5/11/2024 4:19:30 AM,1.07
10066,5/11/2024 4:19:40 AM,1.04
10066,5/11/2024 4:19:50 AM,1.01
10066,5/11/2024 4:20:00 AM,0.99
10066,5/11/2024 4:20:10 AM,0.96
10066,5/11/2024 4:20:20 AM,0.94
10066,5/11/2024 4:20:30 AM,0.91
10066,5/11/2024 4:20:40 AM,0.88
10066,5/11/2024 4:20:50 AM,0.86
10066,5/11/2024 4:21:00 AM,0.83
10066,5/11/2024 4:21:10 AM,0.80
10066,5/11/2024 4:21:20 AM,0.78
10066,5/11/2024 4:21:30 AM,0.75
10066,5/11/2024 4:21:40 AM,0.72
10066,5/11/2024 4:21:50 AM,0.70
10066,5/11/2024 4:22:00 AM,0.67
10066,5/11/2024 4:22:10 AM,0.65
10066,5/11/2024 4:22:20 AM,0.62
10066,5/11/2024 4:22:30 AM,0.59
10066,5/11/2024 4:22:40 AM,0.57
10066,5/11/2024 4:22:50 AM,0.54
10066,5/11/2024 4:23:00 AM,0.51
10066,5/11/2024 4:23:10 AM,0.49
10066,5/11/2024 4:23:20 AM,0.46
10066,5/11/2024 4:23:30 AM,0.44
10066,5/11/2024 4:23:40 AM,0.41
10066,5/11/2024 4:23:50 AM,0.47
10066,5/11/2024 4:24:00 AM,0.57
10066,5/11/2024 4:24:10 AM,0.67
10066,5/11/2024 4:24:20 AM,0.77
10066,5/11/2024 4:24:30 AM,0.87
10066,5/11/2024 4:24:40 AM,0.97
10066,5/11/2024 4:24:50 AM,1.07
10066,5/11/2024 4:25:00 AM,1.17
10066,5/11/2024 4:25:10 AM,1.27
10066,5/11/2024 4:25:20 AM,1.37
10066,5/11/2024 4:25:30 AM,1.47
10066,5/11/2024 4:25:40 AM,1.57
10066,5/11/2024 4:25:50 AM,1.52
10066,5/11/2024 4:26:00 AM,1.40
10066,5/11/2024 4:26:10 AM,1.28
10066,5/11/2024 4:26:20 AM,1.16
10066,5/11/2024 4:26:30 AM,1.04
10066,5/11/2024 4:26:40 AM,0.92
10066,5/11/2024 4:26:50 AM,0.80
10066,5/11/2024 4:27:00 AM,0.68
10066,5/11/2024 4:27:10 AM,0.56
10066,5/11/2024 4:27:20 AM,0.44
10066,5/11/2024 4:27:30 AM,0.65
10066,5/11/2024 4:27:40 AM,1.02
10066,5/11/2024 4:27:50 AM,1.39
10066,5/11/2024 4:28:00 AM,1.75
10066,5/11/2024 4:28:10 AM,2.12
10066,5/11/2024 4:28:20 AM,2.49
10066,5/11/2024 4:28:30 AM,2.85
10066,5/11/2024 4:28:40 AM,3.22
10066,5/11/2024 4:28:50 AM,3.59
10066,5/11/2024 4:29:00 AM,3.52
10066,5/11/2024 4:29:10 AM,3.26
10066,5/11/2024 4:29:20 AM,3.00
10066,5/11/2024 4:29:30 AM,2.74
10066,5/11/2024 4:29:40 AM,2.48
10066,5/11/2024 4:29:50 AM,2.47
10066,5/11/2024 4:30:00 AM,2.57
10066,5/11/2024 4:30:10 AM,2.67
10066,5/11/2024 4:30:20 AM,2.22
10066,5/11/2024 4:30:30 AM,1.52
10066,5/11/2024 4:30:40 AM,1.24
10066,5/11/2024 4:30:50 AM,1.15
10066,5/11/2024 4:31:00 AM,1.06
10066,5/11/2024 4:31:10 AM,0.97
10066,5/11/2024 4:31:20 AM,0.88
10066,5/11/2024 4:31:30 AM,0.79
10066,5/11/2024 4:31:40 AM,0.70
10066,5/11/2024 4:31:50 AM,0.61
10066,5/11/2024 4:32:00 AM,0.52
10066,5/11/2024 4:32:10 AM,0.43
10066,5/11/2024 4:32:20 AM,0.42
10066,5/11/2024 4:32:30 AM,0.45
10066,5/11/2024 4:32:40 AM,0.49
10066,5/11/2024 4:32:50 AM,0.52
10066,5/11/2024 4:33:00 AM,0.55
10066,5/11/2024 4:33:10 AM,0.58
10066,5/11/2024 4:33:20 AM,0.62
10066,5/11/2024 4:33:30 AM,0.65
10066,5/11/2024 4:33:40 AM,0.68
10066,5/11/2024 4:33:50 AM,0.71
10066,5/11/2024 4:34:00 AM,0.75
10066,5/11/2024 4:34:10 AM,0.78
10066,5/11/2024 4:34:20 AM,0.81
10066,5/11/2024 4:34:30 AM,0.84
10066,5/11/2024 4:34:40 AM,0.87
10066,5/11/2024 4:34:50 AM,0.91
10066,5/11/2024 4:35:00 AM,0.94
10066,5/11/2024 4:35:10 AM,0.97
10066,5/11/2024 4:35:20 AM,1.00
10066,5/11/2024 4:35:30 AM,1.04
10066,5/11/2024 4:35:40 AM,1.07
10066,5/11/2024 4:35:50 AM,1.10
10066,5/11/2024 4:36:00 AM,1.13
10066,5/11/2024 4:36:10 AM,1.16
10066,5/11/2024 4:36:20 AM,1.20
10066,5/11/2024 4:36:30 AM,1.23
10066,5/11/2024 4:36:40 AM,1.26
10066,5/11/2024 4:36:50 AM,1.29
10066,5/11/2024 4:37:00 AM,1.33
10066,5/11/2024 4:37:10 AM,1.36
10066,5/11/2024 4:37:20 AM,1.39
10066,5/11/2024 4:37:30 AM,1.38
10066,5/11/2024 4:37:40 AM,1.34
10066,5/11/2024 4:37:50 AM,1.31
10066,5/11/2024 4:38:00 AM,1.28
10066,5/11/2024 4:38:10 AM,1.24
10066,5/11/2024 4:38:20 AM,1.21
10066,5/11/2024 4:38:30 AM,1.18
10066,5/11/2024 4:38:40 AM,1.14
10066,5/11/2024 4:38:50 AM,1.11
10066,5/11/2024 4:39:00 AM,1.08
10066,5/11/2024 4:39:10 AM,1.04
10066,5/11/2024 4:39:20 AM,1.01
10066,5/11/2024 4:39:30 AM,0.98
10066,5/11/2024 4:39:40 AM,0.94
10066,5/11/2024 4:39:50 AM,0.91
10066,5/11/2024 4:40:00 AM,0.96
10066,5/11/2024 4:40:10 AM,1.05
10066,5/11/2024 4:40:20 AM,1.15
10066,5/11/2024 4:40:30 AM,1.24
10066,5/11/2024 4:40:40 AM,1.33
10066,5/11/2024 4:40:50 AM,1.42
10066,5/11/2024 4:41:00 AM,1.51
10066,5/11/2024 4:41:10 AM,1.60
10066,5/11/2024 4:41:20 AM,1.70
10066,5/11/2024 4:41:30 AM,1.79
10066,5/11/2024 4:41:40 AM,1.88
10066,5/11/2024 4:41:50 AM,1.97
10066,5/11/2024 4:42:00 AM,2.14
10066,5/11/2024 4:42:10 AM,2.34
10066,5/11/2024 4:42:20 AM,2.54
10066,5/11/2024 4:42:30 AM,2.74
10066,5/11/2024 4:42:40 AM,2.94
10066,5/11/2024 4:42:50 AM,3.14
10066,5/11/2024 4:43:00 AM,3.34
10066,5/11/2024 4:43:10 AM,3.54
10066,5/11/2024 4:43:20 AM,3.25
10066,5/11/2024 4:43:30 AM,2.73
10066,5/11/2024 4:43:40 AM,2.21
10066,5/11/2024 4:43:50 AM,1.68
10066,5/11/2024 4:44:00 AM,1.16
10066,5/11/2024 4:44:10 AM,0.93
10066,5/11/2024 4:44:20 AM,0.84
10066,5/11/2024 4:44:30 AM,0.74
10066,5/11/2024 4:44:40 AM,0.64
10066,5/11/2024 4:44:50 AM,0.55
10066,5/11/2024 4:45:00 AM,0.45
10066,5/11/2024 4:45:10 AM,0.35
10066,5/11/2024 4:45:20 AM,0.32
10066,5/11/2024 4:45:30 AM,0.37
10066,5/11/2024 4:45:40 AM,0.43
10066,5/11/2024 4:45:50 AM,0.48
10066,5/11/2024 4:46:00 AM,0.53
10066,5/11/2024 4:46:10 AM,0.58
10066,5/11/2024 4:46:20 AM,0.63
10066,5/11/2024 4:46:30 AM,0.68
10066,5/11/2024 4:46:40 AM,0.73
10066,5/11/2024 4:46:50 AM,0.78
10066,5/11/2024 4:47:00 AM,0.83
10066,5/11/2024 4:47:10 AM,0.88
10066,5/11/2024 4:47:20 AM,0.93
10066,5/11/2024 4:47:30 AM,0.98
10066,5/11/2024 4:47:40 AM,1.03
10066,5/11/2024 4:47:50 AM,1.08
10066,5/11/2024 4:48:00 AM,1.13
10066,5/11/2024 4:48:10 AM,1.18
10066,5/11/2024 4:48:20 AM,1.23
10066,5/11/2024 4:48:30 AM,1.28
10066,5/11/2024 4:48:40 AM,1.23
10066,5/11/2024 4:48:50 AM,1.13
10066,5/11/2024 4:49:00 AM,1.03
10066,5/11/2024 4:49:10 AM,0.93
10066,5/11/2024 4:49:20 AM,0.83
10066,5/11/2024 4:49:30 AM,0.73
10066,5/11/2024 4:49:40 AM,0.63
10066,5/11/2024 4:49:50 AM,0.53
10066,5/11/2024 4:50:00 AM,0.57
10066,5/11/2024 4:50:10 AM,0.67
10066,5/11/2024 4:50:20 AM,0.77
10066,5/11/2024 4:50:30 AM,0.87
10066,5/11/2024 4:50:40 AM,0.97
10066,5/11/2024 4:50:50 AM,0.96
10066,5/11/2024 4:51:00 AM,0.91
10066,5/11/2024 4:51:10 AM,0.85
10066,5/11/2024 4:51:20 AM,0.80
10066,5/11/2024 4:51:30 AM,0.74
10066,5/11/2024 4:51:40 AM,0.69
10066,5/11/2024 4:51:50 AM,0.64
10066,5/11/2024 4:52:00 AM,0.58
10066,5/11/2024 4:52:10 AM,0.53
10066,5/11/2024 4:52:20 AM,0.47
10066,5/11/2024 4:52:30 AM,0.42
10066,5/11/2024 4:52:40 AM,0.61
10066,5/11/2024 4:52:50 AM,0.91
10066,5/11/2024 4:53:00 AM,1.21
10066,5/11/2024 4:53:10 AM,0.76
10066,5/11/2024 4:53:20 AM,0.48
10066,5/11/2024 4:53:30 AM,0.44
10066,5/11/2024 4:53:40 AM,0.40
10066,5/11/2024 4:53:50 AM,0.37
10066,5/11/2024 4:54:00 AM,0.33
10066,5/11/2024 4:54:10 AM,0.29
10066,5/11/2024 4:54:20 AM,0.25
10066,5/11/2024 4:54:30 AM,0.22
10066,5/11/2024 4:54:40 AM,0.18
10066,5/11/2024 4:54:50 AM,0.14
10066,5/11/2024 4:55:00 AM,0.11
10066,5/11/2024 4:55:10 AM,0.07
10066,5/11/2024 4:55:20 AM,0.03
10066,5/11/2024 4:55:30 AM,0.00
10066,5/11/2024 4:55:40 AM,-0.04
10066,5/11/2024 4:55:50 AM,-0.08
10066,5/11/2024 4:56:00 AM,-0.11
10066,5/11/2024 4:56:10 AM,-0.15
10066,5/11/2024 4:56:20 AM,-0.19
10066,5/11/2024 4:56:30 AM,0.02
10066,5/11/2024 4:56:40 AM,0.35
10066,5/11/2024 4:56:50 AM,0.67
10066,5/11/2024 4:57:00 AM,1.00
10066,5/11/2024 4:57:10 AM,1.08
10066,5/11/2024 4:57:20 AM,1.06
10066,5/11/2024 4:57:30 AM,1.03
10066,5/11/2024 4:57:40 AM,1.00
10066,5/11/2024 4:57:50 AM,0.98
10066,5/11/2024 4:58:00 AM,0.95
10066,5/11/2024 4:58:10 AM,0.92
10066,5/11/2024 4:58:20 AM,0.90
10066,5/11/2024 4:58:30 AM,0.87
10066,5/11/2024 4:58:40 AM,0.85
10066,5/11/2024 4:58:50 AM,0.82
10066,5/11/2024 4:59:00 AM,0.79
10066,5/11/2024 4:59:10 AM,0.77
10066,5/11/2024 4:59:20 AM,0.74
10066,5/11/2024 4:59:30 AM,0.71
10066,5/11/2024 4:59:40 AM,0.69
10066,5/11/2024 4:59:50 AM,0.66
10066,5/11/2024 5:00:00 AM,0.64
10066,5/11/2024 5:00:10 AM,0.61
10066,5/11/2024 5:00:20 AM,0.94
10066,5/11/2024 5:00:30 AM,1.44
10066,5/11/2024 5:00:40 AM,1.46
10066,5/11/2024 5:00:50 AM,1.26
10066,5/11/2024 5:01:00 AM,1.06
10066,5/11/2024 5:01:10 AM,0.86
10066,5/11/2024 5:01:20 AM,0.66
10066,5/11/2024 5:01:30 AM,0.88
10066,5/11/2024 5:01:40 AM,1.28
10066,5/11/2024 5:01:50 AM,1.19
10066,5/11/2024 5:02:00 AM,0.89
10066,5/11/2024 5:02:10 AM,0.59
10066,5/11/2024 5:02:20 AM,0.56
10066,5/11/2024 5:02:30 AM,0.64
10066,5/11/2024 5:02:40 AM,0.72
10066,5/11/2024 5:02:50 AM,0.81
10066,5/11/2024 5:03:00 AM,0.89
10066,5/11/2024 5:03:10 AM,0.97
10066,5/11/2024 5:03:20 AM,1.06
10066,5/11/2024 5:03:30 AM,1.14
10066,5/11/2024 5:03:40 AM,1.22
10066,5/11/2024 5:03:50 AM,1.31
10066,5/11/2024 5:04:00 AM,1.39
10066,5/11/2024 5:04:10 AM,1.47
10066,5/11/2024 5:04:20 AM,1.30
10066,5/11/2024 5:04:30 AM,0.99
10066,5/11/2024 5:04:40 AM,0.69
10066,5/11/2024 5:04:50 AM,0.61
10066,5/11/2024 5:05:00 AM,0.63
10066,5/11/2024 5:05:10 AM,0.65
10066,5/11/2024 5:05:20 AM,0.67
10066,5/11/2024 5:05:30 AM,0.69
10066,5/11/2024 5:05:40 AM,0.71
10066,5/11/2024 5:05:50 AM,0.73
10066,5/11/2024 5:06:00 AM,0.75
10066,5/11/2024 5:06:10 AM,0.77
10066,5/11/2024 5:06:20 AM,0.78
10066,5/11/2024 5:06:30 AM,0.80
10066,5/11/2024 5:06:40 AM,0.82
10066,5/11/2024 5:06:50 AM,0.84
10066,5/11/2024 5:07:00 AM,0.86
10066,5/11/2024 5:07:10 AM,0.88
10066,5/11/2024 5:07:20 AM,0.90
10066,5/11/2024 5:07:30 AM,0.92
10066,5/11/2024 5:07:40 AM,0.94
10066,5/11/2024 5:07:50 AM,0.96
10066,5/11/2024 5:08:00 AM,0.97
10066,5/11/2024 5:08:10 AM,0.99
10066,5/11/2024 5:08:20 AM,1.01
10066,5/11/2024 5:08:30 AM,1.03
10066,5/11/2024 5:08:40 AM,1.05
10066,5/11/2024 5:08:50 AM,1.07
10066,5/11/2024 5:09:00 AM,1.09
10066,5/11/2024 5:09:10 AM,1.11
10066,5/11/2024 5:09:20 AM,1.13
10066,5/11/2024 5:09:30 AM,1.15
10066,5/11/2024 5:09:40 AM,1.16
10066,5/11/2024 5:09:50 AM,1.18
10066,5/11/2024 5:10:00 AM,1.20
10066,5/11/2024 5:10:10 AM,1.22
10066,5/11/2024 5:10:20 AM,1.24
10066,5/11/2024 5:10:30 AM,1.26
10066,5/11/2024 5:10:40 AM,1.28
10066,5/11/2024 5:10:50 AM,1.30
10066,5/11/2024 5:11:00 AM,1.32
10066,5/11/2024 5:11:10 AM,1.34
10066,5/11/2024 5:11:20 AM,1.35
10066,5/11/2024 5:11:30 AM,1.37
10066,5/11/2024 5:11:40 AM,1.39
10066,5/11/2024 5:11:50 AM,1.41
10066,5/11/2024 5:12:00 AM,1.43
10066,5/11/2024 5:12:10 AM,1.45
10066,5/11/2024 5:12:20 AM,1.47
10066,5/11/2024 5:12:30 AM,1.49
10066,5/11/2024 5:12:40 AM,1.51
10066,5/11/2024 5:12:50 AM,1.52
10066,5/11/2024 5:13:00 AM,1.54
10066,5/11/2024 5:13:10 AM,1.56
10066,5/11/2024 5:13:20 AM,1.58
10066,5/11/2024 5:13:30 AM,1.60
10066,5/11/2024 5:13:40 AM,1.62
10066,5/11/2024 5:13:50 AM,1.64
10066,5/11/2024 5:14:00 AM,1.66
10066,5/11/2024 5:14:10 AM,1.68
10066,5/11/2024 5:14:20 AM,1.70
10066,5/11/2024 5:14:30 AM,1.71
10066,5/11/2024 5:14:40 AM,1.73
10066,5/11/2024 5:14:50 AM,1.75
10066,5/11/2024 5:15:00 AM,1.77
10066,5/11/2024 5:15:10 AM,1.79
10066,5/11/2024 5:15:20 AM,1.75
10066,5/11/2024 5:15:30 AM,1.64
10066,5/11/2024 5:15:40 AM,1.54
10066,5/11/2024 5:15:50 AM,1.43
10066,5/11/2024 5:16:00 AM,1.33
10066,5/11/2024 5:16:10 AM,1.22
10066,5/11/2024 5:16:20 AM,1.11
10066,5/11/2024 5:16:30 AM,1.01
10066,5/11/2024 5:16:40 AM,0.90
10066,5/11/2024 5:16:50 AM,0.80
10066,5/11/2024 5:17:00 AM,0.69
10066,5/11/2024 5:17:10 AM,0.59
10066,5/11/2024 5:17:20 AM,0.48
10066,5/11/2024 5:17:30 AM,0.37
10066,5/11/2024 5:17:40 AM,0.27
10066,5/11/2024 5:17:50 AM,0.16
10066,5/11/2024 5:18:00 AM,0.06
10066,5/11/2024 5:18:10 AM,-0.05
10066,5/11/2024 5:18:20 AM,-0.16
10066,5/11/2024 5:18:30 AM,-0.26
10066,5/11/2024 5:18:40 AM,-0.37
10066,5/11/2024 5:18:50 AM,-0.17
10066,5/11/2024 5:19:00 AM,0.16
10066,5/11/2024 5:19:10 AM,0.50
10066,5/11/2024 5:19:20 AM,0.64
10066,5/11/2024 5:19:30 AM,0.69
10066,5/11/2024 5:19:40 AM,0.74
10066,5/11/2024 5:19:50 AM,0.80
10066,5/11/2024 5:20:00 AM,0.85
10066,5/11/2024 5:20:10 AM,0.90
10066,5/11/2024 5:20:20 AM,0.95
10066,5/11/2024 5:20:30 AM,1.01
10066,5/11/2024 5:20:40 AM,1.06
10066,5/11/2024 5:20:50 AM,1.11
10066,5/11/2024 5:21:00 AM,1.17
10066,5/11/2024 5:21:10 AM,1.22
10066,5/11/2024 5:21:20 AM,1.27
10066,5/11/2024 5:21:30 AM,1.32
10066,5/11/2024 5:21:40 AM,1.38
10066,5/11/2024 5:21:50 AM,1.43
10066,5/11/2024 5:22:00 AM,1.48
10066,5/11/2024 5:22:10 AM,1.45
10066,5/11/2024 5:22:20 AM,1.38
10066,5/11/2024 5:22:30 AM,1.31
10066,5/11/2024 5:22:40 AM,1.24
10066,5/11/2024 5:22:50 AM,1.17
10066,5/11/2024 5:23:00 AM,1.10
10066,5/11/2024 5:23:10 AM,1.03
10066,5/11/2024 5:23:20 AM,0.96
10066,5/11/2024 5:23:30 AM,0.89
10066,5/11/2024 5:23:40 AM,0.82
10066,5/11/2024 5:23:50 AM,1.04
10066,5/11/2024 5:24:00 AM,1.39
10066,5/11/2024 5:24:10 AM,1.31
10066,5/11/2024 5:24:20 AM,1.04
10066,5/11/2024 5:24:30 AM,0.76
10066,5/11/2024 5:24:40 AM,0.49
10066,5/11/2024 5:24:50 AM,0.49
10066,5/11/2024 5:25:00 AM,0.63
10066,5/11/2024 5:25:10 AM,0.77
10066,5/11/2024 5:25:20 AM,0.90
10066,5/11/2024 5:25:30 AM,1.04
10066,5/11/2024 5:25:40 AM,1.17
10066,5/11/2024 5:25:50 AM,1.31
10066,5/11/2024 5:26:00 AM,1.45
10066,5/11/2024 5:26:10 AM,1.58
10066,5/11/2024 5:26:20 AM,1.72
10066,5/11/2024 5:26:30 AM,1.86
10066,5/11/2024 5:26:40 AM,1.79
10066,5/11/2024 5:26:50 AM,1.64
10066,5/11/2024 5:27:00 AM,1.48
10066,5/11/2024 5:27:10 AM,1.33
10066,5/11/2024 5:27:20 AM,1.17
10066,5/11/2024 5:27:30 AM,1.02
10066,5/11/2024 5:27:40 AM,0.86
10066,5/11/2024 5:27:50 AM,0.71
10066,5/11/2024 5:28:00 AM,0.55
10066,5/11/2024 5:28:10 AM,0.60
10066,5/11/2024 5:28:20 AM,0.74
10066,5/11/2024 5:28:30 AM,0.88
10066,5/11/2024 5:28:40 AM,1.03
10066,5/11/2024 5:28:50 AM,1.17
10066,5/11/2024 5:29:00 AM,1.31
10066,5/11/2024 5:29:10 AM,1.45
10066,5/11/2024 5:29:20 AM,1.41
10066,5/11/2024 5:29:30 AM,1.27
10066,5/11/2024 5:29:40 AM,1.13
10066,5/11/2024 5:29:50 AM,1.00
10066,5/11/2024 5:30:00 AM,0.86
10066,5/11/2024 5:30:10 AM,0.72
10066,5/11/2024 5:30:20 AM,0.58
10066,5/11/2024 5:30:30 AM,0.44
10066,5/11/2024 5:30:40 AM,0.59
10066,5/11/2024 5:30:50 AM,0.86
10066,5/11/2024 5:31:00 AM,1.14
10066,5/11/2024 5:31:10 AM,1.41
10066,5/11/2024 5:31:20 AM,1.50
10066,5/11/2024 5:31:30 AM,1.50
10066,5/11/2024 5:31:40 AM,1.50
10066,5/11/2024 5:31:50 AM,1.50
10066,5/11/2024 5:32:00 AM,1.49
10066,5/11/2024 5:32:10 AM,1.49
10066,5/11/2024 5:32:20 AM,1.49
10066,5/11/2024 5:32:30 AM,1.49
10066,5/11/2024 5:32:40 AM,1.49
10066,5/11/2024 5:32:50 AM,1.49
10066,5/11/2024 5:33:00 AM,1.49
10066,5/11/2024 5:33:10 AM,1.49
10066,5/11/2024 5:33:20 AM,1.49
10066,5/11/2024 5:33:30 AM,1.48
10066,5/11/2024 5:33:40 AM,1.48
10066,5/11/2024 5:33:50 AM,1.48
10066,5/11/2024 5:34:00 AM,1.48
10066,5/11/2024 5:34:10 AM,1.48
10066,5/11/2024 5:34:20 AM,1.48
10066,5/11/2024 5:34:30 AM,1.48
10066,5/11/2024 5:34:40 AM,1.48
10066,5/11/2024 5:34:50 AM,1.47
10066,5/11/2024 5:35:00 AM,1.47
10066,5/11/2024 5:35:10 AM,1.47
10066,5/11/2024 5:35:20 AM,1.47
10066,5/11/2024 5:35:30 AM,1.47
10066,5/11/2024 5:35:40 AM,1.47
10066,5/11/2024 5:35:50 AM,1.47
10066,5/11/2024 5:36:00 AM,1.47
10066,5/11/2024 5:36:10 AM,1.47
10066,5/11/2024 5:36:20 AM,1.46
10066,5/11/2024 5:36:30 AM,1.46
10066,5/11/2024 5:36:40 AM,1.46
10066,5/11/2024 5:36:50 AM,1.46
10066,5/11/2024 5:37:00 AM,1.46
10066,5/11/2024 5:37:10 AM,1.46
10066,5/11/2024 5:37:20 AM,1.46
10066,5/11/2024 5:37:30 AM,1.46
10066,5/11/2024 5:37:40 AM,1.45
10066,5/11/2024 5:37:50 AM,1.45
10066,5/11/2024 5:38:00 AM,1.45
10066,5/11/2024 5:38:10 AM,1.45
10066,5/11/2024 5:38:20 AM,1.45
10066,5/11/2024 5:38:30 AM,1.45
10066,5/11/2024 5:38:40 AM,1.45
10066,5/11/2024 5:38:50 AM,1.45
10066,5/11/2024 5:39:00 AM,1.45
10066,5/11/2024 5:39:10 AM,1.44
10066,5/11/2024 5:39:20 AM,1.44
10066,5/11/2024 5:39:30 AM,1.44
10066,5/11/2024 5:39:40 AM,1.44
10066,5/11/2024 5:39:50 AM,1.44
10066,5/11/2024 5:40:00 AM,1.44
10066,5/11/2024 5:40:10 AM,1.44
10066,5/11/2024 5:40:20 AM,1.44
10066,5/11/2024 5:40:30 AM,1.43
10066,5/11/2024 5:40:40 AM,1.43
10066,5/11/2024 5:40:50 AM,1.43
10066,5/11/2024 5:41:00 AM,1.43
10066,5/11/2024 5:41:10 AM,1.43
10066,5/11/2024 5:41:20 AM,1.43
10066,5/11/2024 5:41:30 AM,1.43
10066,5/11/2024 5:41:40 AM,1.43
10066,5/11/2024 5:41:50 AM,1.42
10066,5/11/2024 5:42:00 AM,1.42
10066,5/11/2024 5:42:10 AM,1.42
10066,5/11/2024 5:42:20 AM,1.42
10066,5/11/2024 5:42:30 AM,1.42
10066,5/11/2024 5:42:40 AM,1.42
10066,5/11/2024 5:42:50 AM,1.42
10066,5/11/2024 5:43:00 AM,1.42
10066,5/11/2024 5:43:10 AM,1.42
10066,5/11/2024 5:43:20 AM,1.41
10066,5/11/2024 5:43:30 AM,1.41
10066,5/11/2024 5:43:40 AM,1.41
10066,5/11/2024 5:43:50 AM,1.41
10066,5/11/2024 5:44:00 AM,1.41
10066,5/11/2024 5:44:10 AM,1.41
10066,5/11/2024 5:44:20 AM,1.41
10066,5/11/2024 5:44:30 AM,1.41
10066,5/11/2024 5:44:40 AM,1.40
10066,5/11/2024 5:44:50 AM,1.40
10066,5/11/2024 5:45:00 AM,1.40
10066,5/11/2024 5:45:10 AM,1.40
10066,5/11/2024 5:45:20 AM,1.42
10066,5/11/2024 5:45:30 AM,1.46
10066,5/11/2024 5:45:40 AM,1.50
10066,5/11/2024 5:45:50 AM,1.54
10066,5/11/2024 5:46:00 AM,1.58
10066,5/11/2024 5:46:10 AM,1.62
10066,5/11/2024 5:46:20 AM,1.66
10066,5/11/2024 5:46:30 AM,1.70
10066,5/11/2024 5:46:40 AM,1.74
10066,5/11/2024 5:46:50 AM,1.77
10066,5/11/2024 5:47:00 AM,1.81
10066,5/11/2024 5:47:10 AM,1.85
10066,5/11/2024 5:47:20 AM,1.89
10066,5/11/2024 5:47:30 AM,1.93
10066,5/11/2024 5:47:40 AM,1.97
10066,5/11/2024 5:47:50 AM,2.01
10066,5/11/2024 5:48:00 AM,2.05
10066,5/11/2024 5:48:10 AM,2.09
10066,5/11/2024 5:48:20 AM,2.13
10066,5/11/2024 5:48:30 AM,2.17
10066,5/11/2024 5:48:40 AM,2.21
10066,5/11/2024 5:48:50 AM,2.25
10066,5/11/2024 5:49:00 AM,2.29
10066,5/11/2024 5:49:10 AM,2.22
10066,5/11/2024 5:49:20 AM,2.09
10066,5/11/2024 5:49:30 AM,1.96
10066,5/11/2024 5:49:40 AM,1.83
10066,5/11/2024 5:49:50 AM,1.71
10066,5/11/2024 5:50:00 AM,1.58
10066,5/11/2024 5:50:10 AM,1.45
10066,5/11/2024 5:50:20 AM,1.32
10066,5/11/2024 5:50:30 AM,1.20
10066,5/11/2024 5:50:40 AM,1.07
10066,5/11/2024 5:50:50 AM,0.94
10066,5/11/2024 5:51:00 AM,1.06
10066,5/11/2024 5:51:10 AM,1.29
10066,5/11/2024 5:51:20 AM,1.52
10066,5/11/2024 5:51:30 AM,1.58
10066,5/11/2024 5:51:40 AM,1.54
10066,5/11/2024 5:51:50 AM,1.51
10066,5/11/2024 5:52:00 AM,1.47
10066,5/11/2024 5:52:10 AM,1.43
10066,5/11/2024 5:52:20 AM,1.40
10066,5/11/2024 5:52:30 AM,1.36
10066,5/11/2024 5:52:40 AM,1.33
10066,5/11/2024 5:52:50 AM,1.29
10066,5/11/2024 5:53:00 AM,1.26
10066,5/11/2024 5:53:10 AM,1.22
10066,5/11/2024 5:53:20 AM,1.18
10066,5/11/2024 5:53:30 AM,1.15
10066,5/11/2024 5:53:40 AM,1.11
10066,5/11/2024 5:53:50 AM,1.08
10066,5/11/2024 5:54:00 AM,1.04
10066,5/11/2024 5:54:10 AM,1.00
10066,5/11/2024 5:54:20 AM,0.97
10066,5/11/2024 5:54:30 AM,0.93
10066,5/11/2024 5:54:40 AM,0.90
10066,5/11/2024 5:54:50 AM,0.86
10066,5/11/2024 5:55:00 AM,0.83
10066,5/11/2024 5:55:10 AM,0.79
10066,5/11/2024 5:55:20 AM,0.75
10066,5/11/2024 5:55:30 AM,0.72
10066,5/11/2024 5:55:40 AM,0.68
10066,5/11/2024 5:55:50 AM,0.65
10066,5/11/2024 5:56:00 AM,0.61
10066,5/11/2024 5:56:10 AM,0.58
10066,5/11/2024 5:56:20 AM,0.54
10066,5/11/2024 5:56:30 AM,0.50
10066,5/11/2024 5:56:40 AM,0.47
10066,5/11/2024 5:56:50 AM,0.43
10066,5/11/2024 5:57:00 AM,0.40
10066,5/11/2024 5:57:10 AM,0.36
10066,5/11/2024 5:57:20 AM,0.33
10066,5/11/2024 5:57:30 AM,0.29
10066,5/11/2024 5:57:40 AM,0.25
10066,5/11/2024 5:57:50 AM,0.22
10066,5/11/2024 5:58:00 AM,0.18
10066,5/11/2024 5:58:10 AM,0.15
10066,5/11/2024 5:58:20 AM,0.11
10066,5/11/2024 5:58:30 AM,0.23
10066,5/11/2024 5:58:40 AM,0.41
10066,5/11/2024 5:58:50 AM,0.59
10066,5/11/2024 5:59:00 AM,0.78
10066,5/11/2024 5:59:10 AM,0.96
10066,5/11/2024 5:59:20 AM,1.14
10066,5/11/2024 5:59:30 AM,1.10
10066,5/11/2024 5:59:40 AM,0.95
10066,5/11/2024 5:59:50 AM,0.80
10066,5/11/2024 6:00:00 AM,0.66
10066,5/11/2024 6:00:10 AM,0.51
10066,5/11/2024 6:00:20 AM,0.43
10066,5/11/2024 6:00:30 AM,0.54
10066,5/11/2024 6:00:40 AM,0.65
10066,5/11/2024 6:00:50 AM,0.76
10066,5/11/2024 6:01:00 AM,0.87
10066,5/11/2024 6:01:10 AM,0.56
10066,5/11/2024 6:01:20 AM,0.59
10066,5/11/2024 6:01:30 AM,0.86
10066,5/11/2024 6:01:40 AM,1.14
10066,5/11/2024 6:01:50 AM,1.41
10066,5/11/2024 6:02:00 AM,1.39
10066,5/11/2024 6:02:10 AM,1.24
10066,5/11/2024 6:02:20 AM,1.08
10066,5/11/2024 6:02:30 AM,0.92
10066,5/11/2024 6:02:40 AM,0.77
10066,5/11/2024 6:02:50 AM,0.61
10066,5/11/2024 6:03:00 AM,0.45
10066,5/11/2024 6:03:10 AM,0.43
10066,5/11/2024 6:03:20 AM,0.48
10066,5/11/2024 6:03:30 AM,0.52
10066,5/11/2024 6:03:40 AM,0.57
10066,5/11/2024 6:03:50 AM,0.61
10066,5/11/2024 6:04:00 AM,0.66
10066,5/11/2024 6:04:10 AM,0.70
10066,5/11/2024 6:04:20 AM,0.75
10066,5/11/2024 6:04:30 AM,0.79
10066,5/11/2024 6:04:40 AM,0.84
10066,5/11/2024 6:04:50 AM,0.88
10066,5/11/2024 6:05:00 AM,0.93
10066,5/11/2024 6:05:10 AM,0.97
10066,5/11/2024 6:05:20 AM,1.02
10066,5/11/2024 6:05:30 AM,1.06
10066,5/11/2024 6:05:40 AM,1.11
10066,5/11/2024 6:05:50 AM,1.15
10066,5/11/2024 6:06:00 AM,1.20
10066,5/11/2024 6:06:10 AM,1.24
10066,5/11/2024 6:06:20 AM,1.29
10066,5/11/2024 6:06:30 AM,1.28
10066,5/11/2024 6:06:40 AM,1.24
10066,5/11/2024 6:06:50 AM,1.21
10066,5/11/2024 6:07:00 AM,1.17
10066,5/11/2024 6:07:10 AM,1.14
10066,5/11/2024 6:07:20 AM,1.10
10066,5/11/2024 6:07:30 AM,1.07
10066,5/11/2024 6:07:40 AM,1.04
10066,5/11/2024 6:07:50 AM,1.00
10066,5/11/2024 6:08:00 AM,0.97
10066,5/11/2024 6:08:10 AM,0.93
10066,5/11/2024 6:08:20 AM,0.90
10066,5/11/2024 6:08:30 AM,0.86
10066,5/11/2024 6:08:40 AM,0.83
10066,5/11/2024 6:08:50 AM,0.79
10066,5/11/2024 6:09:00 AM,0.76
10066,5/11/2024 6:09:10 AM,0.73
10066,5/11/2024 6:09:20 AM,0.69
10066,5/11/2024 6:09:30 AM,0.66
10066,5/11/2024 6:09:40 AM,0.62
10066,5/11/2024 6:09:50 AM,0.59
10066,5/11/2024 6:10:00 AM,0.55
10066,5/11/2024 6:10:10 AM,0.52
10066,5/11/2024 6:10:20 AM,0.48
10066,5/11/2024 6:10:30 AM,0.45
10066,5/11/2024 6:10:40 AM,0.41
10066,5/11/2024 6:10:50 AM,0.38
10066,5/11/2024 6:11:00 AM,0.35
10066,5/11/2024 6:11:10 AM,0.31
10066,5/11/2024 6:11:20 AM,0.39
10066,5/11/2024 6:11:30 AM,0.53
10066,5/11/2024 6:11:40 AM,0.66
10066,5/11/2024 6:11:50 AM,0.79
10066,5/11/2024 6:12:00 AM,0.93
10066,5/11/2024 6:12:10 AM,1.06
10066,5/11/2024 6:12:20 AM,1.19
10066,5/11/2024 6:12:30 AM,1.33
10066,5/11/2024 6:12:40 AM,1.46
10066,5/11/2024 6:12:50 AM,1.32
10066,5/11/2024 6:13:00 AM,1.05
10066,5/11/2024 6:13:10 AM,0.79
10066,5/11/2024 6:13:20 AM,0.77
10066,5/11/2024 6:13:30 AM,0.87
10066,5/11/2024 6:13:40 AM,0.97
10066,5/11/2024 6:13:50 AM,1.07
10066,5/11/2024 6:14:00 AM,1.17
10066,5/11/2024 6:14:10 AM,1.27
10066,5/11/2024 6:14:20 AM,1.37
10066,5/11/2024 6:14:30 AM,1.47
10066,5/11/2024 6:14:40 AM,1.38
10066,5/11/2024 6:14:50 AM,1.20
10066,5/11/2024 6:15:00 AM,1.02
10066,5/11/2024 6:15:10 AM,0.84
10066,5/11/2024 6:15:20 AM,0.66
10066,5/11/2024 6:15:30 AM,0.81
10066,5/11/2024 6:15:40 AM,1.11
10066,5/11/2024 6:15:50 AM,1.41
10066,5/11/2024 6:16:00 AM,1.51
10066,5/11/2024 6:16:10 AM,1.52
10066,5/11/2024 6:16:20 AM,1.53
10066,5/11/2024 6:16:30 AM,1.54
10066,5/11/2024 6:16:40 AM,1.55
10066,5/11/2024 6:16:50 AM,1.56
10066,5/11/2024 6:17:00 AM,1.57
10066,5/11/2024 6:17:10 AM,1.58
10066,5/11/2024 6:17:20 AM,1.59
10066,5/11/2024 6:17:30 AM,1.60
10066,5/11/2024 6:17:40 AM,1.62
10066,5/11/2024 6:17:50 AM,1.63
10066,5/11/2024 6:18:00 AM,1.64
10066,5/11/2024 6:18:10 AM,1.65
10066,5/11/2024 6:18:20 AM,1.66
10066,5/11/2024 6:18:30 AM,1.67
10066,5/11/2024 6:18:40 AM,1.68
10066,5/11/2024 6:18:50 AM,1.69
10066,5/11/2024 6:19:00 AM,1.70
10066,5/11/2024 6:19:10 AM,1.71
10066,5/11/2024 6:19:20 AM,1.72
10066,5/11/2024 6:19:30 AM,1.73
10066,5/11/2024 6:19:40 AM,1.74
10066,5/11/2024 6:19:50 AM,1.76
10066,5/11/2024 6:20:00 AM,1.77
10066,5/11/2024 6:20:10 AM,1.78
10066,5/11/2024 6:20:20 AM,1.79
10066,5/11/2024 6:20:30 AM,1.80
10066,5/11/2024 6:20:40 AM,1.81
10066,5/11/2024 6:20:50 AM,1.82
10066,5/11/2024 6:21:00 AM,1.83
10066,5/11/2024 6:21:10 AM,1.84
10066,5/11/2024 6:21:20 AM,1.85
10066,5/11/2024 6:21:30 AM,1.86
10066,5/11/2024 6:21:40 AM,1.87
10066,5/11/2024 6:21:50 AM,1.88
10066,5/11/2024 6:22:00 AM,1.90
10066,5/11/2024 6:22:10 AM,1.91
10066,5/11/2024 6:22:20 AM,1.92
10066,5/11/2024 6:22:30 AM,1.93
10066,5/11/2024 6:22:40 AM,1.94
10066,5/11/2024 6:22:50 AM,1.95
10066,5/11/2024 6:23:00 AM,1.96
10066,5/11/2024 6:23:10 AM,1.97
10066,5/11/2024 6:23:20 AM,1.98
10066,5/11/2024 6:23:30 AM,1.99
10066,5/11/2024 6:23:40 AM,2.00
10066,5/11/2024 6:23:50 AM,2.01
10066,5/11/2024 6:24:00 AM,2.02
10066,5/11/2024 6:24:10 AM,2.04
10066,5/11/2024 6:24:20 AM,2.05
10066,5/11/2024 6:24:30 AM,2.06
10066,5/11/2024 6:24:40 AM,2.07
10066,5/11/2024 6:24:50 AM,2.08
10066,5/11/2024 6:25:00 AM,2.09
10066,5/11/2024 6:25:10 AM,2.10
10066,5/11/2024 6:25:20 AM,2.11
10066,5/11/2024 6:25:30 AM,2.12
10066,5/11/2024 6:25:40 AM,2.13
10066,5/11/2024 6:25:50 AM,2.14
10066,5/11/2024 6:26:00 AM,2.15
10066,5/11/2024 6:26:10 AM,2.16
10066,5/11/2024 6:26:20 AM,2.18
10066,5/11/2024 6:26:30 AM,2.19
10066,5/11/2024 6:26:40 AM,2.20
10066,5/11/2024 6:26:50 AM,2.02
10066,5/11/2024 6:27:00 AM,1.75
10066,5/11/2024 6:27:10 AM,1.49
10066,5/11/2024 6:27:20 AM,1.38
10066,5/11/2024 6:27:30 AM,1.35
10066,5/11/2024 6:27:40 AM,1.33
10066,5/11/2024 6:27:50 AM,1.30
10066,5/11/2024 6:28:00 AM,1.27
10066,5/11/2024 6:28:10 AM,1.24
10066,5/11/2024 6:28:20 AM,1.22
10066,5/11/2024 6:28:30 AM,1.19
10066,5/11/2024 6:28:40 AM,1.16
10066,5/11/2024 6:28:50 AM,1.13
10066,5/11/2024 6:29:00 AM,1.10
10066,5/11/2024 6:29:10 AM,1.08
10066,5/11/2024 6:29:20 AM,1.05
10066,5/11/2024 6:29:30 AM,1.02
10066,5/11/2024 6:29:40 AM,0.99
10066,5/11/2024 6:29:50 AM,0.96
10066,5/11/2024 6:30:00 AM,0.94
10066,5/11/2024 6:30:10 AM,0.91
10066,5/11/2024 6:30:20 AM,0.90
10066,5/11/2024 6:30:30 AM,0.91
10066,5/11/2024 6:30:40 AM,0.91
10066,5/11/2024 6:30:50 AM,0.91
10066,5/11/2024 6:31:00 AM,0.92
10066,5/11/2024 6:31:10 AM,0.92
10066,5/11/2024 6:31:20 AM,0.92
10066,5/11/2024 6:31:30 AM,0.93
10066,5/11/2024 6:31:40 AM,0.93
10066,5/11/2024 6:31:50 AM,0.94
10066,5/11/2024 6:32:00 AM,0.94
10066,5/11/2024 6:32:10 AM,0.94
10066,5/11/2024 6:32:20 AM,0.95
10066,5/11/2024 6:32:30 AM,0.95
10066,5/11/2024 6:32:40 AM,0.95
10066,5/11/2024 6:32:50 AM,0.96
10066,5/11/2024 6:33:00 AM,0.96
10066,5/11/2024 6:33:10 AM,0.96
10066,5/11/2024 6:33:20 AM,0.97
10066,5/11/2024 6:33:30 AM,0.97
10066,5/11/2024 6:33:40 AM,0.97
10066,5/11/2024 6:33:50 AM,0.98
10066,5/11/2024 6:34:00 AM,0.98
10066,5/11/2024 6:34:10 AM,0.99
10066,5/11/2024 6:34:20 AM,0.99
10066,5/11/2024 6:34:30 AM,0.99
10066,5/11/2024 6:34:40 AM,1.00
10066,5/11/2024 6:34:50 AM,1.00
10066,5/11/2024 6:35:00 AM,1.08
10066,5/11/2024 6:35:10 AM,1.20
10066,5/11/2024 6:35:20 AM,1.31
10066,5/11/2024 6:35:30 AM,1.43
10066,5/11/2024 6:35:40 AM,1.55
10066,5/11/2024 6:35:50 AM,1.66
10066,5/11/2024 6:36:00 AM,1.64
10066,5/11/2024 6:36:10 AM,1.54
10066,5/11/2024 6:36:20 AM,1.45
10066,5/11/2024 6:36:30 AM,1.36
10066,5/11/2024 6:36:40 AM,1.27
10066,5/11/2024 6:36:50 AM,1.17
10066,5/11/2024 6:37:00 AM,1.08
10066,5/11/2024 6:37:10 AM,0.99
10066,5/11/2024 6:37:20 AM,0.89
10066,5/11/2024 6:37:30 AM,0.80
10066,5/11/2024 6:37:40 AM,0.71
10066,5/11/2024 6:37:50 AM,0.62
10066,5/11/2024 6:38:00 AM,0.52
10066,5/11/2024 6:38:10 AM,0.43
10066,5/11/2024 6:38:20 AM,0.78
10066,5/11/2024 6:38:30 AM,1.33
10066,5/11/2024 6:38:40 AM,1.55
10066,5/11/2024 6:38:50 AM,1.62
10066,5/11/2024 6:39:00 AM,1.69
10066,5/11/2024 6:39:10 AM,1.76
10066,5/11/2024 6:39:20 AM,1.83
10066,5/11/2024 6:39:30 AM,1.91
10066,5/11/2024 6:39:40 AM,1.98
10066,5/11/2024 6:39:50 AM,2.05
10066,5/11/2024 6:40:00 AM,2.12
10066,5/11/2024 6:40:10 AM,2.19
10066,5/11/2024 6:40:20 AM,2.26
10066,5/11/2024 6:40:30 AM,2.34
10066,5/11/2024 6:40:40 AM,2.41
10066,5/11/2024 6:40:50 AM,2.48
10066,5/11/2024 6:41:00 AM,2.38
10066,5/11/2024 6:41:10 AM,2.21
10066,5/11/2024 6:41:20 AM,2.04
10066,5/11/2024 6:41:30 AM,1.87
10066,5/11/2024 6:41:40 AM,1.70
10066,5/11/2024 6:41:50 AM,1.53
10066,5/11/2024 6:42:00 AM,1.36
10066,5/11/2024 6:42:10 AM,1.19
10066,5/11/2024 6:42:20 AM,1.02
10066,5/11/2024 6:42:30 AM,0.85
10066,5/11/2024 6:42:40 AM,0.91
10066,5/11/2024 6:42:50 AM,1.07
10066,5/11/2024 6:43:00 AM,1.23
10066,5/11/2024 6:43:10 AM,1.39
10066,5/11/2024 6:43:20 AM,1.55
10066,5/11/2024 6:43:30 AM,2.42
10066,5/11/2024 6:43:40 AM,2.53
10066,5/11/2024 6:43:50 AM,2.13
10066,5/11/2024 6:44:00 AM,1.73
10066,5/11/2024 6:44:10 AM,1.70
10066,5/11/2024 6:44:20 AM,1.84
10066,5/11/2024 6:44:30 AM,1.98
10066,5/11/2024 6:44:40 AM,2.12
10066,5/11/2024 6:44:50 AM,2.26
10066,5/11/2024 6:45:00 AM,2.01
10066,5/11/2024 6:45:10 AM,1.60
10066,5/11/2024 6:45:20 AM,1.39
10066,5/11/2024 6:45:30 AM,1.72
10066,5/11/2024 6:45:40 AM,2.04
10066,5/11/2024 6:45:50 AM,2.37
10066,5/11/2024 6:46:00 AM,2.69
10066,5/11/2024 6:46:10 AM,2.69
10066,5/11/2024 6:46:20 AM,2.52
10066,5/11/2024 6:46:30 AM,2.35
10066,5/11/2024 6:46:40 AM,2.19
10066,5/11/2024 6:46:50 AM,2.02
10066,5/11/2024 6:47:00 AM,1.85
10066,5/11/2024 6:47:10 AM,1.69
10066,5/11/2024 6:47:20 AM,1.52
10066,5/11/2024 6:47:30 AM,1.35
10066,5/11/2024 6:47:40 AM,1.19
10066,5/11/2024 6:47:50 AM,1.02
10066,5/11/2024 6:48:00 AM,0.85
10066,5/11/2024 6:48:10 AM,0.69
10066,5/11/2024 6:48:20 AM,0.52
10066,5/11/2024 6:48:30 AM,0.35
10066,5/11/2024 6:48:40 AM,0.56
10066,5/11/2024 6:48:50 AM,0.93
10066,5/11/2024 6:49:00 AM,1.31
10066,5/11/2024 6:49:10 AM,1.69
10066,5/11/2024 6:49:20 AM,2.07
10066,5/11/2024 6:49:30 AM,2.44
10066,5/11/2024 6:49:40 AM,2.82
10066,5/11/2024 6:49:50 AM,3.20
10066,5/11/2024 6:50:00 AM,3.58
10066,5/11/2024 6:50:10 AM,3.42
10066,5/11/2024 6:50:20 AM,3.00
10066,5/11/2024 6:50:30 AM,2.59
10066,5/11/2024 6:50:40 AM,2.17
10066,5/11/2024 6:50:50 AM,1.75
10066,5/11/2024 6:51:00 AM,1.34
10066,5/11/2024 6:51:10 AM,1.05
10066,5/11/2024 6:51:20 AM,0.83
10066,5/11/2024 6:51:30 AM,0.61
10066,5/11/2024 6:51:40 AM,0.39
10066,5/11/2024 6:51:50 AM,0.17
10066,5/11/2024 6:52:00 AM,0.23
10066,5/11/2024 6:52:10 AM,0.41
10066,5/11/2024 6:52:20 AM,0.60
10066,5/11/2024 6:52:30 AM,0.78
10066,5/11/2024 6:52:40 AM,0.97
10066,5/11/2024 6:52:50 AM,1.15
10066,5/11/2024 6:53:00 AM,1.34
10066,5/11/2024 6:53:10 AM,1.53
10066,5/11/2024 6:53:20 AM,1.71
10066,5/11/2024 6:53:30 AM,1.90
10066,5/11/2024 6:53:40 AM,2.08
10066,5/11/2024 6:53:50 AM,2.27
10066,5/11/2024 6:54:00 AM,2.45
10066,5/11/2024 6:54:10 AM,2.64
10066,5/11/2024 6:54:20 AM,2.95
10066,5/11/2024 6:54:30 AM,3.31
10066,5/11/2024 6:54:40 AM,3.68
10066,5/11/2024 6:54:50 AM,3.44
10066,5/11/2024 6:55:00 AM,2.92
10066,5/11/2024 6:55:10 AM,2.39
10066,5/11/2024 6:55:20 AM,1.86
10066,5/11/2024 6:55:30 AM,1.87
10066,5/11/2024 6:55:40 AM,2.12
10066,5/11/2024 6:55:50 AM,2.37
10066,5/11/2024 6:56:00 AM,2.62
10066,5/11/2024 6:56:10 AM,2.87
10066,5/11/2024 6:56:20 AM,3.12
10066,5/11/2024 6:56:30 AM,3.37
10066,5/11/2024 6:56:40 AM,3.62
10066,5/11/2024 6:56:50 AM,3.44
10066,5/11/2024 6:57:00 AM,3.06
10066,5/11/2024 6:57:10 AM,2.67
10066,5/11/2024 6:57:20 AM,2.29
10066,5/11/2024 6:57:30 AM,1.90
10066,5/11/2024 6:57:40 AM,1.52
10066,5/11/2024 6:57:50 AM,1.38
10066,5/11/2024 6:58:00 AM,1.34
10066,5/11/2024 6:58:10 AM,1.30
10066,5/11/2024 6:58:20 AM,1.27
10066,5/11/2024 6:58:30 AM,1.23
10066,5/11/2024 6:58:40 AM,1.19
10066,5/11/2024 6:58:50 AM,1.16
10066,5/11/2024 6:59:00 AM,1.12
10066,5/11/2024 6:59:10 AM,1.08
10066,5/11/2024 6:59:20 AM,1.05
10066,5/11/2024 6:59:30 AM,1.01
10066,5/11/2024 6:59:40 AM,0.98
10066,5/11/2024 6:59:50 AM,0.94
10066,5/11/2024 7:00:00 AM,0.90
10066,5/11/2024 7:00:10 AM,0.87
10066,5/11/2024 7:00:20 AM,0.83
10066,5/11/2024 7:00:30 AM,0.79
10066,5/11/2024 7:00:40 AM,0.76
10066,5/11/2024 7:00:50 AM,0.72
10066,5/11/2024 7:01:00 AM,0.69
10066,5/11/2024 7:01:10 AM,0.65
10066,5/11/2024 7:01:20 AM,0.61
10066,5/11/2024 7:01:30 AM,1.14
10066,5/11/2024 7:01:40 AM,1.34
10066,5/11/2024 7:01:50 AM,1.25
10066,5/11/2024 7:02:00 AM,1.16
10066,5/11/2024 7:02:10 AM,1.07
10066,5/11/2024 7:02:20 AM,0.98
10066,5/11/2024 7:02:30 AM,0.90
10066,5/11/2024 7:02:40 AM,0.81
10066,5/11/2024 7:02:50 AM,0.72
10066,5/11/2024 7:03:00 AM,0.63
10066,5/11/2024 7:03:10 AM,0.75
10066,5/11/2024 7:03:20 AM,0.97
10066,5/11/2024 7:03:30 AM,1.19
10066,5/11/2024 7:03:40 AM,1.41
10066,5/11/2024 7:03:50 AM,1.63
10066,5/11/2024 7:04:00 AM,1.53
10066,5/11/2024 7:04:10 AM,1.29
10066,5/11/2024 7:04:20 AM,1.04
10066,5/11/2024 7:04:30 AM,0.80
10066,5/11/2024 7:04:40 AM,0.55
10066,5/11/2024 7:04:50 AM,0.31
10066,5/11/2024 7:05:00 AM,0.06
10066,5/11/2024 7:05:10 AM,-0.19
10066,5/11/2024 7:05:20 AM,-0.43
10066,5/11/2024 7:05:30 AM,-0.68
10066,5/11/2024 7:05:40 AM,-0.92
10066,5/11/2024 7:05:50 AM,-0.71
10066,5/11/2024 7:06:00 AM,-0.29
10066,5/11/2024 7:06:10 AM,0.14
10066,5/11/2024 7:06:20 AM,0.56
10066,5/11/2024 7:06:30 AM,0.60
10066,5/11/2024 7:06:40 AM,0.45
10066,5/11/2024 7:06:50 AM,0.30
10066,5/11/2024 7:07:00 AM,0.15
10066,5/11/2024 7:07:10 AM,0.00
10066,5/11/2024 7:07:20 AM,-0.15
10066,5/11/2024 7:07:30 AM,-0.30
10066,5/11/2024 7:07:40 AM,-0.45
10066,5/11/2024 7:07:50 AM,-0.38
10066,5/11/2024 7:08:00 AM,-0.21
10066,5/11/2024 7:08:10 AM,-0.04
10066,5/11/2024 7:08:20 AM,0.13
10066,5/11/2024 7:08:30 AM,0.31
10066,5/11/2024 7:08:40 AM,0.48
10066,5/11/2024 7:08:50 AM,0.65
10066,5/11/2024 7:09:00 AM,0.82
10066,5/11/2024 7:09:10 AM,1.00
10066,5/11/2024 7:09:20 AM,1.17
10066,5/11/2024 7:09:30 AM,1.34
10066,5/11/2024 7:09:40 AM,1.51
10066,5/11/2024 7:09:50 AM,1.69
10066,5/11/2024 7:10:00 AM,1.86
10066,5/11/2024 7:10:10 AM,2.03
10066,5/11/2024 7:10:20 AM,2.20
10066,5/11/2024 7:10:30 AM,2.37
10066,5/11/2024 7:10:40 AM,2.55
10066,5/11/2024 7:10:50 AM,2.51
10066,5/11/2024 7:11:00 AM,2.38
10066,5/11/2024 7:11:10 AM,2.24
10066,5/11/2024 7:11:20 AM,2.11
10066,5/11/2024 7:11:30 AM,1.98
10066,5/11/2024 7:11:40 AM,1.84
10066,5/11/2024 7:11:50 AM,1.71
10066,5/11/2024 7:12:00 AM,1.58
10066,5/11/2024 7:12:10 AM,1.44
10066,5/11/2024 7:12:20 AM,1.31
10066,5/11/2024 7:12:30 AM,1.18
10066,5/11/2024 7:12:40 AM,1.04
10066,5/11/2024 7:12:50 AM,1.82
10066,5/11/2024 7:13:00 AM,2.18
10066,5/11/2024 7:13:10 AM,2.15
10066,5/11/2024 7:13:20 AM,2.12
10066,5/11/2024 7:13:30 AM,2.10
10066,5/11/2024 7:13:40 AM,2.07
10066,5/11/2024 7:13:50 AM,2.04
10066,5/11/2024 7:14:00 AM,2.01
10066,5/11/2024 7:14:10 AM,1.98
10066,5/11/2024 7:14:20 AM,1.96
10066,5/11/2024 7:14:30 AM,1.93
10066,5/11/2024 7:14:40 AM,1.90
10066,5/11/2024 7:14:50 AM,1.87
10066,5/11/2024 7:15:00 AM,1.84
10066,5/11/2024 7:15:10 AM,1.81
10066,5/11/2024 7:15:20 AM,1.69
10066,5/11/2024 7:15:30 AM,1.46
10066,5/11/2024 7:15:40 AM,1.23
10066,5/11/2024 7:15:50 AM,1.00
10066,5/11/2024 7:16:00 AM,0.77
10066,5/11/2024 7:16:10 AM,0.90
10066,5/11/2024 7:16:20 AM,1.21
10066,5/11/2024 7:16:30 AM,1.51
10066,5/11/2024 7:16:40 AM,1.40
10066,5/11/2024 7:16:50 AM,1.10
10066,5/11/2024 7:17:00 AM,0.80
10066,5/11/2024 7:17:10 AM,0.92
10066,5/11/2024 7:17:20 AM,1.25
10066,5/11/2024 7:17:30 AM,1.57
10066,5/11/2024 7:17:40 AM,1.90
10066,5/11/2024 7:17:50 AM,1.89
10066,5/11/2024 7:18:00 AM,1.73
10066,5/11/2024 7:18:10 AM,1.56
10066,5/11/2024 7:18:20 AM,1.40
10066,5/11/2024 7:18:30 AM,1.24
10066,5/11/2024 7:18:40 AM,1.08
10066,5/11/2024 7:18:50 AM,0.91
10066,5/11/2024 7:19:00 AM,0.75
10066,5/11/2024 7:19:10 AM,0.72
10066,5/11/2024 7:19:20 AM,0.74
10066,5/11/2024 7:19:30 AM,0.77
10066,5/11/2024 7:19:40 AM,0.79
10066,5/11/2024 7:19:50 AM,0.82
10066,5/11/2024 7:20:00 AM,0.85
10066,5/11/2024 7:20:10 AM,0.87
10066,5/11/2024 7:20:20 AM,0.90
10066,5/11/2024 7:20:30 AM,0.92
10066,5/11/2024 7:20:40 AM,0.95
10066,5/11/2024 7:20:50 AM,0.97
10066,5/11/2024 7:21:00 AM,1.00
10066,5/11/2024 7:21:10 AM,1.02
10066,5/11/2024 7:21:20 AM,1.05
10066,5/11/2024 7:21:30 AM,1.08
10066,5/11/2024 7:21:40 AM,1.10
10066,5/11/2024 7:21:50 AM,1.13
10066,5/11/2024 7:22:00 AM,1.15
10066,5/11/2024 7:22:10 AM,1.18
10066,5/11/2024 7:22:20 AM,1.20
10066,5/11/2024 7:22:30 AM,1.23
10066,5/11/2024 7:22:40 AM,1.25
10066,5/11/2024 7:22:50 AM,1.28
10066,5/11/2024 7:23:00 AM,1.31
10066,5/11/2024 7:23:10 AM,1.33
10066,5/11/2024 7:23:20 AM,1.36
10066,5/11/2024 7:23:30 AM,1.38
10066,5/11/2024 7:23:40 AM,1.41
10066,5/11/2024 7:23:50 AM,1.43
10066,5/11/2024 7:24:00 AM,1.46
10066,5/11/2024 7:24:10 AM,1.48
10066,5/11/2024 7:24:20 AM,1.51
10066,5/11/2024 7:24:30 AM,1.53
10066,5/11/2024 7:24:40 AM,1.56
10066,5/11/2024 7:24:50 AM,1.59
10066,5/11/2024 7:25:00 AM,1.61
10066,5/11/2024 7:25:10 AM,1.64
10066,5/11/2024 7:25:20 AM,1.66
10066,5/11/2024 7:25:30 AM,1.69
10066,5/11/2024 7:25:40 AM,1.71
10066,5/11/2024 7:25:50 AM,1.74
10066,5/11/2024 7:26:00 AM,1.76
10066,5/11/2024 7:26:10 AM,1.79
10066,5/11/2024 7:26:20 AM,1.82
10066,5/11/2024 7:26:30 AM,1.84
10066,5/11/2024 7:26:40 AM,1.87
10066,5/11/2024 7:26:50 AM,1.89
10066,5/11/2024 7:27:00 AM,1.76
10066,5/11/2024 7:27:10 AM,1.56
10066,5/11/2024 7:27:20 AM,1.36
10066,5/11/2024 7:27:30 AM,1.16
10066,5/11/2024 7:27:40 AM,0.96
10066,5/11/2024 7:27:50 AM,0.76
10066,5/11/2024 7:28:00 AM,0.85
10066,5/11/2024 7:28:10 AM,1.07
10066,5/11/2024 7:28:20 AM,1.29
10066,5/11/2024 7:28:30 AM,1.51
10066,5/11/2024 7:28:40 AM,1.73
10066,5/11/2024 7:28:50 AM,1.64
10066,5/11/2024 7:29:00 AM,1.40
10066,5/11/2024 7:29:10 AM,1.16
10066,5/11/2024 7:29:20 AM,0.92
10066,5/11/2024 7:29:30 AM,0.68
10066,5/11/2024 7:29:40 AM,0.94
10066,5/11/2024 7:29:50 AM,1.44
10066,5/11/2024 7:30:00 AM,1.57
10066,5/11/2024 7:30:10 AM,1.52
10066,5/11/2024 7:30:20 AM,1.47
10066,5/11/2024 7:30:30 AM,1.42
10066,5/11/2024 7:30:40 AM,1.37
10066,5/11/2024 7:30:50 AM,1.32
10066,5/11/2024 7:31:00 AM,1.27
10066,5/11/2024 7:31:10 AM,1.22
10066,5/11/2024 7:31:20 AM,1.17
10066,5/11/2024 7:31:30 AM,1.12
10066,5/11/2024 7:31:40 AM,1.07
10066,5/11/2024 7:31:50 AM,1.02
10066,5/11/2024 7:32:00 AM,0.97
10066,5/11/2024 7:32:10 AM,0.92
10066,5/11/2024 7:32:20 AM,0.87
10066,5/11/2024 7:32:30 AM,0.82
10066,5/11/2024 7:32:40 AM,0.77
10066,5/11/2024 7:32:50 AM,0.72
10066,5/11/2024 7:33:00 AM,0.67
10066,5/11/2024 7:33:10 AM,0.62
10066,5/11/2024 7:33:20 AM,0.71
10066,5/11/2024 7:33:30 AM,0.88
10066,5/11/2024 7:33:40 AM,1.05
10066,5/11/2024 7:33:50 AM,1.21
10066,5/11/2024 7:34:00 AM,1.38
10066,5/11/2024 7:34:10 AM,1.55
10066,5/11/2024 7:34:20 AM,1.56
10066,5/11/2024 7:34:30 AM,1.50
10066,5/11/2024 7:34:40 AM,1.44
10066,5/11/2024 7:34:50 AM,1.38
10066,5/11/2024 7:35:00 AM,1.31
10066,5/11/2024 7:35:10 AM,1.25
10066,5/11/2024 7:35:20 AM,1.19
10066,5/11/2024 7:35:30 AM,1.13
10066,5/11/2024 7:35:40 AM,1.07
10066,5/11/2024 7:35:50 AM,1.01
10066,5/11/2024 7:36:00 AM,0.95
10066,5/11/2024 7:36:10 AM,0.89
10066,5/11/2024 7:36:20 AM,0.83
10066,5/11/2024 7:36:30 AM,0.76
10066,5/11/2024 7:36:40 AM,0.70
10066,5/11/2024 7:36:50 AM,0.64
10066,5/11/2024 7:37:00 AM,0.58
10066,5/11/2024 7:37:10 AM,0.52
10066,5/11/2024 7:37:20 AM,0.55
10066,5/11/2024 7:37:30 AM,0.62
10066,5/11/2024 7:37:40 AM,0.68
10066,5/11/2024 7:37:50 AM,0.75
10066,5/11/2024 7:38:00 AM,0.82
10066,5/11/2024 7:38:10 AM,0.89
10066,5/11/2024 7:38:20 AM,0.96
10066,5/11/2024 7:38:30 AM,1.03
10066,5/11/2024 7:38:40 AM,1.10
10066,5/11/2024 7:38:50 AM,1.17
10066,5/11/2024 7:39:00 AM,1.23
10066,5/11/2024 7:39:10 AM,1.30
10066,5/11/2024 7:39:20 AM,1.37
10066,5/11/2024 7:39:30 AM,1.44
10066,5/11/2024 7:39:40 AM,1.51
10066,5/11/2024 7:39:50 AM,1.58
10066,5/11/2024 7:40:00 AM,1.51
10066,5/11/2024 7:40:10 AM,1.37
10066,5/11/2024 7:40:20 AM,1.23
10066,5/11/2024 7:40:30 AM,1.09
10066,5/11/2024 7:40:40 AM,0.96
10066,5/11/2024 7:40:50 AM,0.82
10066,5/11/2024 7:41:00 AM,0.68
10066,5/11/2024 7:41:10 AM,0.55
10066,5/11/2024 7:41:20 AM,0.58
10066,5/11/2024 7:41:30 AM,0.69
10066,5/11/2024 7:41:40 AM,0.80
10066,5/11/2024 7:41:50 AM,0.91
10066,5/11/2024 7:42:00 AM,1.02
10066,5/11/2024 7:42:10 AM,1.13
10066,5/11/2024 7:42:20 AM,1.24
10066,5/11/2024 7:42:30 AM,1.35
10066,5/11/2024 7:42:40 AM,1.46
10066,5/11/2024 7:42:50 AM,1.57
10066,5/11/2024 7:43:00 AM,1.68
10066,5/11/2024 7:43:10 AM,1.79
10066,5/11/2024 7:43:20 AM,1.90
10066,5/11/2024 7:43:30 AM,2.01
10066,5/11/2024 7:43:40 AM,2.12
10066,5/11/2024 7:43:50 AM,2.23
10066,5/11/2024 7:44:00 AM,2.34
10066,5/11/2024 7:44:10 AM,2.46
10066,5/11/2024 7:44:20 AM,2.57
10066,5/11/2024 7:44:30 AM,2.50
10066,5/11/2024 7:44:40 AM,2.35
10066,5/11/2024 7:44:50 AM,2.20
10066,5/11/2024 7:45:00 AM,2.05
10066,5/11/2024 7:45:10 AM,1.90
10066,5/11/2024 7:45:20 AM,1.75
10066,5/11/2024 7:45:30 AM,1.60
10066,5/11/2024 7:45:40 AM,1.45
10066,5/11/2024 7:45:50 AM,1.48
10066,5/11/2024 7:46:00 AM,1.59
10066,5/11/2024 7:46:10 AM,1.71
10066,5/11/2024 7:46:20 AM,1.82
10066,5/11/2024 7:46:30 AM,1.94
10066,5/11/2024 7:46:40 AM,2.05
10066,5/11/2024 7:46:50 AM,2.16
10066,5/11/2024 7:47:00 AM,1.93
10066,5/11/2024 7:47:10 AM,1.53
10066,5/11/2024 7:47:20 AM,1.34
10066,5/11/2024 7:47:30 AM,1.25
10066,5/11/2024 7:47:40 AM,1.16
10066,5/11/2024 7:47:50 AM,1.07
10066,5/11/2024 7:48:00 AM,0.97
10066,5/11/2024 7:48:10 AM,0.88
10066,5/11/2024 7:48:20 AM,0.79
10066,5/11/2024 7:48:30 AM,0.70
10066,5/11/2024 7:48:40 AM,0.61
10066,5/11/2024 7:48:50 AM,0.52
10066,5/11/2024 7:49:00 AM,0.43
10066,5/11/2024 7:49:10 AM,0.46
10066,5/11/2024 7:49:20 AM,0.55
10066,5/11/2024 7:49:30 AM,0.64
10066,5/11/2024 7:49:40 AM,0.73
10066,5/11/2024 7:49:50 AM,0.82
10066,5/11/2024 7:50:00 AM,0.91
10066,5/11/2024 7:50:10 AM,0.99
10066,5/11/2024 7:50:20 AM,1.08
10066,5/11/2024 7:50:30 AM,1.17
10066,5/11/2024 7:50:40 AM,1.17
10066,5/11/2024 7:50:50 AM,1.14
10066,5/11/2024 7:51:00 AM,1.10
10066,5/11/2024 7:51:10 AM,1.06
10066,5/11/2024 7:51:20 AM,1.02
10066,5/11/2024 7:51:30 AM,0.99
10066,5/11/2024 7:51:40 AM,0.95
10066,5/11/2024 7:51:50 AM,0.91
10066,5/11/2024 7:52:00 AM,0.87
10066,5/11/2024 7:52:10 AM,0.83
10066,5/11/2024 7:52:20 AM,0.80
10066,5/11/2024 7:52:30 AM,0.76
10066,5/11/2024 7:52:40 AM,0.72
10066,5/11/2024 7:52:50 AM,0.76
10066,5/11/2024 7:53:00 AM,0.88
10066,5/11/2024 7:53:10 AM,1.00
10066,5/11/2024 7:53:20 AM,1.11
10066,5/11/2024 7:53:30 AM,1.23
10066,5/11/2024 7:53:40 AM,1.35
10066,5/11/2024 7:53:50 AM,1.47
10066,5/11/2024 7:54:00 AM,1.59
10066,5/11/2024 7:54:10 AM,1.71
10066,5/11/2024 7:54:20 AM,1.83
10066,5/11/2024 7:54:30 AM,1.94
10066,5/11/2024 7:54:40 AM,2.06
10066,5/11/2024 7:54:50 AM,2.10
10066,5/11/2024 7:55:00 AM,2.11
10066,5/11/2024 7:55:10 AM,2.11
10066,5/11/2024 7:55:20 AM,2.12
10066,5/11/2024 7:55:30 AM,2.12
10066,5/11/2024 7:55:40 AM,2.12
10066,5/11/2024 7:55:50 AM,2.13
10066,5/11/2024 7:56:00 AM,2.13
10066,5/11/2024 7:56:10 AM,2.14
10066,5/11/2024 7:56:20 AM,2.14
10066,5/11/2024 7:56:30 AM,2.15
10066,5/11/2024 7:56:40 AM,2.15
10066,5/11/2024 7:56:50 AM,2.15
10066,5/11/2024 7:57:00 AM,2.16
10066,5/11/2024 7:57:10 AM,2.16
10066,5/11/2024 7:57:20 AM,2.17
10066,5/11/2024 7:57:30 AM,2.17
10066,5/11/2024 7:57:40 AM,2.17
10066,5/11/2024 7:57:50 AM,2.18
10066,5/11/2024 7:58:00 AM,2.18
10066,5/11/2024 7:58:10 AM,2.19
10066,5/11/2024 7:58:20 AM,2.19
10066,5/11/2024 7:58:30 AM,2.20
10066,5/11/2024 7:58:40 AM,2.20
10066,5/11/2024 7:58:50 AM,2.20
10066,5/11/2024 7:59:00 AM,2.21
10066,5/11/2024 7:59:10 AM,2.21
10066,5/11/2024 7:59:20 AM,2.22
10066,5/11/2024 7:59:30 AM,2.22
10066,5/11/2024 7:59:40 AM,2.22
10066,5/11/2024 7:59:50 AM,2.23
10066,5/11/2024 8:00:00 AM,2.23
10066,5/11/2024 8:00:10 AM,2.24
10066,5/11/2024 8:00:20 AM,2.24
10066,5/11/2024 8:00:30 AM,2.25
10066,5/11/2024 8:00:40 AM,2.25
10066,5/11/2024 8:00:50 AM,2.25
10066,5/11/2024 8:01:00 AM,2.26
10066,5/11/2024 8:01:10 AM,2.26
10066,5/11/2024 8:01:20 AM,2.27
10066,5/11/2024 8:01:30 AM,2.27
10066,5/11/2024 8:01:40 AM,2.27
10066,5/11/2024 8:01:50 AM,2.28
10066,5/11/2024 8:02:00 AM,2.28
10066,5/11/2024 8:02:10 AM,2.29
10066,5/11/2024 8:02:20 AM,2.29
10066,5/11/2024 8:02:30 AM,2.30
10066,5/11/2024 8:02:40 AM,2.30
10066,5/11/2024 8:02:50 AM,2.30
10066,5/11/2024 8:03:00 AM,2.31
10066,5/11/2024 8:03:10 AM,2.31
10066,5/11/2024 8:03:20 AM,2.32
10066,5/11/2024 8:03:30 AM,2.32
10066,5/11/2024 8:03:40 AM,2.32
10066,5/11/2024 8:03:50 AM,2.33
10066,5/11/2024 8:04:00 AM,2.33
10066,5/11/2024 8:04:10 AM,2.34
10066,5/11/2024 8:04:20 AM,2.34
10066,5/11/2024 8:04:30 AM,2.35
10066,5/11/2024 8:04:40 AM,2.35
10066,5/11/2024 8:04:50 AM,2.35
10066,5/11/2024 8:05:00 AM,2.36
10066,5/11/2024 8:05:10 AM,2.36
10066,5/11/2024 8:05:20 AM,2.37
10066,5/11/2024 8:05:30 AM,2.37
10066,5/11/2024 8:05:40 AM,2.37
10066,5/11/2024 8:05:50 AM,2.38
10066,5/11/2024 8:06:00 AM,2.38
10066,5/11/2024 8:06:10 AM,2.39
10066,5/11/2024 8:06:20 AM,2.39
10066,5/11/2024 8:06:30 AM,2.40
10066,5/11/2024 8:06:40 AM,2.40
10066,5/11/2024 8:06:50 AM,2.34
10066,5/11/2024 8:07:00 AM,2.25
10066,5/11/2024 8:07:10 AM,2.16
10066,5/11/2024 8:07:20 AM,2.07
10066,5/11/2024 8:07:30 AM,1.98
10066,5/11/2024 8:07:40 AM,1.89
10066,5/11/2024 8:07:50 AM,1.80
10066,5/11/2024 8:08:00 AM,1.71
10066,5/11/2024 8:08:10 AM,1.62
10066,5/11/2024 8:08:20 AM,1.53
10066,5/11/2024 8:08:30 AM,1.44
10066,5/11/2024 8:08:40 AM,1.36
10066,5/11/2024 8:08:50 AM,1.27
10066,5/11/2024 8:09:00 AM,1.18
10066,5/11/2024 8:09:10 AM,1.09
10066,5/11/2024 8:09:20 AM,1.00
10066,5/11/2024 8:09:30 AM,0.91
10066,5/11/2024 8:09:40 AM,0.82
10066,5/11/2024 8:09:50 AM,0.73
10066,5/11/2024 8:10:00 AM,0.80
10066,5/11/2024 8:10:10 AM,0.95
10066,5/11/2024 8:10:20 AM,1.10
10066,5/11/2024 8:10:30 AM,1.25
10066,5/11/2024 8:10:40 AM,1.25
10066,5/11/2024 8:10:50 AM,1.18
10066,5/11/2024 8:11:00 AM,1.11
10066,5/11/2024 8:11:10 AM,1.04
10066,5/11/2024 8:11:20 AM,0.97
10066,5/11/2024 8:11:30 AM,0.89
10066,5/11/2024 8:11:40 AM,0.82
10066,5/11/2024 8:11:50 AM,0.96
10066,5/11/2024 8:12:00 AM,1.18
10066,5/11/2024 8:12:10 AM,1.40
10066,5/11/2024 8:12:20 AM,1.63
10066,5/11/2024 8:12:30 AM,1.71
10066,5/11/2024 8:12:40 AM,1.73
10066,5/11/2024 8:12:50 AM,1.75
10066,5/11/2024 8:13:00 AM,1.76
10066,5/11/2024 8:13:10 AM,1.78
10066,5/11/2024 8:13:20 AM,1.80
10066,5/11/2024 8:13:30 AM,1.82
10066,5/11/2024 8:13:40 AM,1.83
10066,5/11/2024 8:13:50 AM,1.85
10066,5/11/2024 8:14:00 AM,1.87
10066,5/11/2024 8:14:10 AM,1.89
10066,5/11/2024 8:14:20 AM,1.90
10066,5/11/2024 8:14:30 AM,1.92
10066,5/11/2024 8:14:40 AM,1.94
10066,5/11/2024 8:14:50 AM,1.96
10066,5/11/2024 8:15:00 AM,1.97
10066,5/11/2024 8:15:10 AM,1.99
10066,5/11/2024 8:15:20 AM,2.04
10066,5/11/2024 8:15:30 AM,2.11
10066,5/11/2024 8:15:40 AM,2.19
10066,5/11/2024 8:15:50 AM,2.26
10066,5/11/2024 8:16:00 AM,2.33
10066,5/11/2024 8:16:10 AM,2.41
10066,5/11/2024 8:16:20 AM,2.48
10066,5/11/2024 8:16:30 AM,2.56
10066,5/11/2024 8:16:40 AM,2.63
10066,5/11/2024 8:16:50 AM,2.71
10066,5/11/2024 8:17:00 AM,2.78
10066,5/11/2024 8:17:10 AM,2.86
10066,5/11/2024 8:17:20 AM,2.93
10066,5/11/2024 8:17:30 AM,3.01
10066,5/11/2024 8:17:40 AM,3.08
10066,5/11/2024 8:17:50 AM,3.15
10066,5/11/2024 8:18:00 AM,3.23
10066,5/11/2024 8:18:10 AM,3.30
10066,5/11/2024 8:18:20 AM,3.38
10066,5/11/2024 8:18:30 AM,3.45
10066,5/11/2024 8:18:40 AM,3.53
10066,5/11/2024 8:18:50 AM,3.60
10066,5/11/2024 8:19:00 AM,3.68
10066,5/11/2024 8:19:10 AM,3.58
10066,5/11/2024 8:19:20 AM,3.40
10066,5/11/2024 8:19:30 AM,3.23
10066,5/11/2024 8:19:40 AM,3.05
10066,5/11/2024 8:19:50 AM,2.87
10066,5/11/2024 8:20:00 AM,2.70
10066,5/11/2024 8:20:10 AM,2.52
10066,5/11/2024 8:20:20 AM,2.35
10066,5/11/2024 8:20:30 AM,2.17
10066,5/11/2024 8:20:40 AM,1.99
10066,5/11/2024 8:20:50 AM,1.82
10066,5/11/2024 8:21:00 AM,1.64
10066,5/11/2024 8:21:10 AM,1.46
10066,5/11/2024 8:21:20 AM,1.29
10066,5/11/2024 8:21:30 AM,1.11
10066,5/11/2024 8:21:40 AM,0.93
10066,5/11/2024 8:21:50 AM,0.76
10066,5/11/2024 8:22:00 AM,1.02
10066,5/11/2024 8:22:10 AM,1.49
10066,5/11/2024 8:22:20 AM,1.95
10066,5/11/2024 8:22:30 AM,2.17
10066,5/11/2024 8:22:40 AM,2.27
10066,5/11/2024 8:22:50 AM,2.37
10066,5/11/2024 8:23:00 AM,2.47
10066,5/11/2024 8:23:10 AM,2.57
10066,5/11/2024 8:23:20 AM,2.67
10066,5/11/2024 8:23:30 AM,2.77
10066,5/11/2024 8:23:40 AM,2.87
10066,5/11/2024 8:23:50 AM,2.97
10066,5/11/2024 8:24:00 AM,3.07
10066,5/11/2024 8:24:10 AM,3.17
10066,5/11/2024 8:24:20 AM,2.99
10066,5/11/2024 8:24:30 AM,2.68
10066,5/11/2024 8:24:40 AM,2.38
10066,5/11/2024 8:24:50 AM,2.07
10066,5/11/2024 8:25:00 AM,1.76
10066,5/11/2024 8:25:10 AM,1.45
10066,5/11/2024 8:25:20 AM,1.14
10066,5/11/2024 8:25:30 AM,0.83
10066,5/11/2024 8:25:40 AM,0.52
10066,5/11/2024 8:25:50 AM,0.21
10066,5/11/2024 8:26:00 AM,-0.09
10066,5/11/2024 8:26:10 AM,-0.40
10066,5/11/2024 8:26:20 AM,0.32
10066,5/11/2024 8:26:30 AM,1.53
10066,5/11/2024 8:26:40 AM,1.88
10066,5/11/2024 8:26:50 AM,1.86
10066,5/11/2024 8:27:00 AM,1.83
10066,5/11/2024 8:27:10 AM,1.80
10066,5/11/2024 8:27:20 AM,1.77
10066,5/11/2024 8:27:30 AM,1.75
10066,5/11/2024 8:27:40 AM,1.72
10066,5/11/2024 8:27:50 AM,1.69
10066,5/11/2024 8:28:00 AM,1.67
10066,5/11/2024 8:28:10 AM,1.64
10066,5/11/2024 8:28:20 AM,1.61
10066,5/11/2024 8:28:30 AM,1.59
10066,5/11/2024 8:28:40 AM,1.56
10066,5/11/2024 8:28:50 AM,1.53
10066,5/11/2024 8:29:00 AM,1.51
10066,5/11/2024 8:29:10 AM,1.48
10066,5/11/2024 8:29:20 AM,1.45
10066,5/11/2024 8:29:30 AM,1.42
10066,5/11/2024 8:29:40 AM,1.40
10066,5/11/2024 8:29:50 AM,1.37
10066,5/11/2024 8:30:00 AM,1.34
10066,5/11/2024 8:30:10 AM,1.32
10066,5/11/2024 8:30:20 AM,1.29
10066,5/11/2024 8:30:30 AM,1.26
10066,5/11/2024 8:30:40 AM,1.24
10066,5/11/2024 8:30:50 AM,1.21
10066,5/11/2024 8:31:00 AM,1.06
10066,5/11/2024 8:31:10 AM,0.86
10066,5/11/2024 8:31:20 AM,0.66
10066,5/11/2024 8:31:30 AM,0.46
10066,5/11/2024 8:31:40 AM,0.26
10066,5/11/2024 8:31:50 AM,0.06
10066,5/11/2024 8:32:00 AM,-0.14
10066,5/11/2024 8:32:10 AM,-0.03
10066,5/11/2024 8:32:20 AM,0.22
10066,5/11/2024 8:32:30 AM,0.47
10066,5/11/2024 8:32:40 AM,0.72
10066,5/11/2024 8:32:50 AM,0.82
10066,5/11/2024 8:33:00 AM,0.84
10066,5/11/2024 8:33:10 AM,0.87
10066,5/11/2024 8:33:20 AM,0.89
10066,5/11/2024 8:33:30 AM,0.92
10066,5/11/2024 8:33:40 AM,0.95
10066,5/11/2024 8:33:50 AM,0.97
10066,5/11/2024 8:34:00 AM,1.00
10066,5/11/2024 8:34:10 AM,1.02
10066,5/11/2024 8:34:20 AM,1.05
10066,5/11/2024 8:34:30 AM,1.07
10066,5/11/2024 8:34:40 AM,1.10
10066,5/11/2024 8:34:50 AM,1.12
10066,5/11/2024 8:35:00 AM,1.15
10066,5/11/2024 8:35:10 AM,1.18
10066,5/11/2024 8:35:20 AM,1.20
10066,5/11/2024 8:35:30 AM,1.23
10066,5/11/2024 8:35:40 AM,1.25
10066,5/11/2024 8:35:50 AM,1.28
10066,5/11/2024 8:36:00 AM,1.30
10066,5/11/2024 8:36:10 AM,1.33
10066,5/11/2024 8:36:20 AM,1.35
10066,5/11/2024 8:36:30 AM,1.38
10066,5/11/2024 8:36:40 AM,1.41
10066,5/11/2024 8:36:50 AM,1.43
10066,5/11/2024 8:37:00 AM,1.46
10066,5/11/2024 8:37:10 AM,1.48
10066,5/11/2024 8:37:20 AM,1.51
10066,5/11/2024 8:37:30 AM,1.53
10066,5/11/2024 8:37:40 AM,1.56
10066,5/11/2024 8:37:50 AM,1.58
10066,5/11/2024 8:38:00 AM,1.61
10066,5/11/2024 8:38:10 AM,1.64
10066,5/11/2024 8:38:20 AM,1.66
10066,5/11/2024 8:38:30 AM,1.69
10066,5/11/2024 8:38:40 AM,1.71
10066,5/11/2024 8:38:50 AM,1.74
10066,5/11/2024 8:39:00 AM,1.76
10066,5/11/2024 8:39:10 AM,1.79
10066,5/11/2024 8:39:20 AM,1.81
10066,5/11/2024 8:39:30 AM,1.84
10066,5/11/2024 8:39:40 AM,1.86
10066,5/11/2024 8:39:50 AM,1.89
10066,5/11/2024 8:40:00 AM,1.92
10066,5/11/2024 8:40:10 AM,1.94
10066,5/11/2024 8:40:20 AM,1.97
10066,5/11/2024 8:40:30 AM,1.99
10066,5/11/2024 8:40:40 AM,2.13
10066,5/11/2024 8:40:50 AM,2.31
10066,5/11/2024 8:41:00 AM,2.49
10066,5/11/2024 8:41:10 AM,2.67
10066,5/11/2024 8:41:20 AM,2.85
10066,5/11/2024 8:41:30 AM,3.03
10066,5/11/2024 8:41:40 AM,3.22
10066,5/11/2024 8:41:50 AM,3.40
10066,5/11/2024 8:42:00 AM,3.58
10066,5/11/2024 8:42:10 AM,3.76
10066,5/11/2024 8:42:20 AM,3.94
10066,5/11/2024 8:42:30 AM,3.89
10066,5/11/2024 8:42:40 AM,3.74
10066,5/11/2024 8:42:50 AM,3.58
10066,5/11/2024 8:43:00 AM,3.42
10066,5/11/2024 8:43:10 AM,3.26
10066,5/11/2024 8:43:20 AM,3.11
10066,5/11/2024 8:43:30 AM,2.95
10066,5/11/2024 8:43:40 AM,2.79
10066,5/11/2024 8:43:50 AM,2.64
10066,5/11/2024 8:44:00 AM,2.48
10066,5/11/2024 8:44:10 AM,2.32
10066,5/11/2024 8:44:20 AM,2.16
10066,5/11/2024 8:44:30 AM,2.01
10066,5/11/2024 8:44:40 AM,1.85
10066,5/11/2024 8:44:50 AM,1.84
10066,5/11/2024 8:45:00 AM,1.91
10066,5/11/2024 8:45:10 AM,1.97
10066,5/11/2024 8:45:20 AM,1.83
10066,5/11/2024 8:45:30 AM,1.47
10066,5/11/2024 8:45:40 AM,1.11
10066,5/11/2024 8:45:50 AM,1.12
10066,5/11/2024 8:46:00 AM,1.30
10066,5/11/2024 8:46:10 AM,1.48
10066,5/11/2024 8:46:20 AM,1.66
10066,5/11/2024 8:46:30 AM,1.84
10066,5/11/2024 8:46:40 AM,1.80
10066,5/11/2024 8:46:50 AM,1.65
10066,5/11/2024 8:47:00 AM,1.50
10066,5/11/2024 8:47:10 AM,1.35
10066,5/11/2024 8:47:20 AM,1.20
10066,5/11/2024 8:47:30 AM,1.05
10066,5/11/2024 8:47:40 AM,0.90
10066,5/11/2024 8:47:50 AM,0.75
10066,5/11/2024 8:48:00 AM,0.60
10066,5/11/2024 8:48:10 AM,0.45
10066,5/11/2024 8:48:20 AM,0.30
10066,5/11/2024 8:48:30 AM,0.15
10066,5/11/2024 8:48:40 AM,0.00
10066,5/11/2024 8:48:50 AM,-0.15
10066,5/11/2024 8:49:00 AM,-0.12
10066,5/11/2024 8:49:10 AM,-0.01
10066,5/11/2024 8:49:20 AM,0.10
10066,5/11/2024 8:49:30 AM,0.21
10066,5/11/2024 8:49:40 AM,0.32
10066,5/11/2024 8:49:50 AM,0.43
10066,5/11/2024 8:50:00 AM,0.54
10066,5/11/2024 8:50:10 AM,0.65
10066,5/11/2024 8:50:20 AM,0.77
10066,5/11/2024 8:50:30 AM,0.88
10066,5/11/2024 8:50:40 AM,0.99
10066,5/11/2024 8:50:50 AM,1.10
10066,5/11/2024 8:51:00 AM,1.21
10066,5/11/2024 8:51:10 AM,1.32
10066,5/11/2024 8:51:20 AM,1.43
10066,5/11/2024 8:51:30 AM,1.54
10066,5/11/2024 8:51:40 AM,1.65
10066,5/11/2024 8:51:50 AM,1.77
10066,5/11/2024 8:52:00 AM,1.46
10066,5/11/2024 8:52:10 AM,0.96
10066,5/11/2024 8:52:20 AM,0.94
10066,5/11/2024 8:52:30 AM,1.14
10066,5/11/2024 8:52:40 AM,1.34
10066,5/11/2024 8:52:50 AM,1.54
10066,5/11/2024 8:53:00 AM,1.74
10066,5/11/2024 8:53:10 AM,1.94
10066,5/11/2024 8:53:20 AM,1.93
10066,5/11/2024 8:53:30 AM,1.82
10066,5/11/2024 8:53:40 AM,1.71
10066,5/11/2024 8:53:50 AM,1.60
10066,5/11/2024 8:54:00 AM,1.49
10066,5/11/2024 8:54:10 AM,1.38
10066,5/11/2024 8:54:20 AM,1.27
10066,5/11/2024 8:54:30 AM,1.16
10066,5/11/2024 8:54:40 AM,1.05
10066,5/11/2024 8:54:50 AM,0.94
10066,5/11/2024 8:55:00 AM,0.97
10066,5/11/2024 8:55:10 AM,1.08
10066,5/11/2024 8:55:20 AM,1.19
10066,5/11/2024 8:55:30 AM,1.30
10066,5/11/2024 8:55:40 AM,1.41
10066,5/11/2024 8:55:50 AM,1.52
10066,5/11/2024 8:56:00 AM,1.63
10066,5/11/2024 8:56:10 AM,1.74
10066,5/11/2024 8:56:20 AM,1.84
10066,5/11/2024 8:56:30 AM,1.95
10066,5/11/2024 8:56:40 AM,2.06
10066,5/11/2024 8:56:50 AM,2.17
10066,5/11/2024 8:57:00 AM,2.28
10066,5/11/2024 8:57:10 AM,2.39
10066,5/11/2024 8:57:20 AM,2.50
10066,5/11/2024 8:57:30 AM,2.61
10066,5/11/2024 8:57:40 AM,2.71
10066,5/11/2024 8:57:50 AM,2.82
10066,5/11/2024 8:58:00 AM,2.93
10066,5/11/2024 8:58:10 AM,3.04
10066,5/11/2024 8:58:20 AM,3.15
10066,5/11/2024 8:58:30 AM,3.26
10066,5/11/2024 8:58:40 AM,3.37
10066,5/11/2024 8:58:50 AM,3.29
10066,5/11/2024 8:59:00 AM,3.13
10066,5/11/2024 8:59:10 AM,2.97
10066,5/11/2024 8:59:20 AM,2.81
10066,5/11/2024 8:59:30 AM,2.65
10066,5/11/2024 8:59:40 AM,2.49
10066,5/11/2024 8:59:50 AM,2.33
10066,5/11/2024 9:00:00 AM,2.17
10066,5/11/2024 9:00:10 AM,2.01
10066,5/11/2024 9:00:20 AM,1.85
10066,5/11/2024 9:00:30 AM,1.88
10066,5/11/2024 9:00:40 AM,1.98
10066,5/11/2024 9:00:50 AM,2.09
10066,5/11/2024 9:01:00 AM,2.20
10066,5/11/2024 9:01:10 AM,2.31
10066,5/11/2024 9:01:20 AM,2.42
10066,5/11/2024 9:01:30 AM,2.53
10066,5/11/2024 9:01:40 AM,2.64
10066,5/11/2024 9:01:50 AM,2.75
10066,5/11/2024 9:02:00 AM,2.86
10066,5/11/2024 9:02:10 AM,2.96
10066,5/11/2024 9:02:20 AM,2.98
10066,5/11/2024 9:02:30 AM,2.96
10066,5/11/2024 9:02:40 AM,2.94
10066,5/11/2024 9:02:50 AM,2.91
10066,5/11/2024 9:03:00 AM,2.89
10066,5/11/2024 9:03:10 AM,2.87
10066,5/11/2024 9:03:20 AM,2.84
10066,5/11/2024 9:03:30 AM,2.82
10066,5/11/2024 9:03:40 AM,2.79
10066,5/11/2024 9:03:50 AM,2.77
10066,5/11/2024 9:04:00 AM,2.75
10066,5/11/2024 9:04:10 AM,2.72
10066,5/11/2024 9:04:20 AM,2.70
10066,5/11/2024 9:04:30 AM,2.67
10066,5/11/2024 9:04:40 AM,2.65
10066,5/11/2024 9:04:50 AM,2.63
10066,5/11/2024 9:05:00 AM,2.60
10066,5/11/2024 9:05:10 AM,2.58
10066,5/11/2024 9:05:20 AM,2.56
10066,5/11/2024 9:05:30 AM,2.53
10066,5/11/2024 9:05:40 AM,2.51
10066,5/11/2024 9:05:50 AM,2.56
10066,5/11/2024 9:06:00 AM,2.65
10066,5/11/2024 9:06:10 AM,2.74
10066,5/11/2024 9:06:20 AM,2.82
10066,5/11/2024 9:06:30 AM,2.91
10066,5/11/2024 9:06:40 AM,3.00
10066,5/11/2024 9:06:50 AM,3.08
10066,5/11/2024 9:07:00 AM,3.17
10066,5/11/2024 9:07:10 AM,3.11
10066,5/11/2024 9:07:20 AM,2.98
10066,5/11/2024 9:07:30 AM,2.84
10066,5/11/2024 9:07:40 AM,2.71
10066,5/11/2024 9:07:50 AM,2.58
10066,5/11/2024 9:08:00 AM,2.44
10066,5/11/2024 9:08:10 AM,2.88
10066,5/11/2024 9:08:20 AM,2.86
10066,5/11/2024 9:08:30 AM,2.51
10066,5/11/2024 9:08:40 AM,2.16
10066,5/11/2024 9:08:50 AM,1.81
10066,5/11/2024 9:09:00 AM,1.46
10066,5/11/2024 9:09:10 AM,1.11
10066,5/11/2024 9:09:20 AM,0.90
10066,5/11/2024 9:09:30 AM,0.75
10066,5/11/2024 9:09:40 AM,0.60
10066,5/11/2024 9:09:50 AM,0.45
10066,5/11/2024 9:10:00 AM,0.30
10066,5/11/2024 9:10:10 AM,0.15
10066,5/11/2024 9:10:20 AM,0.48
10066,5/11/2024 9:10:30 AM,1.02
10066,5/11/2024 9:10:40 AM,1.17
10066,5/11/2024 9:10:50 AM,1.12
10066,5/11/2024 9:11:00 AM,1.07
10066,5/11/2024 9:11:10 AM,1.03
10066,5/11/2024 9:11:20 AM,0.98
10066,5/11/2024 9:11:30 AM,0.93
10066,5/11/2024 9:11:40 AM,0.88
10066,5/11/2024 9:11:50 AM,0.84
10066,5/11/2024 9:12:00 AM,0.79
10066,5/11/2024 9:12:10 AM,0.74
10066,5/11/2024 9:12:20 AM,0.69
10066,5/11/2024 9:12:30 AM,0.64
10066,5/11/2024 9:12:40 AM,0.60
10066,5/11/2024 9:12:50 AM,0.55
10066,5/11/2024 9:13:00 AM,0.50
10066,5/11/2024 9:13:10 AM,0.45
10066,5/11/2024 9:13:20 AM,0.41
10066,5/11/2024 9:13:30 AM,0.36
10066,5/11/2024 9:13:40 AM,0.31
10066,5/11/2024 9:13:50 AM,0.26
10066,5/11/2024 9:14:00 AM,0.22
10066,5/11/2024 9:14:10 AM,0.13
10066,5/11/2024 9:14:20 AM,0.04
10066,5/11/2024 9:14:30 AM,-0.06
10066,5/11/2024 9:14:40 AM,-0.16
10066,5/11/2024 9:14:50 AM,-0.26
10066,5/11/2024 9:15:00 AM,-0.35
10066,5/11/2024 9:15:10 AM,-0.45
10066,5/11/2024 9:15:20 AM,-0.41
10066,5/11/2024 9:15:30 AM,-0.24
10066,5/11/2024 9:15:40 AM,-0.06
10066,5/11/2024 9:15:50 AM,0.12
10066,5/11/2024 9:16:00 AM,0.29
10066,5/11/2024 9:16:10 AM,0.47
10066,5/11/2024 9:16:20 AM,0.64
10066,5/11/2024 9:16:30 AM,0.54
10066,5/11/2024 9:16:40 AM,0.30
10066,5/11/2024 9:16:50 AM,0.06
10066,5/11/2024 9:17:00 AM,-0.18
10066,5/11/2024 9:17:10 AM,-0.42
10066,5/11/2024 9:17:20 AM,-0.41
10066,5/11/2024 9:17:30 AM,-0.28
10066,5/11/2024 9:17:40 AM,-0.14
10066,5/11/2024 9:17:50 AM,-0.01
10066,5/11/2024 9:18:00 AM,0.12
10066,5/11/2024 9:18:10 AM,0.26
10066,5/11/2024 9:18:20 AM,0.39
10066,5/11/2024 9:18:30 AM,0.53
10066,5/11/2024 9:18:40 AM,0.66
10066,5/11/2024 9:18:50 AM,0.49
10066,5/11/2024 9:19:00 AM,0.20
10066,5/11/2024 9:19:10 AM,-0.10
10066,5/11/2024 9:19:20 AM,0.21
10066,5/11/2024 9:19:30 AM,0.13
10066,5/11/2024 9:19:40 AM,-0.27
10066,5/11/2024 9:19:50 AM,-0.67
10066,5/11/2024 9:20:00 AM,-0.56
10066,5/11/2024 9:20:10 AM,-0.21
10066,5/11/2024 9:20:20 AM,0.14
10066,5/11/2024 9:20:30 AM,0.49
10066,5/11/2024 9:20:40 AM,0.58
10066,5/11/2024 9:20:50 AM,0.55
10066,5/11/2024 9:21:00 AM,0.53
10066,5/11/2024 9:21:10 AM,0.50
10066,5/11/2024 9:21:20 AM,0.47
10066,5/11/2024 9:21:30 AM,0.45
10066,5/11/2024 9:21:40 AM,0.42
10066,5/11/2024 9:21:50 AM,0.39
10066,5/11/2024 9:22:00 AM,0.36
10066,5/11/2024 9:22:10 AM,0.34
10066,5/11/2024 9:22:20 AM,0.31
10066,5/11/2024 9:22:30 AM,0.28
10066,5/11/2024 9:22:40 AM,0.25
10066,5/11/2024 9:22:50 AM,0.23
10066,5/11/2024 9:23:00 AM,0.20
10066,5/11/2024 9:23:10 AM,0.17
10066,5/11/2024 9:23:20 AM,0.15
10066,5/11/2024 9:23:30 AM,0.12
10066,5/11/2024 9:23:40 AM,0.09
10066,5/11/2024 9:23:50 AM,0.06
10066,5/11/2024 9:24:00 AM,0.04
10066,5/11/2024 9:24:10 AM,0.01
10066,5/11/2024 9:24:20 AM,-0.02
10066,5/11/2024 9:24:30 AM,-0.05
10066,5/11/2024 9:24:40 AM,-0.07
10066,5/11/2024 9:24:50 AM,-0.10
10066,5/11/2024 9:25:00 AM,-0.13
10066,5/11/2024 9:25:10 AM,-0.16
10066,5/11/2024 9:25:20 AM,-0.18
10066,5/11/2024 9:25:30 AM,-0.21
10066,5/11/2024 9:25:40 AM,-0.24
10066,5/11/2024 9:25:50 AM,-0.26
10066,5/11/2024 9:26:00 AM,-0.29
10066,5/11/2024 9:26:10 AM,-0.19
10066,5/11/2024 9:26:20 AM,-0.03
10066,5/11/2024 9:26:30 AM,0.14
10066,5/11/2024 9:26:40 AM,0.30
10066,5/11/2024 9:26:50 AM,0.47
10066,5/11/2024 9:27:00 AM,0.63
10066,5/11/2024 9:27:10 AM,0.79
10066,5/11/2024 9:27:20 AM,0.96
10066,5/11/2024 9:27:30 AM,1.12
10066,5/11/2024 9:27:40 AM,1.29
10066,5/11/2024 9:27:50 AM,1.45
10066,5/11/2024 9:28:00 AM,1.48
10066,5/11/2024 9:28:10 AM,1.46
10066,5/11/2024 9:28:20 AM,1.43
10066,5/11/2024 9:28:30 AM,1.41
10066,5/11/2024 9:28:40 AM,1.38
10066,5/11/2024 9:28:50 AM,1.36
10066,5/11/2024 9:29:00 AM,1.33
10066,5/11/2024 9:29:10 AM,1.31
10066,5/11/2024 9:29:20 AM,1.28
10066,5/11/2024 9:29:30 AM,1.26
10066,5/11/2024 9:29:40 AM,1.23
10066,5/11/2024 9:29:50 AM,1.21
10066,5/11/2024 9:30:00 AM,1.18
10066,5/11/2024 9:30:10 AM,1.16
10066,5/11/2024 9:30:20 AM,1.13
10066,5/11/2024 9:30:30 AM,1.11
10066,5/11/2024 9:30:40 AM,1.08
10066,5/11/2024 9:30:50 AM,1.06
10066,5/11/2024 9:31:00 AM,1.03
10066,5/11/2024 9:31:10 AM,1.01
10066,5/11/2024 9:31:20 AM,0.98
10066,5/11/2024 9:31:30 AM,0.96
10066,5/11/2024 9:31:40 AM,0.93
10066,5/11/2024 9:31:50 AM,0.91
10066,5/11/2024 9:32:00 AM,0.88
10066,5/11/2024 9:32:10 AM,0.86
10066,5/11/2024 9:32:20 AM,0.83
10066,5/11/2024 9:32:30 AM,0.81
10066,5/11/2024 9:32:40 AM,0.78
10066,5/11/2024 9:32:50 AM,0.76
10066,5/11/2024 9:33:00 AM,0.73
10066,5/11/2024 9:33:10 AM,0.71
10066,5/11/2024 9:33:20 AM,0.68
10066,5/11/2024 9:33:30 AM,0.66
10066,5/11/2024 9:33:40 AM,0.63
10066,5/11/2024 9:33:50 AM,0.61
10066,5/11/2024 9:34:00 AM,0.58
10066,5/11/2024 9:34:10 AM,0.56
10066,5/11/2024 9:34:20 AM,0.53
10066,5/11/2024 9:34:30 AM,0.51
10066,5/11/2024 9:34:40 AM,0.75
10066,5/11/2024 9:34:50 AM,1.12
10066,5/11/2024 9:35:00 AM,1.49
10066,5/11/2024 9:35:10 AM,1.54
10066,5/11/2024 9:35:20 AM,1.44
10066,5/11/2024 9:35:30 AM,1.35
10066,5/11/2024 9:35:40 AM,1.26
10066,5/11/2024 9:35:50 AM,1.17
10066,5/11/2024 9:36:00 AM,1.07
10066,5/11/2024 9:36:10 AM,0.98
10066,5/11/2024 9:36:20 AM,0.89
10066,5/11/2024 9:36:30 AM,0.79
10066,5/11/2024 9:36:40 AM,0.70
10066,5/11/2024 9:36:50 AM,0.61
10066,5/11/2024 9:37:00 AM,0.52
10066,5/11/2024 9:37:10 AM,0.42
10066,5/11/2024 9:37:20 AM,0.33
10066,5/11/2024 9:37:30 AM,0.42
10066,5/11/2024 9:37:40 AM,0.59
10066,5/11/2024 9:37:50 AM,0.77
10066,5/11/2024 9:38:00 AM,0.95
10066,5/11/2024 9:38:10 AM,1.12
10066,5/11/2024 9:38:20 AM,1.30
10066,5/11/2024 9:38:30 AM,1.47
10066,5/11/2024 9:38:40 AM,1.65
10066,5/11/2024 9:38:50 AM,1.25
10066,5/11/2024 9:39:00 AM,0.60
10066,5/11/2024 9:39:10 AM,0.57
10066,5/11/2024 9:39:20 AM,0.82
10066,5/11/2024 9:39:30 AM,1.07
10066,5/11/2024 9:39:40 AM,1.32
10066,5/11/2024 9:39:50 AM,1.57
10066,5/11/2024 9:40:00 AM,1.82
10066,5/11/2024 9:40:10 AM,2.07
10066,5/11/2024 9:40:20 AM,2.32
10066,5/11/2024 9:40:30 AM,2.08
10066,5/11/2024 9:40:40 AM,1.60
10066,5/11/2024 9:40:50 AM,1.13
10066,5/11/2024 9:41:00 AM,0.65
10066,5/11/2024 9:41:10 AM,0.62
10066,5/11/2024 9:41:20 AM,0.79
10066,5/11/2024 9:41:30 AM,0.95
10066,5/11/2024 9:41:40 AM,1.12
10066,5/11/2024 9:41:50 AM,1.29
10066,5/11/2024 9:42:00 AM,1.46
10066,5/11/2024 9:42:10 AM,1.63
10066,5/11/2024 9:42:20 AM,1.80
10066,5/11/2024 9:42:30 AM,1.97
10066,5/11/2024 9:42:40 AM,2.14
10066,5/11/2024 9:42:50 AM,2.31
10066,5/11/2024 9:43:00 AM,2.48
10066,5/11/2024 9:43:10 AM,2.65
10066,5/11/2024 9:43:20 AM,2.29
10066,5/11/2024 9:43:30 AM,1.69
10066,5/11/2024 9:43:40 AM,1.09
10066,5/11/2024 9:43:50 AM,0.98
10066,5/11/2024 9:44:00 AM,1.11
10066,5/11/2024 9:44:10 AM,1.23
10066,5/11/2024 9:44:20 AM,1.35
10066,5/11/2024 9:44:30 AM,1.47
10066,5/11/2024 9:44:40 AM,1.60
10066,5/11/2024 9:44:50 AM,1.72
10066,5/11/2024 9:45:00 AM,1.84
10066,5/11/2024 9:45:10 AM,1.96
10066,5/11/2024 9:45:20 AM,1.96
10066,5/11/2024 9:45:30 AM,1.89
10066,5/11/2024 9:45:40 AM,1.82
10066,5/11/2024 9:45:50 AM,1.76
10066,5/11/2024 9:46:00 AM,1.69
10066,5/11/2024 9:46:10 AM,1.63
10066,5/11/2024 9:46:20 AM,1.56
10066,5/11/2024 9:46:30 AM,1.50
10066,5/11/2024 9:46:40 AM,1.43
10066,5/11/2024 9:46:50 AM,1.37
10066,5/11/2024 9:47:00 AM,1.30
10066,5/11/2024 9:47:10 AM,1.24
10066,5/11/2024 9:47:20 AM,1.17
10066,5/11/2024 9:47:30 AM,1.11
10066,5/11/2024 9:47:40 AM,1.04
10066,5/11/2024 9:47:50 AM,0.97
10066,5/11/2024 9:48:00 AM,0.91
10066,5/11/2024 9:48:10 AM,0.84
10066,5/11/2024 9:48:20 AM,0.78
10066,5/11/2024 9:48:30 AM,0.71
10066,5/11/2024 9:48:40 AM,0.65
10066,5/11/2024 9:48:50 AM,0.58
10066,5/11/2024 9:49:00 AM,0.52
10066,5/11/2024 9:49:10 AM,0.45
10066,5/11/2024 9:49:20 AM,0.39
10066,5/11/2024 9:49:30 AM,0.32
10066,5/11/2024 9:49:40 AM,0.48
10066,5/11/2024 9:49:50 AM,0.74
10066,5/11/2024 9:50:00 AM,1.00
10066,5/11/2024 9:50:10 AM,1.26
10066,5/11/2024 9:50:20 AM,1.52
10066,5/11/2024 9:50:30 AM,1.35
10066,5/11/2024 9:50:40 AM,0.98
10066,5/11/2024 9:50:50 AM,0.62
10066,5/11/2024 9:51:00 AM,0.62
10066,5/11/2024 9:51:10 AM,0.79
10066,5/11/2024 9:51:20 AM,0.96
10066,5/11/2024 9:51:30 AM,1.14
10066,5/11/2024 9:51:40 AM,1.31
10066,5/11/2024 9:51:50 AM,1.48
10066,5/11/2024 9:52:00 AM,1.66
10066,5/11/2024 9:52:10 AM,1.83
10066,5/11/2024 9:52:20 AM,2.00
10066,5/11/2024 9:52:30 AM,2.17
10066,5/11/2024 9:52:40 AM,2.35
10066,5/11/2024 9:52:50 AM,2.04
10066,5/11/2024 9:53:00 AM,1.51
10066,5/11/2024 9:53:10 AM,0.99
10066,5/11/2024 9:53:20 AM,0.46
10066,5/11/2024 9:53:30 AM,0.45
10066,5/11/2024 9:53:40 AM,0.67
10066,5/11/2024 9:53:50 AM,0.89
10066,5/11/2024 9:54:00 AM,1.11
10066,5/11/2024 9:54:10 AM,1.33
10066,5/11/2024 9:54:20 AM,1.37
10066,5/11/2024 9:54:30 AM,1.32
10066,5/11/2024 9:54:40 AM,1.27
10066,5/11/2024 9:54:50 AM,1.22
10066,5/11/2024 9:55:00 AM,1.17
10066,5/11/2024 9:55:10 AM,1.12
10066,5/11/2024 9:55:20 AM,1.07
10066,5/11/2024 9:55:30 AM,1.02
10066,5/11/2024 9:55:40 AM,0.97
10066,5/11/2024 9:55:50 AM,0.92
10066,5/11/2024 9:56:00 AM,0.87
10066,5/11/2024 9:56:10 AM,0.82
10066,5/11/2024 9:56:20 AM,0.77
10066,5/11/2024 9:56:30 AM,0.72
10066,5/11/2024 9:56:40 AM,0.67
10066,5/11/2024 9:56:50 AM,0.62
10066,5/11/2024 9:57:00 AM,0.57
10066,5/11/2024 9:57:10 AM,0.52
10066,5/11/2024 9:57:20 AM,0.47
10066,5/11/2024 9:57:30 AM,0.42
10066,5/11/2024 9:57:40 AM,0.37
10066,5/11/2024 9:57:50 AM,0.32
10066,5/11/2024 9:58:00 AM,0.27
10066,5/11/2024 9:58:10 AM,0.22
10066,5/11/2024 9:58:20 AM,0.17
10066,5/11/2024 9:58:30 AM,0.12
10066,5/11/2024 9:58:40 AM,0.25
10066,5/11/2024 9:58:50 AM,0.47
10066,5/11/2024 9:59:00 AM,0.68
10066,5/11/2024 9:59:10 AM,0.90
10066,5/11/2024 9:59:20 AM,1.12
10066,5/11/2024 9:59:30 AM,1.33
10066,5/11/2024 9:59:40 AM,1.34
10066,5/11/2024 9:59:50 AM,1.26
10066,5/11/2024 10:00:00 AM,1.17
10066,5/11/2024 10:00:10 AM,1.09
10066,5/11/2024 10:00:20 AM,1.00
10066,5/11/2024 10:00:30 AM,0.92
10066,5/11/2024 10:00:40 AM,0.83
10066,5/11/2024 10:00:50 AM,0.75
10066,5/11/2024 10:01:00 AM,0.67
10066,5/11/2024 10:01:10 AM,0.58
10066,5/11/2024 10:01:20 AM,0.50
10066,5/11/2024 10:01:30 AM,0.41
10066,5/11/2024 10:01:40 AM,0.33
10066,5/11/2024 10:01:50 AM,0.35
10066,5/11/2024 10:02:00 AM,0.43
10066,5/11/2024 10:02:10 AM,0.51
10066,5/11/2024 10:02:20 AM,0.60
10066,5/11/2024 10:02:30 AM,0.68
10066,5/11/2024 10:02:40 AM,0.76
10066,5/11/2024 10:02:50 AM,0.84
10066,5/11/2024 10:03:00 AM,0.92
10066,5/11/2024 10:03:10 AM,1.00
10066,5/11/2024 10:03:20 AM,1.08
10066,5/11/2024 10:03:30 AM,1.16
10066,5/11/2024 10:03:40 AM,1.24
10066,5/11/2024 10:03:50 AM,1.32
10066,5/11/2024 10:04:00 AM,1.40
10066,5/11/2024 10:04:10 AM,1.48
10066,5/11/2024 10:04:20 AM,1.45
10066,5/11/2024 10:04:30 AM,1.37
10066,5/11/2024 10:04:40 AM,1.30
10066,5/11/2024 10:04:50 AM,1.22
10066,5/11/2024 10:05:00 AM,1.15
10066,5/11/2024 10:05:10 AM,1.07
10066,5/11/2024 10:05:20 AM,1.00
10066,5/11/2024 10:05:30 AM,0.92
10066,5/11/2024 10:05:40 AM,0.85
10066,5/11/2024 10:05:50 AM,0.77
10066,5/11/2024 10:06:00 AM,0.70
10066,5/11/2024 10:06:10 AM,0.62
10066,5/11/2024 10:06:20 AM,0.55
10066,5/11/2024 10:06:30 AM,0.47
10066,5/11/2024 10:06:40 AM,0.40
10066,5/11/2024 10:06:50 AM,0.32
10066,5/11/2024 10:07:00 AM,0.55
10066,5/11/2024 10:07:10 AM,0.92
10066,5/11/2024 10:07:20 AM,1.28
10066,5/11/2024 10:07:30 AM,1.38
10066,5/11/2024 10:07:40 AM,1.35
10066,5/11/2024 10:07:50 AM,1.32
10066,5/11/2024 10:08:00 AM,1.30
10066,5/11/2024 10:08:10 AM,1.27
10066,5/11/2024 10:08:20 AM,1.24
10066,5/11/2024 10:08:30 AM,1.21
10066,5/11/2024 10:08:40 AM,1.18
10066,5/11/2024 10:08:50 AM,1.15
10066,5/11/2024 10:09:00 AM,1.12
10066,5/11/2024 10:09:10 AM,1.10
10066,5/11/2024 10:09:20 AM,1.07
10066,5/11/2024 10:09:30 AM,1.04
10066,5/11/2024 10:09:40 AM,1.01
10066,5/11/2024 10:09:50 AM,0.98
10066,5/11/2024 10:10:00 AM,0.95
10066,5/11/2024 10:10:10 AM,0.92
10066,5/11/2024 10:10:20 AM,0.90
10066,5/11/2024 10:10:30 AM,0.87
10066,5/11/2024 10:10:40 AM,0.84
10066,5/11/2024 10:10:50 AM,0.81
10066,5/11/2024 10:11:00 AM,0.78
10066,5/11/2024 10:11:10 AM,0.75
10066,5/11/2024 10:11:20 AM,0.72
10066,5/11/2024 10:11:30 AM,0.70
10066,5/11/2024 10:11:40 AM,0.67
10066,5/11/2024 10:11:50 AM,0.64
10066,5/11/2024 10:12:00 AM,0.61
10066,5/11/2024 10:12:10 AM,0.81
10066,5/11/2024 10:12:20 AM,1.11
10066,5/11/2024 10:12:30 AM,1.41
10066,5/11/2024 10:12:40 AM,1.29
10066,5/11/2024 10:12:50 AM,1.00
10066,5/11/2024 10:13:00 AM,0.70
10066,5/11/2024 10:13:10 AM,0.62
10066,5/11/2024 10:13:20 AM,0.66
10066,5/11/2024 10:13:30 AM,0.69
10066,5/11/2024 10:13:40 AM,0.72
10066,5/11/2024 10:13:50 AM,0.76
10066,5/11/2024 10:14:00 AM,0.79
10066,5/11/2024 10:14:10 AM,0.82
10066,5/11/2024 10:14:20 AM,0.86
10066,5/11/2024 10:14:30 AM,0.89
10066,5/11/2024 10:14:40 AM,0.92
10066,5/11/2024 10:14:50 AM,0.96
10066,5/11/2024 10:15:00 AM,0.99
10066,5/11/2024 10:15:10 AM,1.02
10066,5/11/2024 10:15:20 AM,1.06
10066,5/11/2024 10:15:30 AM,1.09
10066,5/11/2024 10:15:40 AM,1.12
10066,5/11/2024 10:15:50 AM,1.16
10066,5/11/2024 10:16:00 AM,1.19
10066,5/11/2024 10:16:10 AM,1.22
10066,5/11/2024 10:16:20 AM,1.26
10066,5/11/2024 10:16:30 AM,1.29
10066,5/11/2024 10:16:40 AM,1.32
10066,5/11/2024 10:16:50 AM,1.36
10066,5/11/2024 10:17:00 AM,1.39
10066,5/11/2024 10:17:10 AM,1.42
10066,5/11/2024 10:17:20 AM,1.46
10066,5/11/2024 10:17:30 AM,1.49
10066,5/11/2024 10:17:40 AM,1.44
10066,5/11/2024 10:17:50 AM,1.35
10066,5/11/2024 10:18:00 AM,1.26
10066,5/11/2024 10:18:10 AM,1.17
10066,5/11/2024 10:18:20 AM,1.07
10066,5/11/2024 10:18:30 AM,0.98
10066,5/11/2024 10:18:40 AM,0.89
10066,5/11/2024 10:18:50 AM,0.80
10066,5/11/2024 10:19:00 AM,0.71
10066,5/11/2024 10:19:10 AM,0.62
10066,5/11/2024 10:19:20 AM,0.53
10066,5/11/2024 10:19:30 AM,0.64
10066,5/11/2024 10:19:40 AM,0.84
10066,5/11/2024 10:19:50 AM,1.04
10066,5/11/2024 10:20:00 AM,1.24
10066,5/11/2024 10:20:10 AM,1.44
10066,5/11/2024 10:20:20 AM,1.36
10066,5/11/2024 10:20:30 AM,1.16
10066,5/11/2024 10:20:40 AM,0.96
10066,5/11/2024 10:20:50 AM,0.92
10066,5/11/2024 10:21:00 AM,0.95
10066,5/11/2024 10:21:10 AM,0.98
10066,5/11/2024 10:21:20 AM,1.01
10066,5/11/2024 10:21:30 AM,1.04
10066,5/11/2024 10:21:40 AM,1.08
10066,5/11/2024 10:21:50 AM,1.11
10066,5/11/2024 10:22:00 AM,1.14
10066,5/11/2024 10:22:10 AM,1.17
10066,5/11/2024 10:22:20 AM,1.20
10066,5/11/2024 10:22:30 AM,1.23
10066,5/11/2024 10:22:40 AM,1.26
10066,5/11/2024 10:22:50 AM,1.29
10066,5/11/2024 10:23:00 AM,1.32
10066,5/11/2024 10:23:10 AM,1.35
10066,5/11/2024 10:23:20 AM,1.38
10066,5/11/2024 10:23:30 AM,1.41
10066,5/11/2024 10:23:40 AM,1.44
10066,5/11/2024 10:23:50 AM,1.48
10066,5/11/2024 10:24:00 AM,1.51
10066,5/11/2024 10:24:10 AM,1.54
10066,5/11/2024 10:24:20 AM,1.57
10066,5/11/2024 10:24:30 AM,1.60
10066,5/11/2024 10:24:40 AM,1.63
10066,5/11/2024 10:24:50 AM,1.66
10066,5/11/2024 10:25:00 AM,1.69
10066,5/11/2024 10:25:10 AM,1.63
10066,5/11/2024 10:25:20 AM,1.53
10066,5/11/2024 10:25:30 AM,1.43
10066,5/11/2024 10:25:40 AM,1.33
10066,5/11/2024 10:25:50 AM,1.23
10066,5/11/2024 10:26:00 AM,1.13
10066,5/11/2024 10:26:10 AM,1.03
10066,5/11/2024 10:26:20 AM,0.93
10066,5/11/2024 10:26:30 AM,0.83
10066,5/11/2024 10:26:40 AM,0.73
10066,5/11/2024 10:26:50 AM,0.87
10066,5/11/2024 10:27:00 AM,1.12
10066,5/11/2024 10:27:10 AM,1.37
10066,5/11/2024 10:27:20 AM,1.62
10066,5/11/2024 10:27:30 AM,1.40
10066,5/11/2024 10:27:40 AM,0.97
10066,5/11/2024 10:27:50 AM,0.54
10066,5/11/2024 10:28:00 AM,0.43
10066,5/11/2024 10:28:10 AM,0.48
10066,5/11/2024 10:28:20 AM,0.53
10066,5/11/2024 10:28:30 AM,0.58
10066,5/11/2024 10:28:40 AM,0.63
10066,5/11/2024 10:28:50 AM,0.68
10066,5/11/2024 10:29:00 AM,0.73
10066,5/11/2024 10:29:10 AM,0.78
10066,5/11/2024 10:29:20 AM,0.83
10066,5/11/2024 10:29:30 AM,0.88
10066,5/11/2024 10:29:40 AM,0.93
10066,5/11/2024 10:29:50 AM,0.98
10066,5/11/2024 10:30:00 AM,1.03
10066,5/11/2024 10:30:10 AM,1.08
10066,5/11/2024 10:30:20 AM,1.13
10066,5/11/2024 10:30:30 AM,1.18
10066,5/11/2024 10:30:40 AM,1.23
10066,5/11/2024 10:30:50 AM,1.28
10066,5/11/2024 10:31:00 AM,1.33
10066,5/11/2024 10:31:10 AM,1.38
10066,5/11/2024 10:31:20 AM,1.43
10066,5/11/2024 10:31:30 AM,1.48
10066,5/11/2024 10:31:40 AM,1.53
10066,5/11/2024 10:31:50 AM,1.58
10066,5/11/2024 10:32:00 AM,1.63
10066,5/11/2024 10:32:10 AM,1.68
10066,5/11/2024 10:32:20 AM,1.47
10066,5/11/2024 10:32:30 AM,1.14
10066,5/11/2024 10:32:40 AM,0.81
10066,5/11/2024 10:32:50 AM,0.47
10066,5/11/2024 10:33:00 AM,0.14
10066,5/11/2024 10:33:10 AM,-0.20
10066,5/11/2024 10:33:20 AM,-0.12
10066,5/11/2024 10:33:30 AM,0.14
10066,5/11/2024 10:33:40 AM,0.40
10066,5/11/2024 10:33:50 AM,0.66
10066,5/11/2024 10:34:00 AM,0.92
10066,5/11/2024 10:34:10 AM,1.02
10066,5/11/2024 10:34:20 AM,1.05
10066,5/11/2024 10:34:30 AM,1.07
10066,5/11/2024 10:34:40 AM,1.10
10066,5/11/2024 10:34:50 AM,1.13
10066,5/11/2024 10:35:00 AM,1.16
10066,5/11/2024 10:35:10 AM,1.18
10066,5/11/2024 10:35:20 AM,1.21
10066,5/11/2024 10:35:30 AM,1.24
10066,5/11/2024 10:35:40 AM,1.26
10066,5/11/2024 10:35:50 AM,1.29
10066,5/11/2024 10:36:00 AM,1.32
10066,5/11/2024 10:36:10 AM,1.35
10066,5/11/2024 10:36:20 AM,1.37
10066,5/11/2024 10:36:30 AM,1.40
10066,5/11/2024 10:36:40 AM,1.43
10066,5/11/2024 10:36:50 AM,1.46
10066,5/11/2024 10:37:00 AM,1.48
10066,5/11/2024 10:37:10 AM,1.51
10066,5/11/2024 10:37:20 AM,1.54
10066,5/11/2024 10:37:30 AM,1.56
10066,5/11/2024 10:37:40 AM,1.59
10066,5/11/2024 10:37:50 AM,1.52
10066,5/11/2024 10:38:00 AM,1.41
10066,5/11/2024 10:38:10 AM,1.30
10066,5/11/2024 10:38:20 AM,1.19
10066,5/11/2024 10:38:30 AM,1.08
10066,5/11/2024 10:38:40 AM,0.97
10066,5/11/2024 10:38:50 AM,0.86
10066,5/11/2024 10:39:00 AM,0.75
10066,5/11/2024 10:39:10 AM,0.64
10066,5/11/2024 10:39:20 AM,0.82
10066,5/11/2024 10:39:30 AM,1.14
10066,5/11/2024 10:39:40 AM,1.46
10066,5/11/2024 10:39:50 AM,1.78
10066,5/11/2024 10:40:00 AM,2.10
10066,5/11/2024 10:40:10 AM,1.97
10066,5/11/2024 10:40:20 AM,1.62
10066,5/11/2024 10:40:30 AM,1.28
10066,5/11/2024 10:40:40 AM,0.94
10066,5/11/2024 10:40:50 AM,0.59
10066,5/11/2024 10:41:00 AM,0.25
10066,5/11/2024 10:41:10 AM,-0.09
10066,5/11/2024 10:41:20 AM,0.10
10066,5/11/2024 10:41:30 AM,0.54
10066,5/11/2024 10:41:40 AM,0.98
10066,5/11/2024 10:41:50 AM,1.42
10066,5/11/2024 10:42:00 AM,1.86
10066,5/11/2024 10:42:10 AM,1.66
10066,5/11/2024 10:42:20 AM,1.16
10066,5/11/2024 10:42:30 AM,0.66
10066,5/11/2024 10:42:40 AM,0.57
10066,5/11/2024 10:42:50 AM,0.67
10066,5/11/2024 10:43:00 AM,0.77
10066,5/11/2024 10:43:10 AM,0.87
10066,5/11/2024 10:43:20 AM,0.97
10066,5/11/2024 10:43:30 AM,1.07
10066,5/11/2024 10:43:40 AM,1.17
10066,5/11/2024 10:43:50 AM,1.27
10066,5/11/2024 10:44:00 AM,1.37
10066,5/11/2024 10:44:10 AM,1.47
10066,5/11/2024 10:44:20 AM,1.57
10066,5/11/2024 10:44:30 AM,1.33
10066,5/11/2024 10:44:40 AM,0.93
10066,5/11/2024 10:44:50 AM,0.85
10066,5/11/2024 10:45:00 AM,0.93
10066,5/11/2024 10:45:10 AM,1.00
10066,5/11/2024 10:45:20 AM,1.08
10066,5/11/2024 10:45:30 AM,1.15
10066,5/11/2024 10:45:40 AM,1.23
10066,5/11/2024 10:45:50 AM,1.30
10066,5/11/2024 10:46:00 AM,1.38
10066,5/11/2024 10:46:10 AM,1.45
10066,5/11/2024 10:46:20 AM,1.53
10066,5/11/2024 10:46:30 AM,1.60
10066,5/11/2024 10:46:40 AM,1.68
10066,5/11/2024 10:46:50 AM,1.75
10066,5/11/2024 10:47:00 AM,1.83
10066,5/11/2024 10:47:10 AM,1.90
10066,5/11/2024 10:47:20 AM,1.98
10066,5/11/2024 10:47:30 AM,1.79
10066,5/11/2024 10:47:40 AM,1.50
10066,5/11/2024 10:47:50 AM,1.20
10066,5/11/2024 10:48:00 AM,0.90
10066,5/11/2024 10:48:10 AM,0.60
10066,5/11/2024 10:48:20 AM,0.30
10066,5/11/2024 10:48:30 AM,0.36
10066,5/11/2024 10:48:40 AM,0.60
10066,5/11/2024 10:48:50 AM,0.84
10066,5/11/2024 10:49:00 AM,1.08
10066,5/11/2024 10:49:10 AM,1.32
10066,5/11/2024 10:49:20 AM,1.39
10066,5/11/2024 10:49:30 AM,1.38
10066,5/11/2024 10:49:40 AM,1.37
10066,5/11/2024 10:49:50 AM,1.36
10066,5/11/2024 10:50:00 AM,1.35
10066,5/11/2024 10:50:10 AM,1.33
10066,5/11/2024 10:50:20 AM,1.32
10066,5/11/2024 10:50:30 AM,1.31
10066,5/11/2024 10:50:40 AM,1.30
10066,5/11/2024 10:50:50 AM,1.29
10066,5/11/2024 10:51:00 AM,1.28
10066,5/11/2024 10:51:10 AM,1.26
10066,5/11/2024 10:51:20 AM,1.25
10066,5/11/2024 10:51:30 AM,1.24
10066,5/11/2024 10:51:40 AM,1.23
10066,5/11/2024 10:51:50 AM,1.22
10066,5/11/2024 10:52:00 AM,1.21
10066,5/11/2024 10:52:10 AM,1.19
10066,5/11/2024 10:52:20 AM,1.18
10066,5/11/2024 10:52:30 AM,1.17
10066,5/11/2024 10:52:40 AM,1.16
10066,5/11/2024 10:52:50 AM,1.15
10066,5/11/2024 10:53:00 AM,1.14
10066,5/11/2024 10:53:10 AM,1.13
10066,5/11/2024 10:53:20 AM,1.11
10066,5/11/2024 10:53:30 AM,1.10
10066,5/11/2024 10:53:40 AM,1.09
10066,5/11/2024 10:53:50 AM,1.08
10066,5/11/2024 10:54:00 AM,1.07
10066,5/11/2024 10:54:10 AM,1.06
10066,5/11/2024 10:54:20 AM,1.04
10066,5/11/2024 10:54:30 AM,1.03
10066,5/11/2024 10:54:40 AM,1.02
10066,5/11/2024 10:54:50 AM,1.01
10066,5/11/2024 10:55:00 AM,1.00
10066,5/11/2024 10:55:10 AM,0.99
10066,5/11/2024 10:55:20 AM,0.97
10066,5/11/2024 10:55:30 AM,0.96
10066,5/11/2024 10:55:40 AM,0.95
10066,5/11/2024 10:55:50 AM,0.94
10066,5/11/2024 10:56:00 AM,0.93
10066,5/11/2024 10:56:10 AM,0.92
10066,5/11/2024 10:56:20 AM,0.90
10066,5/11/2024 10:56:30 AM,0.94
10066,5/11/2024 10:56:40 AM,0.99
10066,5/11/2024 10:56:50 AM,1.05
10066,5/11/2024 10:57:00 AM,1.10
10066,5/11/2024 10:57:10 AM,1.15
10066,5/11/2024 10:57:20 AM,1.21
10066,5/11/2024 10:57:30 AM,1.26
10066,5/11/2024 10:57:40 AM,1.32
10066,5/11/2024 10:57:50 AM,1.37
10066,5/11/2024 10:58:00 AM,1.42
10066,5/11/2024 10:58:10 AM,1.48
10066,5/11/2024 10:58:20 AM,1.53
10066,5/11/2024 10:58:30 AM,1.59
10066,5/11/2024 10:58:40 AM,1.64
10066,5/11/2024 10:58:50 AM,1.70
10066,5/11/2024 10:59:00 AM,1.75
10066,5/11/2024 10:59:10 AM,1.80
10066,5/11/2024 10:59:20 AM,1.86
10066,5/11/2024 10:59:30 AM,1.91
10066,5/11/2024 10:59:40 AM,1.97
10066,5/11/2024 10:59:50 AM,2.02
10066,5/11/2024 11:00:00 AM,2.07
10066,5/11/2024 11:00:10 AM,2.13
10066,5/11/2024 11:00:20 AM,2.18
10066,5/11/2024 11:00:30 AM,2.05
10066,5/11/2024 11:00:40 AM,1.82
10066,5/11/2024 11:00:50 AM,1.60
10066,5/11/2024 11:01:00 AM,1.37
10066,5/11/2024 11:01:10 AM,1.29
10066,5/11/2024 11:01:20 AM,1.28
10066,5/11/2024 11:01:30 AM,1.27
10066,5/11/2024 11:01:40 AM,1.25
10066,5/11/2024 11:01:50 AM,1.24
10066,5/11/2024 11:02:00 AM,1.23
10066,5/11/2024 11:02:10 AM,1.21
10066,5/11/2024 11:02:20 AM,1.20
10066,5/11/2024 11:02:30 AM,1.19
10066,5/11/2024 11:02:40 AM,1.18
10066,5/11/2024 11:02:50 AM,1.16
10066,5/11/2024 11:03:00 AM,1.15
10066,5/11/2024 11:03:10 AM,1.14
10066,5/11/2024 11:03:20 AM,1.12
10066,5/11/2024 11:03:30 AM,1.11
10066,5/11/2024 11:03:40 AM,1.10
10066,5/11/2024 11:03:50 AM,1.09
10066,5/11/2024 11:04:00 AM,1.07
10066,5/11/2024 11:04:10 AM,1.06
10066,5/11/2024 11:04:20 AM,1.05
10066,5/11/2024 11:04:30 AM,1.03
10066,5/11/2024 11:04:40 AM,1.02
10066,5/11/2024 11:04:50 AM,1.01
10066,5/11/2024 11:05:00 AM,0.99
10066,5/11/2024 11:05:10 AM,0.98
10066,5/11/2024 11:05:20 AM,0.97
10066,5/11/2024 11:05:30 AM,0.96
10066,5/11/2024 11:05:40 AM,0.94
10066,5/11/2024 11:05:50 AM,0.93
10066,5/11/2024 11:06:00 AM,0.92
10066,5/11/2024 11:06:10 AM,0.90
10066,5/11/2024 11:06:20 AM,0.89
10066,5/11/2024 11:06:30 AM,0.88
10066,5/11/2024 11:06:40 AM,0.87
10066,5/11/2024 11:06:50 AM,0.85
10066,5/11/2024 11:07:00 AM,0.84
10066,5/11/2024 11:07:10 AM,0.83
10066,5/11/2024 11:07:20 AM,0.81
10066,5/11/2024 11:07:30 AM,0.80
10066,5/11/2024 11:07:40 AM,0.79
10066,5/11/2024 11:07:50 AM,0.78
10066,5/11/2024 11:08:00 AM,0.76
10066,5/11/2024 11:08:10 AM,0.75
10066,5/11/2024 11:08:20 AM,0.74
10066,5/11/2024 11:08:30 AM,0.72
10066,5/11/2024 11:08:40 AM,0.71
10066,5/11/2024 11:08:50 AM,0.70
10066,5/11/2024 11:09:00 AM,0.68
10066,5/11/2024 11:09:10 AM,0.67
10066,5/11/2024 11:09:20 AM,0.66
10066,5/11/2024 11:09:30 AM,0.65
10066,5/11/2024 11:09:40 AM,0.63
10066,5/11/2024 11:09:50 AM,0.62
10066,5/11/2024 11:10:00 AM,0.61
10066,5/11/2024 11:10:10 AM,0.59
10066,5/11/2024 11:10:20 AM,0.58
10066,5/11/2024 11:10:30 AM,0.57
10066,5/11/2024 11:10:40 AM,0.56
10066,5/11/2024 11:10:50 AM,0.54
10066,5/11/2024 11:11:00 AM,0.53
10066,5/11/2024 11:11:10 AM,0.52
10066,5/11/2024 11:11:20 AM,0.50
10066,5/11/2024 11:11:30 AM,0.49
10066,5/11/2024 11:11:40 AM,0.48
10066,5/11/2024 11:11:50 AM,0.47
10066,5/11/2024 11:12:00 AM,0.45
10066,5/11/2024 11:12:10 AM,0.44
10066,5/11/2024 11:12:20 AM,0.43
10066,5/11/2024 11:12:30 AM,0.41
10066,5/11/2024 11:12:40 AM,0.40
10066,5/11/2024 11:12:50 AM,0.39
10066,5/11/2024 11:13:00 AM,0.37
10066,5/11/2024 11:13:10 AM,0.36
10066,5/11/2024 11:13:20 AM,0.35
10066,5/11/2024 11:13:30 AM,0.34
10066,5/11/2024 11:13:40 AM,0.32
10066,5/11/2024 11:13:50 AM,0.31
10066,5/11/2024 11:14:00 AM,0.30
10066,5/11/2024 11:14:10 AM,0.28
10066,5/11/2024 11:14:20 AM,0.27
10066,5/11/2024 11:14:30 AM,0.26
10066,5/11/2024 11:14:40 AM,0.25
10066,5/11/2024 11:14:50 AM,0.23
10066,5/11/2024 11:15:00 AM,0.22
10066,5/11/2024 11:15:10 AM,0.21
10066,5/11/2024 11:15:20 AM,0.21
10066,5/11/2024 11:15:30 AM,0.24
10066,5/11/2024 11:15:40 AM,0.27
10066,5/11/2024 11:15:50 AM,0.29
10066,5/11/2024 11:16:00 AM,0.32
10066,5/11/2024 11:16:10 AM,0.35
10066,5/11/2024 11:16:20 AM,0.37
10066,5/11/2024 11:16:30 AM,0.40
10066,5/11/2024 11:16:40 AM,0.43
10066,5/11/2024 11:16:50 AM,0.45
10066,5/11/2024 11:17:00 AM,0.48
10066,5/11/2024 11:17:10 AM,0.51
10066,5/11/2024 11:17:20 AM,0.53
10066,5/11/2024 11:17:30 AM,0.56
10066,5/11/2024 11:17:40 AM,0.59
10066,5/11/2024 11:17:50 AM,0.61
10066,5/11/2024 11:18:00 AM,0.64
10066,5/11/2024 11:18:10 AM,0.67
10066,5/11/2024 11:18:20 AM,0.69
10066,5/11/2024 11:18:30 AM,0.72
10066,5/11/2024 11:18:40 AM,0.75
10066,5/11/2024 11:18:50 AM,0.77
10066,5/11/2024 11:19:00 AM,0.80
10066,5/11/2024 11:19:10 AM,0.83
10066,5/11/2024 11:19:20 AM,0.85
10066,5/11/2024 11:19:30 AM,0.88
10066,5/11/2024 11:19:40 AM,0.91
10066,5/11/2024 11:19:50 AM,0.93
10066,5/11/2024 11:20:00 AM,0.96
10066,5/11/2024 11:20:10 AM,0.99
10066,5/11/2024 11:20:20 AM,1.01
10066,5/11/2024 11:20:30 AM,1.04
10066,5/11/2024 11:20:40 AM,1.07
10066,5/11/2024 11:20:50 AM,1.09
10066,5/11/2024 11:21:00 AM,1.00
10066,5/11/2024 11:21:10 AM,0.85
10066,5/11/2024 11:21:20 AM,0.70
10066,5/11/2024 11:21:30 AM,0.55
10066,5/11/2024 11:21:40 AM,0.53
10066,5/11/2024 11:21:50 AM,0.58
10066,5/11/2024 11:22:00 AM,0.63
10066,5/11/2024 11:22:10 AM,0.68
10066,5/11/2024 11:22:20 AM,0.73
10066,5/11/2024 11:22:30 AM,0.78
10066,5/11/2024 11:22:40 AM,0.83
10066,5/11/2024 11:22:50 AM,0.88
10066,5/11/2024 11:23:00 AM,0.93
10066,5/11/2024 11:23:10 AM,0.98
10066,5/11/2024 11:23:20 AM,1.03
10066,5/11/2024 11:23:30 AM,1.08
10066,5/11/2024 11:23:40 AM,1.13
10066,5/11/2024 11:23:50 AM,1.18
10066,5/11/2024 11:24:00 AM,1.23
10066,5/11/2024 11:24:10 AM,1.28
10066,5/11/2024 11:24:20 AM,1.33
10066,5/11/2024 11:24:30 AM,1.38
10066,5/11/2024 11:24:40 AM,1.43
10066,5/11/2024 11:24:50 AM,1.48
10066,5/11/2024 11:25:00 AM,1.53
10066,5/11/2024 11:25:10 AM,1.58
10066,5/11/2024 11:25:20 AM,1.63
10066,5/11/2024 11:25:30 AM,1.68
10066,5/11/2024 11:25:40 AM,1.73
10066,5/11/2024 11:25:50 AM,1.78
10066,5/11/2024 11:26:00 AM,1.66
10066,5/11/2024 11:26:10 AM,1.46
10066,5/11/2024 11:26:20 AM,1.26
10066,5/11/2024 11:26:30 AM,1.06
10066,5/11/2024 11:26:40 AM,0.86
10066,5/11/2024 11:26:50 AM,0.66
10066,5/11/2024 11:27:00 AM,0.46
10066,5/11/2024 11:27:10 AM,0.57
10066,5/11/2024 11:27:20 AM,0.82
10066,5/11/2024 11:27:30 AM,1.07
10066,5/11/2024 11:27:40 AM,1.32
10066,5/11/2024 11:27:50 AM,1.21
10066,5/11/2024 11:28:00 AM,0.93
10066,5/11/2024 11:28:10 AM,0.65
10066,5/11/2024 11:28:20 AM,0.37
10066,5/11/2024 11:28:30 AM,0.09
10066,5/11/2024 11:28:40 AM,0.34
10066,5/11/2024 11:28:50 AM,0.84
10066,5/11/2024 11:29:00 AM,1.33
10066,5/11/2024 11:29:10 AM,1.83
10066,5/11/2024 11:29:20 AM,1.79
10066,5/11/2024 11:29:30 AM,1.46
10066,5/11/2024 11:29:40 AM,1.14
10066,5/11/2024 11:29:50 AM,0.81
10066,5/11/2024 11:30:00 AM,0.49
10066,5/11/2024 11:30:10 AM,0.17
10066,5/11/2024 11:30:20 AM,0.15
10066,5/11/2024 11:30:30 AM,0.47
10066,5/11/2024 11:30:40 AM,0.78
10066,5/11/2024 11:30:50 AM,1.09
10066,5/11/2024 11:31:00 AM,1.40
10066,5/11/2024 11:31:10 AM,1.43
10066,5/11/2024 11:31:20 AM,1.33
10066,5/11/2024 11:31:30 AM,1.23
10066,5/11/2024 11:31:40 AM,1.13
10066,5/11/2024 11:31:50 AM,1.03
10066,5/11/2024 11:32:00 AM,0.93
10066,5/11/2024 11:32:10 AM,0.83
10066,5/11/2024 11:32:20 AM,0.73
10066,5/11/2024 11:32:30 AM,0.63
10066,5/11/2024 11:32:40 AM,0.53
10066,5/11/2024 11:32:50 AM,0.43
10066,5/11/2024 11:33:00 AM,0.33
10066,5/11/2024 11:33:10 AM,0.28
10066,5/11/2024 11:33:20 AM,0.26
10066,5/11/2024 11:33:30 AM,0.23
10066,5/11/2024 11:33:40 AM,0.21
10066,5/11/2024 11:33:50 AM,0.18
10066,5/11/2024 11:34:00 AM,0.16
10066,5/11/2024 11:34:10 AM,0.13
10066,5/11/2024 11:34:20 AM,0.11
10066,5/11/2024 11:34:30 AM,0.08
10066,5/11/2024 11:34:40 AM,0.06
10066,5/11/2024 11:34:50 AM,0.03
10066,5/11/2024 11:35:00 AM,0.01
10066,5/11/2024 11:35:10 AM,-0.02
10066,5/11/2024 11:35:20 AM,-0.04
10066,5/11/2024 11:35:30 AM,-0.07
10066,5/11/2024 11:35:40 AM,-0.09
10066,5/11/2024 11:35:50 AM,-0.12
10066,5/11/2024 11:36:00 AM,-0.14
10066,5/11/2024 11:36:10 AM,-0.17
10066,5/11/2024 11:36:20 AM,-0.19
10066,5/11/2024 11:36:30 AM,0.21
10066,5/11/2024 11:36:40 AM,0.81
10066,5/11/2024 11:36:50 AM,1.41
10066,5/11/2024 11:37:00 AM,1.54
10066,5/11/2024 11:37:10 AM,1.45
10066,5/11/2024 11:37:20 AM,1.37
10066,5/11/2024 11:37:30 AM,1.28
10066,5/11/2024 11:37:40 AM,1.19
10066,5/11/2024 11:37:50 AM,1.10
10066,5/11/2024 11:38:00 AM,1.02
10066,5/11/2024 11:38:10 AM,0.93
10066,5/11/2024 11:38:20 AM,0.98
10066,5/11/2024 11:38:30 AM,1.09
10066,5/11/2024 11:38:40 AM,1.21
10066,5/11/2024 11:38:50 AM,1.32
10066,5/11/2024 11:39:00 AM,1.43
10066,5/11/2024 11:39:10 AM,1.55
10066,5/11/2024 11:39:20 AM,1.66
10066,5/11/2024 11:39:30 AM,1.47
10066,5/11/2024 11:39:40 AM,1.14
10066,5/11/2024 11:39:50 AM,0.81
10066,5/11/2024 11:40:00 AM,0.76
10066,5/11/2024 11:40:10 AM,0.84
10066,5/11/2024 11:40:20 AM,0.92
10066,5/11/2024 11:40:30 AM,1.00
10066,5/11/2024 11:40:40 AM,1.08
10066,5/11/2024 11:40:50 AM,1.16
10066,5/11/2024 11:41:00 AM,1.24
10066,5/11/2024 11:41:10 AM,1.32
10066,5/11/2024 11:41:20 AM,1.39
10066,5/11/2024 11:41:30 AM,1.47
10066,5/11/2024 11:41:40 AM,1.40
10066,5/11/2024 11:41:50 AM,1.26
10066,5/11/2024 11:42:00 AM,1.12
10066,5/11/2024 11:42:10 AM,0.97
10066,5/11/2024 11:42:20 AM,0.83
10066,5/11/2024 11:42:30 AM,0.69
10066,5/11/2024 11:42:40 AM,0.55
10066,5/11/2024 11:42:50 AM,0.51
10066,5/11/2024 11:43:00 AM,0.52
10066,5/11/2024 11:43:10 AM,0.54
10066,5/11/2024 11:43:20 AM,0.55
10066,5/11/2024 11:43:30 AM,0.56
10066,5/11/2024 11:43:40 AM,0.58
10066,5/11/2024 11:43:50 AM,0.59
10066,5/11/2024 11:44:00 AM,0.60
10066,5/11/2024 11:44:10 AM,0.61
10066,5/11/2024 11:44:20 AM,0.63
10066,5/11/2024 11:44:30 AM,0.64
10066,5/11/2024 11:44:40 AM,0.65
10066,5/11/2024 11:44:50 AM,0.67
10066,5/11/2024 11:45:00 AM,0.68
10066,5/11/2024 11:45:10 AM,0.69
10066,5/11/2024 11:45:20 AM,0.87
10066,5/11/2024 11:45:30 AM,1.23
10066,5/11/2024 11:45:40 AM,1.59
10066,5/11/2024 11:45:50 AM,1.47
10066,5/11/2024 11:46:00 AM,1.14
10066,5/11/2024 11:46:10 AM,0.80
10066,5/11/2024 11:46:20 AM,0.73
10066,5/11/2024 11:46:30 AM,0.78
10066,5/11/2024 11:46:40 AM,0.82
10066,5/11/2024 11:46:50 AM,0.87
10066,5/11/2024 11:47:00 AM,0.92
10066,5/11/2024 11:47:10 AM,0.96
10066,5/11/2024 11:47:20 AM,1.01
10066,5/11/2024 11:47:30 AM,1.06
10066,5/11/2024 11:47:40 AM,1.10
10066,5/11/2024 11:47:50 AM,1.15
10066,5/11/2024 11:48:00 AM,1.19
10066,5/11/2024 11:48:10 AM,1.24
10066,5/11/2024 11:48:20 AM,1.29
10066,5/11/2024 11:48:30 AM,1.09
10066,5/11/2024 11:48:40 AM,0.79
10066,5/11/2024 11:48:50 AM,0.72
10066,5/11/2024 11:49:00 AM,0.75
10066,5/11/2024 11:49:10 AM,0.78
10066,5/11/2024 11:49:20 AM,0.80
10066,5/11/2024 11:49:30 AM,0.83
10066,5/11/2024 11:49:40 AM,0.86
10066,5/11/2024 11:49:50 AM,0.89
10066,5/11/2024 11:50:00 AM,0.92
10066,5/11/2024 11:50:10 AM,0.95
10066,5/11/2024 11:50:20 AM,0.97
10066,5/11/2024 11:50:30 AM,1.00
10066,5/11/2024 11:50:40 AM,1.03
10066,5/11/2024 11:50:50 AM,1.06
10066,5/11/2024 11:51:00 AM,1.09
10066,5/11/2024 11:51:10 AM,1.11
10066,5/11/2024 11:51:20 AM,1.14
10066,5/11/2024 11:51:30 AM,1.17
10066,5/11/2024 11:51:40 AM,1.20
10066,5/11/2024 11:51:50 AM,1.23
10066,5/11/2024 11:52:00 AM,1.26
10066,5/11/2024 11:52:10 AM,1.28
10066,5/11/2024 11:52:20 AM,1.31
10066,5/11/2024 11:52:30 AM,1.34
10066,5/11/2024 11:52:40 AM,1.37
10066,5/11/2024 11:52:50 AM,1.40
10066,5/11/2024 11:53:00 AM,1.43
10066,5/11/2024 11:53:10 AM,1.45
10066,5/11/2024 11:53:20 AM,1.48
10066,5/11/2024 11:53:30 AM,1.51
10066,5/11/2024 11:53:40 AM,1.54
10066,5/11/2024 11:53:50 AM,1.57
10066,5/11/2024 11:54:00 AM,1.59
10066,5/11/2024 11:54:10 AM,1.62
10066,5/11/2024 11:54:20 AM,1.65
10066,5/11/2024 11:54:30 AM,1.68
10066,5/11/2024 11:54:40 AM,1.71
10066,5/11/2024 11:54:50 AM,1.74
10066,5/11/2024 11:55:00 AM,1.76
10066,5/11/2024 11:55:10 AM,1.79
10066,5/11/2024 11:55:20 AM,1.53
10066,5/11/2024 11:55:30 AM,1.13
10066,5/11/2024 11:55:40 AM,0.73
10066,5/11/2024 11:55:50 AM,0.65
10066,5/11/2024 11:56:00 AM,0.73
10066,5/11/2024 11:56:10 AM,0.81
10066,5/11/2024 11:56:20 AM,0.88
10066,5/11/2024 11:56:30 AM,0.96
10066,5/11/2024 11:56:40 AM,1.04
10066,5/11/2024 11:56:50 AM,1.11
10066,5/11/2024 11:57:00 AM,1.19
10066,5/11/2024 11:57:10 AM,1.27
10066,5/11/2024 11:57:20 AM,1.35
10066,5/11/2024 11:57:30 AM,1.42
10066,5/11/2024 11:57:40 AM,1.50
10066,5/11/2024 11:57:50 AM,1.58
10066,5/11/2024 11:58:00 AM,1.44
10066,5/11/2024 11:58:10 AM,1.21
10066,5/11/2024 11:58:20 AM,0.97
10066,5/11/2024 11:58:30 AM,0.74
10066,5/11/2024 11:58:40 AM,0.51
10066,5/11/2024 11:58:50 AM,0.28
10066,5/11/2024 11:59:00 AM,0.68
10066,5/11/2024 11:59:10 AM,0.96
10066,5/11/2024 11:59:20 AM,1.04
10066,5/11/2024 11:59:30 AM,1.12
10066,5/11/2024 11:59:40 AM,1.21
10066,5/11/2024 11:59:50 AM,1.29
10066,5/11/2024 12:00:00 PM,1.37
10066,5/11/2024 12:00:10 PM,1.46
10066,5/11/2024 12:00:20 PM,1.45
10066,5/11/2024 12:00:30 PM,1.35
10066,5/11/2024 12:00:40 PM,1.25
10066,5/11/2024 12:00:50 PM,1.15
10066,5/11/2024 12:01:00 PM,1.05
10066,5/11/2024 12:01:10 PM,0.95
10066,5/11/2024 12:01:20 PM,0.84
10066,5/11/2024 12:01:30 PM,0.74
10066,5/11/2024 12:01:40 PM,0.64
10066,5/11/2024 12:01:50 PM,0.54
10066,5/11/2024 12:02:00 PM,0.44
10066,5/11/2024 12:02:10 PM,0.34
10066,5/11/2024 12:02:20 PM,1.05
10066,5/11/2024 12:02:30 PM,1.24
10066,5/11/2024 12:02:40 PM,1.00
10066,5/11/2024 12:02:50 PM,0.76
10066,5/11/2024 12:03:00 PM,0.52
10066,5/11/2024 12:03:10 PM,0.28
10066,5/11/2024 12:03:20 PM,0.41
10066,5/11/2024 12:03:30 PM,0.73
10066,5/11/2024 12:03:40 PM,1.05
10066,5/11/2024 12:03:50 PM,1.37
10066,5/11/2024 12:04:00 PM,1.69
10066,5/11/2024 12:04:10 PM,1.27
10066,5/11/2024 12:04:20 PM,0.46
10066,5/11/2024 12:04:30 PM,0.40
10066,5/11/2024 12:04:40 PM,0.68
10066,5/11/2024 12:04:50 PM,0.97
10066,5/11/2024 12:05:00 PM,1.26
10066,5/11/2024 12:05:10 PM,1.55
10066,5/11/2024 12:05:20 PM,1.83
10066,5/11/2024 12:05:30 PM,2.12
10066,5/11/2024 12:05:40 PM,2.41
10066,5/11/2024 12:05:50 PM,1.75
10066,5/11/2024 12:06:00 PM,0.67
10066,5/11/2024 12:06:10 PM,0.50
10066,5/11/2024 12:06:20 PM,0.80
10066,5/11/2024 12:06:30 PM,1.10
10066,5/11/2024 12:06:40 PM,1.40
10066,5/11/2024 12:06:50 PM,1.70
10066,5/11/2024 12:07:00 PM,2.00
10066,5/11/2024 12:07:10 PM,1.05
10066,5/11/2024 12:07:20 PM,-0.51
10066,5/11/2024 12:07:30 PM,-0.17
10066,5/11/2024 12:07:40 PM,0.37
10066,5/11/2024 12:07:50 PM,0.61
10066,5/11/2024 12:08:00 PM,0.84
10066,5/11/2024 12:08:10 PM,1.08
10066,5/11/2024 12:08:20 PM,1.32
10066,5/11/2024 12:08:30 PM,1.29
10066,5/11/2024 12:08:40 PM,1.14
10066,5/11/2024 12:08:50 PM,0.98
10066,5/11/2024 12:09:00 PM,0.83
10066,5/11/2024 12:09:10 PM,0.67
10066,5/11/2024 12:09:20 PM,0.52
10066,5/11/2024 12:09:30 PM,0.36
10066,5/11/2024 12:09:40 PM,0.20
10066,5/11/2024 12:09:50 PM,0.05
10066,5/11/2024 12:10:00 PM,0.05
10066,5/11/2024 12:10:10 PM,0.12
10066,5/11/2024 12:10:20 PM,0.19
10066,5/11/2024 12:10:30 PM,0.26
10066,5/11/2024 12:10:40 PM,0.33
10066,5/11/2024 12:10:50 PM,0.41
10066,5/11/2024 12:11:00 PM,0.48
10066,5/11/2024 12:11:10 PM,0.55
10066,5/11/2024 12:11:20 PM,0.62
10066,5/11/2024 12:11:30 PM,0.69
10066,5/11/2024 12:11:40 PM,0.76
10066,5/11/2024 12:11:50 PM,0.83
10066,5/11/2024 12:12:00 PM,0.91
10066,5/11/2024 12:12:10 PM,0.98
10066,5/11/2024 12:12:20 PM,0.90
10066,5/11/2024 12:12:30 PM,0.76
10066,5/11/2024 12:12:40 PM,0.61
10066,5/11/2024 12:12:50 PM,0.47
10066,5/11/2024 12:13:00 PM,0.33
10066,5/11/2024 12:13:10 PM,0.18
10066,5/11/2024 12:13:20 PM,0.04
10066,5/11/2024 12:13:30 PM,-0.11
10066,5/11/2024 12:13:40 PM,-0.25
10066,5/11/2024 12:13:50 PM,-0.14
10066,5/11/2024 12:14:00 PM,0.09
10066,5/11/2024 12:14:10 PM,0.33
10066,5/11/2024 12:14:20 PM,0.56
10066,5/11/2024 12:14:30 PM,0.79
10066,5/11/2024 12:14:40 PM,1.03
10066,5/11/2024 12:14:50 PM,1.13
10066,5/11/2024 12:15:00 PM,1.18
10066,5/11/2024 12:15:10 PM,1.23
10066,5/11/2024 12:15:20 PM,1.28
10066,5/11/2024 12:15:30 PM,1.33
10066,5/11/2024 12:15:40 PM,1.38
10066,5/11/2024 12:15:50 PM,1.43
10066,5/11/2024 12:16:00 PM,1.48
10066,5/11/2024 12:16:10 PM,1.53
10066,5/11/2024 12:16:20 PM,1.58
10066,5/11/2024 12:16:30 PM,1.63
10066,5/11/2024 12:16:40 PM,1.68
10066,5/11/2024 12:16:50 PM,1.73
10066,5/11/2024 12:17:00 PM,1.78
10066,5/11/2024 12:17:10 PM,1.83
10066,5/11/2024 12:17:20 PM,1.88
10066,5/11/2024 12:17:30 PM,1.93
10066,5/11/2024 12:17:40 PM,1.98
10066,5/11/2024 12:17:50 PM,2.03
10066,5/11/2024 12:18:00 PM,2.08
10066,5/11/2024 12:18:10 PM,2.13
10066,5/11/2024 12:18:20 PM,2.18
10066,5/11/2024 12:18:30 PM,1.99
10066,5/11/2024 12:18:40 PM,1.70
10066,5/11/2024 12:18:50 PM,1.40
10066,5/11/2024 12:19:00 PM,1.10
10066,5/11/2024 12:19:10 PM,0.97
10066,5/11/2024 12:19:20 PM,0.93
10066,5/11/2024 12:19:30 PM,0.88
10066,5/11/2024 12:19:40 PM,0.83
10066,5/11/2024 12:19:50 PM,0.79
10066,5/11/2024 12:20:00 PM,0.74
10066,5/11/2024 12:20:10 PM,0.70
10066,5/11/2024 12:20:20 PM,0.65
10066,5/11/2024 12:20:30 PM,0.61
10066,5/11/2024 12:20:40 PM,0.56
10066,5/11/2024 12:20:50 PM,0.52
10066,5/11/2024 12:21:00 PM,0.47
10066,5/11/2024 12:21:10 PM,0.43
10066,5/11/2024 12:21:20 PM,0.38
10066,5/11/2024 12:21:30 PM,0.34
10066,5/11/2024 12:21:40 PM,0.29
10066,5/11/2024 12:21:50 PM,0.25
10066,5/11/2024 12:22:00 PM,0.20
10066,5/11/2024 12:22:10 PM,0.16
10066,5/11/2024 12:22:20 PM,0.11
10066,5/11/2024 12:22:30 PM,0.16
10066,5/11/2024 12:22:40 PM,0.24
10066,5/11/2024 12:22:50 PM,0.32
10066,5/11/2024 12:23:00 PM,0.40
10066,5/11/2024 12:23:10 PM,0.48
10066,5/11/2024 12:23:20 PM,0.57
10066,5/11/2024 12:23:30 PM,0.65
10066,5/11/2024 12:23:40 PM,0.73
10066,5/11/2024 12:23:50 PM,0.81
10066,5/11/2024 12:24:00 PM,0.89
10066,5/11/2024 12:24:10 PM,0.97
10066,5/11/2024 12:24:20 PM,1.02
10066,5/11/2024 12:24:30 PM,1.04
10066,5/11/2024 12:24:40 PM,1.06
10066,5/11/2024 12:24:50 PM,1.08
10066,5/11/2024 12:25:00 PM,1.10
10066,5/11/2024 12:25:10 PM,1.13
10066,5/11/2024 12:25:20 PM,1.15
10066,5/11/2024 12:25:30 PM,1.17
10066,5/11/2024 12:25:40 PM,1.19
10066,5/11/2024 12:25:50 PM,1.21
10066,5/11/2024 12:26:00 PM,1.24
10066,5/11/2024 12:26:10 PM,1.26
10066,5/11/2024 12:26:20 PM,1.28
10066,5/11/2024 12:26:30 PM,1.30
10066,5/11/2024 12:26:40 PM,1.32
10066,5/11/2024 12:26:50 PM,1.35
10066,5/11/2024 12:27:00 PM,1.37
10066,5/11/2024 12:27:10 PM,1.39
10066,5/11/2024 12:27:20 PM,1.41
10066,5/11/2024 12:27:30 PM,1.44
10066,5/11/2024 12:27:40 PM,1.46
10066,5/11/2024 12:27:50 PM,1.48
10066,5/11/2024 12:28:00 PM,1.50
10066,5/11/2024 12:28:10 PM,1.52
10066,5/11/2024 12:28:20 PM,1.55
10066,5/11/2024 12:28:30 PM,1.57
10066,5/11/2024 12:28:40 PM,1.59
10066,5/11/2024 12:28:50 PM,1.61
10066,5/11/2024 12:29:00 PM,1.63
10066,5/11/2024 12:29:10 PM,1.66
10066,5/11/2024 12:29:20 PM,1.68
10066,5/11/2024 12:29:30 PM,1.70
10066,5/11/2024 12:29:40 PM,1.72
10066,5/11/2024 12:29:50 PM,1.74
10066,5/11/2024 12:30:00 PM,1.77
10066,5/11/2024 12:30:10 PM,1.79
10066,5/11/2024 12:30:20 PM,1.79
10066,5/11/2024 12:30:30 PM,1.78
10066,5/11/2024 12:30:40 PM,1.76
10066,5/11/2024 12:30:50 PM,1.75
10066,5/11/2024 12:31:00 PM,1.74
10066,5/11/2024 12:31:10 PM,1.72
10066,5/11/2024 12:31:20 PM,1.71
10066,5/11/2024 12:31:30 PM,1.69
10066,5/11/2024 12:31:40 PM,1.68
10066,5/11/2024 12:31:50 PM,1.66
10066,5/11/2024 12:32:00 PM,1.65
10066,5/11/2024 12:32:10 PM,1.64
10066,5/11/2024 12:32:20 PM,1.62
10066,5/11/2024 12:32:30 PM,1.61
10066,5/11/2024 12:32:40 PM,1.59
10066,5/11/2024 12:32:50 PM,1.58
10066,5/11/2024 12:33:00 PM,1.56
10066,5/11/2024 12:33:10 PM,1.55
10066,5/11/2024 12:33:20 PM,1.54
10066,5/11/2024 12:33:30 PM,1.52
10066,5/11/2024 12:33:40 PM,1.51
10066,5/11/2024 12:33:50 PM,1.49
10066,5/11/2024 12:34:00 PM,1.48
10066,5/11/2024 12:34:10 PM,1.46
10066,5/11/2024 12:34:20 PM,1.45
10066,5/11/2024 12:34:30 PM,1.44
10066,5/11/2024 12:34:40 PM,1.42
10066,5/11/2024 12:34:50 PM,1.41
10066,5/11/2024 12:35:00 PM,1.39
10066,5/11/2024 12:35:10 PM,1.38
10066,5/11/2024 12:35:20 PM,1.36
10066,5/11/2024 12:35:30 PM,1.35
10066,5/11/2024 12:35:40 PM,1.33
10066,5/11/2024 12:35:50 PM,1.32
10066,5/11/2024 12:36:00 PM,1.31
10066,5/11/2024 12:36:10 PM,1.29
10066,5/11/2024 12:36:20 PM,1.28
10066,5/11/2024 12:36:30 PM,1.26
10066,5/11/2024 12:36:40 PM,1.25
10066,5/11/2024 12:36:50 PM,1.23
10066,5/11/2024 12:37:00 PM,1.22
10066,5/11/2024 12:37:10 PM,1.21
10066,5/11/2024 12:37:20 PM,1.19
10066,5/11/2024 12:37:30 PM,1.18
10066,5/11/2024 12:37:40 PM,1.16
10066,5/11/2024 12:37:50 PM,1.15
10066,5/11/2024 12:38:00 PM,1.13
10066,5/11/2024 12:38:10 PM,1.12
10066,5/11/2024 12:38:20 PM,1.11
10066,5/11/2024 12:38:30 PM,1.09
10066,5/11/2024 12:38:40 PM,1.08
10066,5/11/2024 12:38:50 PM,1.06
10066,5/11/2024 12:39:00 PM,1.05
10066,5/11/2024 12:39:10 PM,1.03
10066,5/11/2024 12:39:20 PM,1.02
10066,5/11/2024 12:39:30 PM,1.01
10066,5/11/2024 12:39:40 PM,0.99
10066,5/11/2024 12:39:50 PM,0.98
10066,5/11/2024 12:40:00 PM,0.96
10066,5/11/2024 12:40:10 PM,0.95
10066,5/11/2024 12:40:20 PM,0.93
10066,5/11/2024 12:40:30 PM,0.92
10066,5/11/2024 12:40:40 PM,0.90
10066,5/11/2024 12:40:50 PM,0.63
10066,5/11/2024 12:41:00 PM,0.23
10066,5/11/2024 12:41:10 PM,0.19
10066,5/11/2024 12:41:20 PM,0.31
10066,5/11/2024 12:41:30 PM,0.44
10066,5/11/2024 12:41:40 PM,0.57
10066,5/11/2024 12:41:50 PM,0.69
10066,5/11/2024 12:42:00 PM,0.82
10066,5/11/2024 12:42:10 PM,0.95
10066,5/11/2024 12:42:20 PM,1.07
10066,5/11/2024 12:42:30 PM,1.20
10066,5/11/2024 12:42:40 PM,1.33
10066,5/11/2024 12:42:50 PM,1.45
10066,5/11/2024 12:43:00 PM,1.58
10066,5/11/2024 12:43:10 PM,1.71
10066,5/11/2024 12:43:20 PM,1.83
10066,5/11/2024 12:43:30 PM,1.96
10066,5/11/2024 12:43:40 PM,1.85
10066,5/11/2024 12:43:50 PM,1.62
10066,5/11/2024 12:44:00 PM,1.40
10066,5/11/2024 12:44:10 PM,1.17
10066,5/11/2024 12:44:20 PM,1.11
10066,5/11/2024 12:44:30 PM,1.13
10066,5/11/2024 12:44:40 PM,1.14
10066,5/11/2024 12:44:50 PM,1.16
10066,5/11/2024 12:45:00 PM,1.18
10066,5/11/2024 12:45:10 PM,1.19
10066,5/11/2024 12:45:20 PM,1.32
10066,5/11/2024 12:45:30 PM,1.55
10066,5/11/2024 12:45:40 PM,1.79
10066,5/11/2024 12:45:50 PM,2.03
10066,5/11/2024 12:46:00 PM,2.02
10066,5/11/2024 12:46:10 PM,1.90
10066,5/11/2024 12:46:20 PM,1.77
10066,5/11/2024 12:46:30 PM,1.65
10066,5/11/2024 12:46:40 PM,1.53
10066,5/11/2024 12:46:50 PM,1.41
10066,5/11/2024 12:47:00 PM,1.29
10066,5/11/2024 12:47:10 PM,1.17
10066,5/11/2024 12:47:20 PM,1.05
10066,5/11/2024 12:47:30 PM,0.92
10066,5/11/2024 12:47:40 PM,0.80
10066,5/11/2024 12:47:50 PM,0.68
10066,5/11/2024 12:48:00 PM,0.56
10066,5/11/2024 12:48:10 PM,0.44
10066,5/11/2024 12:48:20 PM,0.56
10066,5/11/2024 12:48:30 PM,0.79
10066,5/11/2024 12:48:40 PM,1.03
10066,5/11/2024 12:48:50 PM,0.96
10066,5/11/2024 12:49:00 PM,0.76
10066,5/11/2024 12:49:10 PM,0.56
10066,5/11/2024 12:49:20 PM,0.36
10066,5/11/2024 12:49:30 PM,0.17
10066,5/11/2024 12:49:40 PM,0.29
10066,5/11/2024 12:49:50 PM,0.56
10066,5/11/2024 12:50:00 PM,0.83
10066,5/11/2024 12:50:10 PM,1.11
10066,5/11/2024 12:50:20 PM,1.07
10066,5/11/2024 12:50:30 PM,0.87
10066,5/11/2024 12:50:40 PM,0.66
10066,5/11/2024 12:50:50 PM,1.08
10066,5/11/2024 12:51:00 PM,1.21
10066,5/11/2024 12:51:10 PM,1.09
10066,5/11/2024 12:51:20 PM,0.96
10066,5/11/2024 12:51:30 PM,0.83
10066,5/11/2024 12:51:40 PM,0.70
10066,5/11/2024 12:51:50 PM,0.58
10066,5/11/2024 12:52:00 PM,0.45
10066,5/11/2024 12:52:10 PM,0.32
10066,5/11/2024 12:52:20 PM,0.20
10066,5/11/2024 12:52:30 PM,0.07
10066,5/11/2024 12:52:40 PM,-0.06
10066,5/11/2024 12:52:50 PM,0.04
10066,5/11/2024 12:53:00 PM,1.04
10066,5/11/2024 12:53:10 PM,1.30
10066,5/11/2024 12:53:20 PM,1.89
10066,5/11/2024 12:53:30 PM,0.56
10066,5/11/2024 12:53:40 PM,0.12
10066,5/11/2024 12:53:50 PM,0.58
10066,5/11/2024 12:54:00 PM,1.05
10066,5/11/2024 12:54:10 PM,1.95
10066,5/11/2024 12:54:20 PM,1.58
10066,5/11/2024 12:54:30 PM,0.54
10066,5/11/2024 12:54:40 PM,0.30
10066,5/11/2024 12:54:50 PM,0.45
10066,5/11/2024 12:55:00 PM,0.60
10066,5/11/2024 12:55:10 PM,0.75
10066,5/11/2024 12:55:20 PM,0.90
10066,5/11/2024 12:55:30 PM,1.05
10066,5/11/2024 12:55:40 PM,1.20
10066,5/11/2024 12:55:50 PM,1.35
10066,5/11/2024 12:56:00 PM,1.37
10066,5/11/2024 12:56:10 PM,1.32
10066,5/11/2024 12:56:20 PM,1.27
10066,5/11/2024 12:56:30 PM,1.22
10066,5/11/2024 12:56:40 PM,1.35
10066,5/11/2024 12:56:50 PM,1.56
10066,5/11/2024 12:57:00 PM,1.78
10066,5/11/2024 12:57:10 PM,2.00
10066,5/11/2024 12:57:20 PM,2.21
10066,5/11/2024 12:57:30 PM,2.43
10066,5/11/2024 12:57:40 PM,1.61
10066,5/11/2024 12:57:50 PM,1.75
10066,5/11/2024 12:58:00 PM,0.91
10066,5/11/2024 12:58:10 PM,0.63
10066,5/11/2024 12:58:20 PM,0.96
10066,5/11/2024 12:58:30 PM,1.29
10066,5/11/2024 12:58:40 PM,1.39
10066,5/11/2024 12:58:50 PM,1.37
10066,5/11/2024 12:59:00 PM,1.34
10066,5/11/2024 12:59:10 PM,1.32
10066,5/11/2024 12:59:20 PM,1.30
10066,5/11/2024 12:59:30 PM,1.28
10066,5/11/2024 12:59:40 PM,1.26
10066,5/11/2024 12:59:50 PM,1.24
10066,5/11/2024 1:00:00 PM,1.22
10066,5/11/2024 1:00:10 PM,1.20
10066,5/11/2024 1:00:20 PM,1.18
10066,5/11/2024 1:00:30 PM,1.15
10066,5/11/2024 1:00:40 PM,1.13
10066,5/11/2024 1:00:50 PM,1.11
10066,5/11/2024 1:01:00 PM,1.09
10066,5/11/2024 1:01:10 PM,1.07
10066,5/11/2024 1:01:20 PM,1.05
10066,5/11/2024 1:01:30 PM,1.03
10066,5/11/2024 1:01:40 PM,1.01
10066,5/11/2024 1:01:50 PM,1.16
10066,5/11/2024 1:02:00 PM,1.39
10066,5/11/2024 1:02:10 PM,1.63
10066,5/11/2024 1:02:20 PM,1.47
10066,5/11/2024 1:02:30 PM,1.14
10066,5/11/2024 1:02:40 PM,0.81
10066,5/11/2024 1:02:50 PM,0.77
10066,5/11/2024 1:03:00 PM,0.87
10066,5/11/2024 1:03:10 PM,0.97
10066,5/11/2024 1:03:20 PM,1.07
10066,5/11/2024 1:03:30 PM,1.17
10066,5/11/2024 1:03:40 PM,1.27
10066,5/11/2024 1:03:50 PM,1.37
10066,5/11/2024 1:04:00 PM,1.47
10066,5/11/2024 1:04:10 PM,1.57
10066,5/11/2024 1:04:20 PM,1.52
10066,5/11/2024 1:04:30 PM,1.41
10066,5/11/2024 1:04:40 PM,1.30
10066,5/11/2024 1:04:50 PM,1.19
10066,5/11/2024 1:05:00 PM,1.07
10066,5/11/2024 1:05:10 PM,0.96
10066,5/11/2024 1:05:20 PM,0.85
10066,5/11/2024 1:05:30 PM,0.74
10066,5/11/2024 1:05:40 PM,0.79
10066,5/11/2024 1:05:50 PM,0.92
10066,5/11/2024 1:06:00 PM,1.05
10066,5/11/2024 1:06:10 PM,1.17
10066,5/11/2024 1:06:20 PM,1.30
10066,5/11/2024 1:06:30 PM,1.43
10066,5/11/2024 1:06:40 PM,1.56
10066,5/11/2024 1:06:50 PM,1.56
10066,5/11/2024 1:07:00 PM,1.51
10066,5/11/2024 1:07:10 PM,1.46
10066,5/11/2024 1:07:20 PM,1.41
10066,5/11/2024 1:07:30 PM,1.35
10066,5/11/2024 1:07:40 PM,1.30
10066,5/11/2024 1:07:50 PM,1.25
10066,5/11/2024 1:08:00 PM,1.20
10066,5/11/2024 1:08:10 PM,1.14
10066,5/11/2024 1:08:20 PM,1.09
10066,5/11/2024 1:08:30 PM,1.04
10066,5/11/2024 1:08:40 PM,0.99
10066,5/11/2024 1:08:50 PM,0.93
10066,5/11/2024 1:09:00 PM,0.88
10066,5/11/2024 1:09:10 PM,0.83
10066,5/11/2024 1:09:20 PM,0.77
10066,5/11/2024 1:09:30 PM,0.72
10066,5/11/2024 1:09:40 PM,0.67
10066,5/11/2024 1:09:50 PM,0.62
10066,5/11/2024 1:10:00 PM,0.76
10066,5/11/2024 1:10:10 PM,0.98
10066,5/11/2024 1:10:20 PM,1.21
10066,5/11/2024 1:10:30 PM,1.43
10066,5/11/2024 1:10:40 PM,1.65
10066,5/11/2024 1:10:50 PM,1.88
10066,5/11/2024 1:11:00 PM,2.10
10066,5/11/2024 1:11:10 PM,2.33
10066,5/11/2024 1:11:20 PM,2.06
10066,5/11/2024 1:11:30 PM,1.56
10066,5/11/2024 1:11:40 PM,1.36
10066,5/11/2024 1:11:50 PM,1.31
10066,5/11/2024 1:12:00 PM,1.26
10066,5/11/2024 1:12:10 PM,1.21
10066,5/11/2024 1:12:20 PM,1.15
10066,5/11/2024 1:12:30 PM,1.10
10066,5/11/2024 1:12:40 PM,1.05
10066,5/11/2024 1:12:50 PM,0.99
10066,5/11/2024 1:13:00 PM,0.94
10066,5/11/2024 1:13:10 PM,0.89
10066,5/11/2024 1:13:20 PM,0.84
10066,5/11/2024 1:13:30 PM,0.78
10066,5/11/2024 1:13:40 PM,0.73
10066,5/11/2024 1:13:50 PM,0.68
10066,5/11/2024 1:14:00 PM,0.62
10066,5/11/2024 1:14:10 PM,0.57
10066,5/11/2024 1:14:20 PM,0.52
10066,5/11/2024 1:14:30 PM,0.68
10066,5/11/2024 1:14:40 PM,0.94
10066,5/11/2024 1:14:50 PM,1.20
10066,5/11/2024 1:15:00 PM,1.46
10066,5/11/2024 1:15:10 PM,1.72
10066,5/11/2024 1:15:20 PM,1.89
10066,5/11/2024 1:15:30 PM,1.85
10066,5/11/2024 1:15:40 PM,1.81
10066,5/11/2024 1:15:50 PM,1.76
10066,5/11/2024 1:16:00 PM,1.72
10066,5/11/2024 1:16:10 PM,1.68
10066,5/11/2024 1:16:20 PM,1.64
10066,5/11/2024 1:16:30 PM,1.60
10066,5/11/2024 1:16:40 PM,1.56
10066,5/11/2024 1:16:50 PM,1.52
10066,5/11/2024 1:17:00 PM,1.48
10066,5/11/2024 1:17:10 PM,1.43
10066,5/11/2024 1:17:20 PM,1.39
10066,5/11/2024 1:17:30 PM,1.35
10066,5/11/2024 1:17:40 PM,1.31
10066,5/11/2024 1:17:50 PM,1.27
10066,5/11/2024 1:18:00 PM,1.23
10066,5/11/2024 1:18:10 PM,1.19
10066,5/11/2024 1:18:20 PM,1.14
10066,5/11/2024 1:18:30 PM,1.10
10066,5/11/2024 1:18:40 PM,1.06
10066,5/11/2024 1:18:50 PM,1.02
10066,5/11/2024 1:19:00 PM,0.98
10066,5/11/2024 1:19:10 PM,0.94
10066,5/11/2024 1:19:20 PM,0.90
10066,5/11/2024 1:19:30 PM,0.85
10066,5/11/2024 1:19:40 PM,0.81
10066,5/11/2024 1:19:50 PM,0.92
10066,5/11/2024 1:20:00 PM,1.10
10066,5/11/2024 1:20:10 PM,1.28
10066,5/11/2024 1:20:20 PM,1.46
10066,5/11/2024 1:20:30 PM,1.64
10066,5/11/2024 1:20:40 PM,1.51
10066,5/11/2024 1:20:50 PM,1.24
10066,5/11/2024 1:21:00 PM,0.96
10066,5/11/2024 1:21:10 PM,0.69
10066,5/11/2024 1:21:20 PM,0.69
10066,5/11/2024 1:21:30 PM,0.82
10066,5/11/2024 1:21:40 PM,0.94
10066,5/11/2024 1:21:50 PM,1.07
10066,5/11/2024 1:22:00 PM,1.20
10066,5/11/2024 1:22:10 PM,1.33
10066,5/11/2024 1:22:20 PM,1.46
10066,5/11/2024 1:22:30 PM,1.43
10066,5/11/2024 1:22:40 PM,1.33
10066,5/11/2024 1:22:50 PM,1.23
10066,5/11/2024 1:23:00 PM,1.13
10066,5/11/2024 1:23:10 PM,1.03
10066,5/11/2024 1:23:20 PM,1.21
10066,5/11/2024 1:23:30 PM,1.51
10066,5/11/2024 1:23:40 PM,1.26
10066,5/11/2024 1:23:50 PM,0.76
10066,5/11/2024 1:24:00 PM,0.64
10066,5/11/2024 1:24:10 PM,0.70
10066,5/11/2024 1:24:20 PM,0.76
10066,5/11/2024 1:24:30 PM,0.82
10066,5/11/2024 1:24:40 PM,0.88
10066,5/11/2024 1:24:50 PM,0.94
10066,5/11/2024 1:25:00 PM,1.00
10066,5/11/2024 1:25:10 PM,1.06
10066,5/11/2024 1:25:20 PM,1.12
10066,5/11/2024 1:25:30 PM,1.18
10066,5/11/2024 1:25:40 PM,1.24
10066,5/11/2024 1:25:50 PM,1.30
10066,5/11/2024 1:26:00 PM,1.36
10066,5/11/2024 1:26:10 PM,1.42
10066,5/11/2024 1:26:20 PM,1.48
10066,5/11/2024 1:26:30 PM,1.54
10066,5/11/2024 1:26:40 PM,1.60
10066,5/11/2024 1:26:50 PM,1.66
10066,5/11/2024 1:27:00 PM,1.72
10066,5/11/2024 1:27:10 PM,1.78
10066,5/11/2024 1:27:20 PM,1.73
10066,5/11/2024 1:27:30 PM,1.61
10066,5/11/2024 1:27:40 PM,1.50
10066,5/11/2024 1:27:50 PM,1.39
10066,5/11/2024 1:28:00 PM,1.28
10066,5/11/2024 1:28:10 PM,1.17
10066,5/11/2024 1:28:20 PM,1.06
10066,5/11/2024 1:28:30 PM,0.95
10066,5/11/2024 1:28:40 PM,0.84
10066,5/11/2024 1:28:50 PM,0.87
10066,5/11/2024 1:29:00 PM,0.97
10066,5/11/2024 1:29:10 PM,1.07
10066,5/11/2024 1:29:20 PM,1.17
10066,5/11/2024 1:29:30 PM,1.27
10066,5/11/2024 1:29:40 PM,1.37
10066,5/11/2024 1:29:50 PM,1.47
10066,5/11/2024 1:30:00 PM,1.57
10066,5/11/2024 1:30:10 PM,1.67
10066,5/11/2024 1:30:20 PM,1.77
10066,5/11/2024 1:30:30 PM,1.87
10066,5/11/2024 1:30:40 PM,1.97
10066,5/11/2024 1:30:50 PM,1.59
10066,5/11/2024 1:31:00 PM,1.00
10066,5/11/2024 1:31:10 PM,1.05
10066,5/11/2024 1:31:20 PM,1.41
10066,5/11/2024 1:31:30 PM,1.78
10066,5/11/2024 1:31:40 PM,1.65
10066,5/11/2024 1:31:50 PM,1.29
10066,5/11/2024 1:32:00 PM,0.92
10066,5/11/2024 1:32:10 PM,0.89
10066,5/11/2024 1:32:20 PM,1.03
10066,5/11/2024 1:32:30 PM,1.17
10066,5/11/2024 1:32:40 PM,1.31
10066,5/11/2024 1:32:50 PM,1.45
10066,5/11/2024 1:33:00 PM,1.60
10066,5/11/2024 1:33:10 PM,1.74
10066,5/11/2024 1:33:20 PM,1.88
10066,5/11/2024 1:33:30 PM,2.02
10066,5/11/2024 1:33:40 PM,2.16
10066,5/11/2024 1:33:50 PM,1.98
10066,5/11/2024 1:34:00 PM,1.65
10066,5/11/2024 1:34:10 PM,1.33
10066,5/11/2024 1:34:20 PM,1.01
10066,5/11/2024 1:34:30 PM,1.38
10066,5/11/2024 1:34:40 PM,1.45
10066,5/11/2024 1:34:50 PM,1.22
10066,5/11/2024 1:35:00 PM,1.00
10066,5/11/2024 1:35:10 PM,0.77
10066,5/11/2024 1:35:20 PM,0.71
10066,5/11/2024 1:35:30 PM,0.72
10066,5/11/2024 1:35:40 PM,0.72
10066,5/11/2024 1:35:50 PM,0.73
10066,5/11/2024 1:36:00 PM,0.74
10066,5/11/2024 1:36:10 PM,0.75
10066,5/11/2024 1:36:20 PM,0.76
10066,5/11/2024 1:36:30 PM,0.77
10066,5/11/2024 1:36:40 PM,0.78
10066,5/11/2024 1:36:50 PM,0.79
10066,5/11/2024 1:37:00 PM,0.80
10066,5/11/2024 1:37:10 PM,0.81
10066,5/11/2024 1:37:20 PM,0.81
10066,5/11/2024 1:37:30 PM,0.82
10066,5/11/2024 1:37:40 PM,0.83
10066,5/11/2024 1:37:50 PM,0.84
10066,5/11/2024 1:38:00 PM,0.85
10066,5/11/2024 1:38:10 PM,0.86
10066,5/11/2024 1:38:20 PM,0.87
10066,5/11/2024 1:38:30 PM,0.88
10066,5/11/2024 1:38:40 PM,0.89
10066,5/11/2024 1:38:50 PM,0.89
10066,5/11/2024 1:39:00 PM,0.90
10066,5/11/2024 1:39:10 PM,0.91
10066,5/11/2024 1:39:20 PM,0.92
10066,5/11/2024 1:39:30 PM,0.93
10066,5/11/2024 1:39:40 PM,0.94
10066,5/11/2024 1:39:50 PM,0.95
10066,5/11/2024 1:40:00 PM,0.96
10066,5/11/2024 1:40:10 PM,0.97
10066,5/11/2024 1:40:20 PM,0.98
10066,5/11/2024 1:40:30 PM,0.98
10066,5/11/2024 1:40:40 PM,0.99
10066,5/11/2024 1:40:50 PM,1.00
10066,5/11/2024 1:41:00 PM,1.01
10066,5/11/2024 1:41:10 PM,1.02
10066,5/11/2024 1:41:20 PM,1.03
10066,5/11/2024 1:41:30 PM,1.04
10066,5/11/2024 1:41:40 PM,1.05
10066,5/11/2024 1:41:50 PM,1.06
10066,5/11/2024 1:42:00 PM,1.06
10066,5/11/2024 1:42:10 PM,1.07
10066,5/11/2024 1:42:20 PM,1.08
10066,5/11/2024 1:42:30 PM,1.09
10066,5/11/2024 1:42:40 PM,1.10
10066,5/11/2024 1:42:50 PM,1.11
10066,5/11/2024 1:43:00 PM,1.12
10066,5/11/2024 1:43:10 PM,1.13
10066,5/11/2024 1:43:20 PM,1.14
10066,5/11/2024 1:43:30 PM,1.15
10066,5/11/2024 1:43:40 PM,1.15
10066,5/11/2024 1:43:50 PM,1.16
10066,5/11/2024 1:44:00 PM,1.17
10066,5/11/2024 1:44:10 PM,1.18
10066,5/11/2024 1:44:20 PM,1.19
10066,5/11/2024 1:44:30 PM,1.20
10066,5/11/2024 1:44:40 PM,1.21
10066,5/11/2024 1:44:50 PM,1.22
10066,5/11/2024 1:45:00 PM,1.23
10066,5/11/2024 1:45:10 PM,1.24
10066,5/11/2024 1:45:20 PM,1.24
10066,5/11/2024 1:45:30 PM,1.25
10066,5/11/2024 1:45:40 PM,1.26
10066,5/11/2024 1:45:50 PM,1.27
10066,5/11/2024 1:46:00 PM,1.28
10066,5/11/2024 1:46:10 PM,1.29
10066,5/11/2024 1:46:20 PM,1.30
10066,5/11/2024 1:46:30 PM,1.22
10066,5/11/2024 1:46:40 PM,1.09
10066,5/11/2024 1:46:50 PM,0.97
10066,5/11/2024 1:47:00 PM,0.84
10066,5/11/2024 1:47:10 PM,0.83
10066,5/11/2024 1:47:20 PM,0.87
10066,5/11/2024 1:47:30 PM,0.91
10066,5/11/2024 1:47:40 PM,0.95
10066,5/11/2024 1:47:50 PM,0.99
10066,5/11/2024 1:48:00 PM,1.03
10066,5/11/2024 1:48:10 PM,1.08
10066,5/11/2024 1:48:20 PM,1.12
10066,5/11/2024 1:48:30 PM,1.16
10066,5/11/2024 1:48:40 PM,1.20
10066,5/11/2024 1:48:50 PM,1.24
10066,5/11/2024 1:49:00 PM,1.28
10066,5/11/2024 1:49:10 PM,1.32
10066,5/11/2024 1:49:20 PM,1.36
10066,5/11/2024 1:49:30 PM,1.40
10066,5/11/2024 1:49:40 PM,1.45
10066,5/11/2024 1:49:50 PM,1.49
10066,5/11/2024 1:50:00 PM,1.43
10066,5/11/2024 1:50:10 PM,1.33
10066,5/11/2024 1:50:20 PM,1.23
10066,5/11/2024 1:50:30 PM,1.13
10066,5/11/2024 1:50:40 PM,1.03
10066,5/11/2024 1:50:50 PM,0.93
10066,5/11/2024 1:51:00 PM,0.83
10066,5/11/2024 1:51:10 PM,0.73
10066,5/11/2024 1:51:20 PM,0.63
10066,5/11/2024 1:51:30 PM,0.53
10066,5/11/2024 1:51:40 PM,-0.04
10066,5/11/2024 1:51:50 PM,-0.14
10066,5/11/2024 1:52:00 PM,0.10
10066,5/11/2024 1:52:10 PM,0.34
10066,5/11/2024 1:52:20 PM,0.58
10066,5/11/2024 1:52:30 PM,0.82
10066,5/11/2024 1:52:40 PM,0.85
10066,5/11/2024 1:52:50 PM,0.77
10066,5/11/2024 1:53:00 PM,0.70
10066,5/11/2024 1:53:10 PM,0.62
10066,5/11/2024 1:53:20 PM,0.55
10066,5/11/2024 1:53:30 PM,0.47
10066,5/11/2024 1:53:40 PM,0.40
10066,5/11/2024 1:53:50 PM,0.32
10066,5/11/2024 1:54:00 PM,0.25
10066,5/11/2024 1:54:10 PM,0.17
10066,5/11/2024 1:54:20 PM,0.10
10066,5/11/2024 1:54:30 PM,0.03
10066,5/11/2024 1:54:40 PM,0.06
10066,5/11/2024 1:54:50 PM,0.15
10066,5/11/2024 1:55:00 PM,0.23
10066,5/11/2024 1:55:10 PM,0.32
10066,5/11/2024 1:55:20 PM,0.41
10066,5/11/2024 1:55:30 PM,0.50
10066,5/11/2024 1:55:40 PM,0.59
10066,5/11/2024 1:55:50 PM,0.67
10066,5/11/2024 1:56:00 PM,1.14
10066,5/11/2024 1:56:10 PM,1.77
10066,5/11/2024 1:56:20 PM,2.40
10066,5/11/2024 1:56:30 PM,2.16
10066,5/11/2024 1:56:40 PM,1.53
10066,5/11/2024 1:56:50 PM,0.90
10066,5/11/2024 1:57:00 PM,0.78
10066,5/11/2024 1:57:10 PM,0.88
10066,5/11/2024 1:57:20 PM,0.99
10066,5/11/2024 1:57:30 PM,1.10
10066,5/11/2024 1:57:40 PM,1.21
10066,5/11/2024 1:57:50 PM,1.32
10066,5/11/2024 1:58:00 PM,1.43
10066,5/11/2024 1:58:10 PM,1.54
10066,5/11/2024 1:58:20 PM,1.65
10066,5/11/2024 1:58:30 PM,1.76
10066,5/11/2024 1:58:40 PM,1.87
10066,5/11/2024 1:58:50 PM,1.68
10066,5/11/2024 1:59:00 PM,1.35
10066,5/11/2024 1:59:10 PM,1.03
10066,5/11/2024 1:59:20 PM,0.70
10066,5/11/2024 1:59:30 PM,0.68
10066,5/11/2024 1:59:40 PM,0.78
10066,5/11/2024 1:59:50 PM,0.89
10066,5/11/2024 2:00:00 PM,1.00
10066,5/11/2024 2:00:10 PM,1.11
10066,5/11/2024 2:00:20 PM,1.22
10066,5/11/2024 2:00:30 PM,1.33
10066,5/11/2024 2:00:40 PM,1.44
10066,5/11/2024 2:00:50 PM,1.55
10066,5/11/2024 2:01:00 PM,1.66
10066,5/11/2024 2:01:10 PM,1.76
10066,5/11/2024 2:01:20 PM,1.69
10066,5/11/2024 2:01:30 PM,1.52
10066,5/11/2024 2:01:40 PM,1.36
10066,5/11/2024 2:01:50 PM,1.19
10066,5/11/2024 2:02:00 PM,1.02
10066,5/11/2024 2:02:10 PM,0.85
10066,5/11/2024 2:02:20 PM,0.89
10066,5/11/2024 2:02:30 PM,1.02
10066,5/11/2024 2:02:40 PM,1.15
10066,5/11/2024 2:02:50 PM,1.28
10066,5/11/2024 2:03:00 PM,1.41
10066,5/11/2024 2:03:10 PM,1.55
10066,5/11/2024 2:03:20 PM,1.68
10066,5/11/2024 2:03:30 PM,1.81
10066,5/11/2024 2:03:40 PM,1.94
10066,5/11/2024 2:03:50 PM,2.07
10066,5/11/2024 2:04:00 PM,2.20
10066,5/11/2024 2:04:10 PM,2.33
10066,5/11/2024 2:04:20 PM,2.46
10066,5/11/2024 2:04:30 PM,2.60
10066,5/11/2024 2:04:40 PM,2.73
10066,5/11/2024 2:04:50 PM,2.86
10066,5/11/2024 2:05:00 PM,2.70
10066,5/11/2024 2:05:10 PM,2.40
10066,5/11/2024 2:05:20 PM,2.10
10066,5/11/2024 2:05:30 PM,1.80
10066,5/11/2024 2:05:40 PM,1.71
10066,5/11/2024 2:05:50 PM,1.72
10066,5/11/2024 2:06:00 PM,1.73
10066,5/11/2024 2:06:10 PM,1.75
10066,5/11/2024 2:06:20 PM,1.76
10066,5/11/2024 2:06:30 PM,1.77
10066,5/11/2024 2:06:40 PM,1.78
10066,5/11/2024 2:06:50 PM,1.80
10066,5/11/2024 2:07:00 PM,1.81
10066,5/11/2024 2:07:10 PM,1.82
10066,5/11/2024 2:07:20 PM,1.83
10066,5/11/2024 2:07:30 PM,1.85
10066,5/11/2024 2:07:40 PM,1.86
10066,5/11/2024 2:07:50 PM,1.87
10066,5/11/2024 2:08:00 PM,1.88
10066,5/11/2024 2:08:10 PM,1.90
10066,5/11/2024 2:08:20 PM,1.91
10066,5/11/2024 2:08:30 PM,1.92
10066,5/11/2024 2:08:40 PM,1.93
10066,5/11/2024 2:08:50 PM,1.95
10066,5/11/2024 2:09:00 PM,1.96
10066,5/11/2024 2:09:10 PM,1.97
10066,5/11/2024 2:09:20 PM,1.98
10066,5/11/2024 2:09:30 PM,2.00
10066,5/11/2024 2:09:40 PM,2.48
10066,5/11/2024 2:09:50 PM,1.95
10066,5/11/2024 2:10:00 PM,1.70
10066,5/11/2024 2:10:10 PM,1.85
10066,5/11/2024 2:10:20 PM,1.60
10066,5/11/2024 2:10:30 PM,1.15
10066,5/11/2024 2:10:40 PM,1.19
10066,5/11/2024 2:10:50 PM,1.48
10066,5/11/2024 2:11:00 PM,1.76
10066,5/11/2024 2:11:10 PM,2.04
10066,5/11/2024 2:11:20 PM,2.33
10066,5/11/2024 2:11:30 PM,2.61
10066,5/11/2024 2:11:40 PM,1.67
10066,5/11/2024 2:11:50 PM,1.54
10066,5/11/2024 2:12:00 PM,2.04
10066,5/11/2024 2:12:10 PM,1.46
10066,5/11/2024 2:12:20 PM,1.21
10066,5/11/2024 2:12:30 PM,1.37
10066,5/11/2024 2:12:40 PM,1.53
10066,5/11/2024 2:12:50 PM,1.69
10066,5/11/2024 2:13:00 PM,1.85
10066,5/11/2024 2:13:10 PM,2.01
10066,5/11/2024 2:13:20 PM,2.17
10066,5/11/2024 2:13:30 PM,2.33
10066,5/11/2024 2:13:40 PM,2.49
10066,5/11/2024 2:13:50 PM,2.65
10066,5/11/2024 2:14:00 PM,1.98
10066,5/11/2024 2:14:10 PM,0.94
10066,5/11/2024 2:14:20 PM,1.28
10066,5/11/2024 2:14:30 PM,1.65
10066,5/11/2024 2:14:40 PM,1.73
10066,5/11/2024 2:14:50 PM,1.81
10066,5/11/2024 2:15:00 PM,1.88
10066,5/11/2024 2:15:10 PM,1.96
10066,5/11/2024 2:15:20 PM,1.96
10066,5/11/2024 2:15:30 PM,1.87
10066,5/11/2024 2:15:40 PM,1.78
10066,5/11/2024 2:15:50 PM,1.69
10066,5/11/2024 2:16:00 PM,1.60
10066,5/11/2024 2:16:10 PM,1.51
10066,5/11/2024 2:16:20 PM,1.42
10066,5/11/2024 2:16:30 PM,1.33
10066,5/11/2024 2:16:40 PM,1.35
10066,5/11/2024 2:16:50 PM,1.43
10066,5/11/2024 2:17:00 PM,1.50
10066,5/11/2024 2:17:10 PM,1.58
10066,5/11/2024 2:17:20 PM,1.65
10066,5/11/2024 2:17:30 PM,1.73
10066,5/11/2024 2:17:40 PM,1.80
10066,5/11/2024 2:17:50 PM,1.88
10066,5/11/2024 2:18:00 PM,1.74
10066,5/11/2024 2:18:10 PM,1.51
10066,5/11/2024 2:18:20 PM,1.27
10066,5/11/2024 2:18:30 PM,1.26
10066,5/11/2024 2:18:40 PM,1.35
10066,5/11/2024 2:18:50 PM,1.44
10066,5/11/2024 2:19:00 PM,1.52
10066,5/11/2024 2:19:10 PM,1.61
10066,5/11/2024 2:19:20 PM,1.70
10066,5/11/2024 2:19:30 PM,1.79
10066,5/11/2024 2:19:40 PM,1.87
10066,5/11/2024 2:19:50 PM,2.21
10066,5/11/2024 2:20:00 PM,2.65
10066,5/11/2024 2:20:10 PM,2.33
10066,5/11/2024 2:20:20 PM,1.62
10066,5/11/2024 2:20:30 PM,1.48
10066,5/11/2024 2:20:40 PM,1.61
10066,5/11/2024 2:20:50 PM,1.73
10066,5/11/2024 2:21:00 PM,1.85
10066,5/11/2024 2:21:10 PM,1.97
10066,5/11/2024 2:21:20 PM,2.10
10066,5/11/2024 2:21:30 PM,2.22
10066,5/11/2024 2:21:40 PM,2.34
10066,5/11/2024 2:21:50 PM,2.46
10066,5/11/2024 2:22:00 PM,2.35
10066,5/11/2024 2:22:10 PM,2.14
10066,5/11/2024 2:22:20 PM,1.93
10066,5/11/2024 2:22:30 PM,1.72
10066,5/11/2024 2:22:40 PM,1.51
10066,5/11/2024 2:22:50 PM,1.29
10066,5/11/2024 2:23:00 PM,1.08
10066,5/11/2024 2:23:10 PM,0.87
10066,5/11/2024 2:23:20 PM,1.21
10066,5/11/2024 2:23:30 PM,1.81
10066,5/11/2024 2:23:40 PM,1.85
10066,5/11/2024 2:23:50 PM,1.63
10066,5/11/2024 2:24:00 PM,1.41
10066,5/11/2024 2:24:10 PM,1.19
10066,5/11/2024 2:24:20 PM,0.97
10066,5/11/2024 2:24:30 PM,0.92
10066,5/11/2024 2:24:40 PM,0.94
10066,5/11/2024 2:24:50 PM,0.96
10066,5/11/2024 2:25:00 PM,0.98
10066,5/11/2024 2:25:10 PM,1.01
10066,5/11/2024 2:25:20 PM,1.03
10066,5/11/2024 2:25:30 PM,1.05
10066,5/11/2024 2:25:40 PM,1.08
10066,5/11/2024 2:25:50 PM,1.10
10066,5/11/2024 2:26:00 PM,1.12
10066,5/11/2024 2:26:10 PM,1.14
10066,5/11/2024 2:26:20 PM,1.17
10066,5/11/2024 2:26:30 PM,1.19
10066,5/11/2024 2:26:40 PM,1.21
10066,5/11/2024 2:26:50 PM,1.23
10066,5/11/2024 2:27:00 PM,1.26
10066,5/11/2024 2:27:10 PM,1.28
10066,5/11/2024 2:27:20 PM,1.30
10066,5/11/2024 2:27:30 PM,1.33
10066,5/11/2024 2:27:40 PM,1.35
10066,5/11/2024 2:27:50 PM,1.37
10066,5/11/2024 2:28:00 PM,1.39
10066,5/11/2024 2:28:10 PM,1.42
10066,5/11/2024 2:28:20 PM,1.44
10066,5/11/2024 2:28:30 PM,1.46
10066,5/11/2024 2:28:40 PM,1.48
10066,5/11/2024 2:28:50 PM,1.51
10066,5/11/2024 2:29:00 PM,1.53
10066,5/11/2024 2:29:10 PM,1.55
10066,5/11/2024 2:29:20 PM,1.58
10066,5/11/2024 2:29:30 PM,1.60
10066,5/11/2024 2:29:40 PM,1.62
10066,5/11/2024 2:29:50 PM,1.64
10066,5/11/2024 2:30:00 PM,1.67
10066,5/11/2024 2:30:10 PM,1.69
10066,5/11/2024 2:30:20 PM,1.65
10066,5/11/2024 2:30:30 PM,1.55
10066,5/11/2024 2:30:40 PM,1.45
10066,5/11/2024 2:30:50 PM,1.35
10066,5/11/2024 2:31:00 PM,1.25
10066,5/11/2024 2:31:10 PM,1.14
10066,5/11/2024 2:31:20 PM,1.04
10066,5/11/2024 2:31:30 PM,0.94
10066,5/11/2024 2:31:40 PM,0.84
10066,5/11/2024 2:31:50 PM,0.74
10066,5/11/2024 2:32:00 PM,0.64
10066,5/11/2024 2:32:10 PM,0.54
10066,5/11/2024 2:32:20 PM,0.43
10066,5/11/2024 2:32:30 PM,0.33
10066,5/11/2024 2:32:40 PM,0.78
10066,5/11/2024 2:32:50 PM,1.48
10066,5/11/2024 2:33:00 PM,2.18
10066,5/11/2024 2:33:10 PM,2.87
10066,5/11/2024 2:33:20 PM,2.69
10066,5/11/2024 2:33:30 PM,2.09
10066,5/11/2024 2:33:40 PM,1.88
10066,5/11/2024 2:33:50 PM,1.85
10066,5/11/2024 2:34:00 PM,1.82
10066,5/11/2024 2:34:10 PM,1.79
10066,5/11/2024 2:34:20 PM,1.76
10066,5/11/2024 2:34:30 PM,1.74
10066,5/11/2024 2:34:40 PM,1.71
10066,5/11/2024 2:34:50 PM,1.68
10066,5/11/2024 2:35:00 PM,1.65
10066,5/11/2024 2:35:10 PM,1.62
10066,5/11/2024 2:35:20 PM,1.59
10066,5/11/2024 2:35:30 PM,1.56
10066,5/11/2024 2:35:40 PM,1.53
10066,5/11/2024 2:35:50 PM,1.50
10066,5/11/2024 2:36:00 PM,1.47
10066,5/11/2024 2:36:10 PM,1.45
10066,5/11/2024 2:36:20 PM,1.42
10066,5/11/2024 2:36:30 PM,1.39
10066,5/11/2024 2:36:40 PM,1.36
10066,5/11/2024 2:36:50 PM,1.33
10066,5/11/2024 2:37:00 PM,1.30
10066,5/11/2024 2:37:10 PM,1.27
10066,5/11/2024 2:37:20 PM,1.24
10066,5/11/2024 2:37:30 PM,1.21
10066,5/11/2024 2:37:40 PM,1.18
10066,5/11/2024 2:37:50 PM,1.15
10066,5/11/2024 2:38:00 PM,1.13
10066,5/11/2024 2:38:10 PM,1.10
10066,5/11/2024 2:38:20 PM,1.07
10066,5/11/2024 2:38:30 PM,1.04
10066,5/11/2024 2:38:40 PM,1.01
10066,5/11/2024 2:38:50 PM,1.08
10066,5/11/2024 2:39:00 PM,1.19
10066,5/11/2024 2:39:10 PM,1.30
10066,5/11/2024 2:39:20 PM,1.41
10066,5/11/2024 2:39:30 PM,1.52
10066,5/11/2024 2:39:40 PM,1.63
10066,5/11/2024 2:39:50 PM,1.74
10066,5/11/2024 2:40:00 PM,1.85
10066,5/11/2024 2:40:10 PM,1.96
10066,5/11/2024 2:40:20 PM,1.66
10066,5/11/2024 2:40:30 PM,1.16
10066,5/11/2024 2:40:40 PM,0.66
10066,5/11/2024 2:40:50 PM,0.74
10066,5/11/2024 2:41:00 PM,1.09
10066,5/11/2024 2:41:10 PM,1.44
10066,5/11/2024 2:41:20 PM,1.79
10066,5/11/2024 2:41:30 PM,1.74
10066,5/11/2024 2:41:40 PM,1.50
10066,5/11/2024 2:41:50 PM,1.26
10066,5/11/2024 2:42:00 PM,1.02
10066,5/11/2024 2:42:10 PM,0.78
10066,5/11/2024 2:42:20 PM,0.74
10066,5/11/2024 2:42:30 PM,0.81
10066,5/11/2024 2:42:40 PM,0.87
10066,5/11/2024 2:42:50 PM,0.93
10066,5/11/2024 2:43:00 PM,1.00
10066,5/11/2024 2:43:10 PM,1.06
10066,5/11/2024 2:43:20 PM,1.13
10066,5/11/2024 2:43:30 PM,1.19
10066,5/11/2024 2:43:40 PM,1.25
10066,5/11/2024 2:43:50 PM,1.32
10066,5/11/2024 2:44:00 PM,1.38
10066,5/11/2024 2:44:10 PM,0.93
10066,5/11/2024 2:44:20 PM,0.73
10066,5/11/2024 2:44:30 PM,0.77
10066,5/11/2024 2:44:40 PM,0.82
10066,5/11/2024 2:44:50 PM,0.86
10066,5/11/2024 2:45:00 PM,0.90
10066,5/11/2024 2:45:10 PM,0.95
10066,5/11/2024 2:45:20 PM,0.99
10066,5/11/2024 2:45:30 PM,1.03
10066,5/11/2024 2:45:40 PM,1.08
10066,5/11/2024 2:45:50 PM,1.12
10066,5/11/2024 2:46:00 PM,1.16
10066,5/11/2024 2:46:10 PM,1.21
10066,5/11/2024 2:46:20 PM,1.25
10066,5/11/2024 2:46:30 PM,1.30
10066,5/11/2024 2:46:40 PM,1.34
10066,5/11/2024 2:46:50 PM,1.38
10066,5/11/2024 2:47:00 PM,1.43
10066,5/11/2024 2:47:10 PM,1.47
10066,5/11/2024 2:47:20 PM,1.51
10066,5/11/2024 2:47:30 PM,1.56
10066,5/11/2024 2:47:40 PM,1.60
10066,5/11/2024 2:47:50 PM,1.64
10066,5/11/2024 2:48:00 PM,1.69
10066,5/11/2024 2:48:10 PM,1.45
10066,5/11/2024 2:48:20 PM,1.08
10066,5/11/2024 2:48:30 PM,0.71
10066,5/11/2024 2:48:40 PM,0.80
10066,5/11/2024 2:48:50 PM,1.08
10066,5/11/2024 2:49:00 PM,1.37
10066,5/11/2024 2:49:10 PM,1.65
10066,5/11/2024 2:49:20 PM,1.94
10066,5/11/2024 2:49:30 PM,2.22
10066,5/11/2024 2:49:40 PM,2.51
10066,5/11/2024 2:49:50 PM,2.49
10066,5/11/2024 2:50:00 PM,2.33
10066,5/11/2024 2:50:10 PM,2.17
10066,5/11/2024 2:50:20 PM,2.01
10066,5/11/2024 2:50:30 PM,1.85
10066,5/11/2024 2:50:40 PM,1.12
10066,5/11/2024 2:50:50 PM,0.95
10066,5/11/2024 2:51:00 PM,1.18
10066,5/11/2024 2:51:10 PM,1.40
10066,5/11/2024 2:51:20 PM,1.63
10066,5/11/2024 2:51:30 PM,1.66
10066,5/11/2024 2:51:40 PM,1.60
10066,5/11/2024 2:51:50 PM,1.54
10066,5/11/2024 2:52:00 PM,1.47
10066,5/11/2024 2:52:10 PM,1.41
10066,5/11/2024 2:52:20 PM,1.35
10066,5/11/2024 2:52:30 PM,1.29
10066,5/11/2024 2:52:40 PM,1.23
10066,5/11/2024 2:52:50 PM,1.17
10066,5/11/2024 2:53:00 PM,1.10
10066,5/11/2024 2:53:10 PM,1.04
10066,5/11/2024 2:53:20 PM,0.98
10066,5/11/2024 2:53:30 PM,0.92
10066,5/11/2024 2:53:40 PM,1.04
10066,5/11/2024 2:53:50 PM,1.24
10066,5/11/2024 2:54:00 PM,1.44
10066,5/11/2024 2:54:10 PM,1.49
10066,5/11/2024 2:54:20 PM,1.47
10066,5/11/2024 2:54:30 PM,1.44
10066,5/11/2024 2:54:40 PM,1.42
10066,5/11/2024 2:54:50 PM,1.40
10066,5/11/2024 2:55:00 PM,1.38
10066,5/11/2024 2:55:10 PM,1.36
10066,5/11/2024 2:55:20 PM,1.34
10066,5/11/2024 2:55:30 PM,1.32
10066,5/11/2024 2:55:40 PM,1.30
10066,5/11/2024 2:55:50 PM,1.28
10066,5/11/2024 2:56:00 PM,1.25
10066,5/11/2024 2:56:10 PM,1.23
10066,5/11/2024 2:56:20 PM,1.21
10066,5/11/2024 2:56:30 PM,1.19
10066,5/11/2024 2:56:40 PM,1.17
10066,5/11/2024 2:56:50 PM,1.15
10066,5/11/2024 2:57:00 PM,1.13
10066,5/11/2024 2:57:10 PM,1.11
10066,5/11/2024 2:57:20 PM,1.34
10066,5/11/2024 2:57:30 PM,1.69
10066,5/11/2024 2:57:40 PM,1.61
10066,5/11/2024 2:57:50 PM,1.34
10066,5/11/2024 2:58:00 PM,1.06
10066,5/11/2024 2:58:10 PM,0.79
10066,5/11/2024 2:58:20 PM,1.00
10066,5/11/2024 2:58:30 PM,1.43
10066,5/11/2024 2:58:40 PM,1.86
10066,5/11/2024 2:58:50 PM,1.73
10066,5/11/2024 2:59:00 PM,1.33
10066,5/11/2024 2:59:10 PM,0.93
10066,5/11/2024 2:59:20 PM,0.53
10066,5/11/2024 2:59:30 PM,0.57
10066,5/11/2024 2:59:40 PM,0.82
10066,5/11/2024 2:59:50 PM,1.07
10066,5/11/2024 3:00:00 PM,1.32
10066,5/11/2024 3:00:10 PM,1.57
10066,5/11/2024 3:00:20 PM,1.56
10066,5/11/2024 3:00:30 PM,1.28
10066,5/11/2024 3:00:40 PM,0.99
10066,5/11/2024 3:00:50 PM,0.92
10066,5/11/2024 3:01:00 PM,0.96
10066,5/11/2024 3:01:10 PM,0.99
10066,5/11/2024 3:01:20 PM,1.03
10066,5/11/2024 3:01:30 PM,1.06
10066,5/11/2024 3:01:40 PM,1.10
10066,5/11/2024 3:01:50 PM,1.13
10066,5/11/2024 3:02:00 PM,1.17
10066,5/11/2024 3:02:10 PM,1.20
10066,5/11/2024 3:02:20 PM,1.24
10066,5/11/2024 3:02:30 PM,1.27
10066,5/11/2024 3:02:40 PM,1.30
10066,5/11/2024 3:02:50 PM,1.34
10066,5/11/2024 3:03:00 PM,1.37
10066,5/11/2024 3:03:10 PM,1.41
10066,5/11/2024 3:03:20 PM,1.44
10066,5/11/2024 3:03:30 PM,1.48
10066,5/11/2024 3:03:40 PM,1.51
10066,5/11/2024 3:03:50 PM,1.55
10066,5/11/2024 3:04:00 PM,1.58
10066,5/11/2024 3:04:10 PM,1.62
10066,5/11/2024 3:04:20 PM,1.65
10066,5/11/2024 3:04:30 PM,1.69
10066,5/11/2024 3:04:40 PM,1.72
10066,5/11/2024 3:04:50 PM,1.75
10066,5/11/2024 3:05:00 PM,1.79
10066,5/11/2024 3:05:10 PM,1.61
10066,5/11/2024 3:05:20 PM,1.34
10066,5/11/2024 3:05:30 PM,1.06
10066,5/11/2024 3:05:40 PM,0.79
10066,5/11/2024 3:05:50 PM,0.67
10066,5/11/2024 3:06:00 PM,0.62
10066,5/11/2024 3:06:10 PM,0.58
10066,5/11/2024 3:06:20 PM,0.53
10066,5/11/2024 3:06:30 PM,0.48
10066,5/11/2024 3:06:40 PM,0.44
10066,5/11/2024 3:06:50 PM,0.39
10066,5/11/2024 3:07:00 PM,0.35
10066,5/11/2024 3:07:10 PM,0.30
10066,5/11/2024 3:07:20 PM,0.25
10066,5/11/2024 3:07:30 PM,0.21
10066,5/11/2024 3:07:40 PM,0.16
10066,5/11/2024 3:07:50 PM,0.12
10066,5/11/2024 3:08:00 PM,0.07
10066,5/11/2024 3:08:10 PM,0.02
10066,5/11/2024 3:08:20 PM,-0.02
10066,5/11/2024 3:08:30 PM,-0.07
10066,5/11/2024 3:08:40 PM,-0.12
10066,5/11/2024 3:08:50 PM,-0.16
10066,5/11/2024 3:09:00 PM,-0.21
10066,5/11/2024 3:09:10 PM,-0.25
10066,5/11/2024 3:09:20 PM,-0.30
10066,5/11/2024 3:09:30 PM,-0.35
10066,5/11/2024 3:09:40 PM,-0.39
10066,5/11/2024 3:09:50 PM,-0.44
10066,5/11/2024 3:10:00 PM,-0.49
10066,5/11/2024 3:10:10 PM,-0.36
10066,5/11/2024 3:10:20 PM,-0.14
10066,5/11/2024 3:10:30 PM,0.07
10066,5/11/2024 3:10:40 PM,0.29
10066,5/11/2024 3:10:50 PM,0.50
10066,5/11/2024 3:11:00 PM,0.72
10066,5/11/2024 3:11:10 PM,0.93
10066,5/11/2024 3:11:20 PM,0.86
10066,5/11/2024 3:11:30 PM,0.66
10066,5/11/2024 3:11:40 PM,0.46
10066,5/11/2024 3:11:50 PM,0.26
10066,5/11/2024 3:12:00 PM,0.06
10066,5/11/2024 3:12:10 PM,-0.14
10066,5/11/2024 3:12:20 PM,0.05
10066,5/11/2024 3:12:30 PM,0.42
10066,5/11/2024 3:12:40 PM,0.79
10066,5/11/2024 3:12:50 PM,0.96
10066,5/11/2024 3:13:00 PM,1.05
10066,5/11/2024 3:13:10 PM,1.14
10066,5/11/2024 3:13:20 PM,1.22
10066,5/11/2024 3:13:30 PM,1.31
10066,5/11/2024 3:13:40 PM,1.40
10066,5/11/2024 3:13:50 PM,1.48
10066,5/11/2024 3:14:00 PM,1.57
10066,5/11/2024 3:14:10 PM,1.45
10066,5/11/2024 3:14:20 PM,1.22
10066,5/11/2024 3:14:30 PM,1.00
10066,5/11/2024 3:14:40 PM,0.77
10066,5/11/2024 3:14:50 PM,0.86
10066,5/11/2024 3:15:00 PM,1.10
10066,5/11/2024 3:15:10 PM,1.33
10066,5/11/2024 3:15:20 PM,1.44
10066,5/11/2024 3:15:30 PM,1.20
10066,5/11/2024 3:15:40 PM,0.97
10066,5/11/2024 3:15:50 PM,0.93
10066,5/11/2024 3:16:00 PM,0.96
10066,5/11/2024 3:16:10 PM,1.00
10066,5/11/2024 3:16:20 PM,1.03
10066,5/11/2024 3:16:30 PM,1.07
10066,5/11/2024 3:16:40 PM,1.11
10066,5/11/2024 3:16:50 PM,1.14
10066,5/11/2024 3:17:00 PM,1.18
10066,5/11/2024 3:17:10 PM,1.22
10066,5/11/2024 3:17:20 PM,1.25
10066,5/11/2024 3:17:30 PM,1.29
10066,5/11/2024 3:17:40 PM,1.33
10066,5/11/2024 3:17:50 PM,1.36
10066,5/11/2024 3:18:00 PM,1.40
10066,5/11/2024 3:18:10 PM,1.43
10066,5/11/2024 3:18:20 PM,1.47
10066,5/11/2024 3:18:30 PM,1.51
10066,5/11/2024 3:18:40 PM,1.54
10066,5/11/2024 3:18:50 PM,1.58
10066,5/11/2024 3:19:00 PM,1.62
10066,5/11/2024 3:19:10 PM,1.65
10066,5/11/2024 3:19:20 PM,1.69
10066,5/11/2024 3:19:30 PM,1.73
10066,5/11/2024 3:19:40 PM,1.76
10066,5/11/2024 3:19:50 PM,1.80
10066,5/11/2024 3:20:00 PM,1.83
10066,5/11/2024 3:20:10 PM,1.87
10066,5/11/2024 3:20:20 PM,1.91
10066,5/11/2024 3:20:30 PM,1.94
10066,5/11/2024 3:20:40 PM,1.98
10066,5/11/2024 3:20:50 PM,2.02
10066,5/11/2024 3:21:00 PM,2.05
10066,5/11/2024 3:21:10 PM,2.09
10066,5/11/2024 3:21:20 PM,1.69
10066,5/11/2024 3:21:30 PM,1.09
10066,5/11/2024 3:21:40 PM,0.93
10066,5/11/2024 3:21:50 PM,0.98
10066,5/11/2024 3:22:00 PM,1.03
10066,5/11/2024 3:22:10 PM,1.08
10066,5/11/2024 3:22:20 PM,1.13
10066,5/11/2024 3:22:30 PM,1.18
10066,5/11/2024 3:22:40 PM,1.23
10066,5/11/2024 3:22:50 PM,1.28
10066,5/11/2024 3:23:00 PM,1.33
10066,5/11/2024 3:23:10 PM,1.38
10066,5/11/2024 3:23:20 PM,1.43
10066,5/11/2024 3:23:30 PM,1.48
10066,5/11/2024 3:23:40 PM,1.53
10066,5/11/2024 3:23:50 PM,1.58
10066,5/11/2024 3:24:00 PM,1.63
10066,5/11/2024 3:24:10 PM,1.68
10066,5/11/2024 3:24:20 PM,1.73
10066,5/11/2024 3:24:30 PM,1.78
10066,5/11/2024 3:24:40 PM,1.83
10066,5/11/2024 3:24:50 PM,1.88
10066,5/11/2024 3:25:00 PM,1.86
10066,5/11/2024 3:25:10 PM,1.80
10066,5/11/2024 3:25:20 PM,1.74
10066,5/11/2024 3:25:30 PM,1.68
10066,5/11/2024 3:25:40 PM,1.62
10066,5/11/2024 3:25:50 PM,1.56
10066,5/11/2024 3:26:00 PM,1.50
10066,5/11/2024 3:26:10 PM,1.45
10066,5/11/2024 3:26:20 PM,1.39
10066,5/11/2024 3:26:30 PM,1.33
10066,5/11/2024 3:26:40 PM,1.27
10066,5/11/2024 3:26:50 PM,1.21
10066,5/11/2024 3:27:00 PM,1.15
10066,5/11/2024 3:27:10 PM,1.09
10066,5/11/2024 3:27:20 PM,1.03
10066,5/11/2024 3:27:30 PM,1.06
10066,5/11/2024 3:27:40 PM,1.18
10066,5/11/2024 3:27:50 PM,1.30
10066,5/11/2024 3:28:00 PM,1.42
10066,5/11/2024 3:28:10 PM,1.54
10066,5/11/2024 3:28:20 PM,1.66
10066,5/11/2024 3:28:30 PM,1.64
10066,5/11/2024 3:28:40 PM,1.55
10066,5/11/2024 3:28:50 PM,1.46
10066,5/11/2024 3:29:00 PM,1.37
10066,5/11/2024 3:29:10 PM,1.28
10066,5/11/2024 3:29:20 PM,1.19
10066,5/11/2024 3:29:30 PM,1.11
10066,5/11/2024 3:29:40 PM,1.02
10066,5/11/2024 3:29:50 PM,0.93
10066,5/11/2024 3:30:00 PM,0.98
10066,5/11/2024 3:30:10 PM,1.09
10066,5/11/2024 3:30:20 PM,1.20
10066,5/11/2024 3:30:30 PM,1.31
10066,5/11/2024 3:30:40 PM,1.42
10066,5/11/2024 3:30:50 PM,1.53
10066,5/11/2024 3:31:00 PM,1.64
10066,5/11/2024 3:31:10 PM,1.75
10066,5/11/2024 3:31:20 PM,1.86
10066,5/11/2024 3:31:30 PM,1.97
10066,5/11/2024 3:31:40 PM,1.92
10066,5/11/2024 3:31:50 PM,1.79
10066,5/11/2024 3:32:00 PM,1.67
10066,5/11/2024 3:32:10 PM,1.54
10066,5/11/2024 3:32:20 PM,1.42
10066,5/11/2024 3:32:30 PM,1.29
10066,5/11/2024 3:32:40 PM,1.16
10066,5/11/2024 3:32:50 PM,1.04
10066,5/11/2024 3:33:00 PM,0.62
10066,5/11/2024 3:33:10 PM,0.08
10066,5/11/2024 3:33:20 PM,0.03
10066,5/11/2024 3:33:30 PM,0.22
10066,5/11/2024 3:33:40 PM,0.40
10066,5/11/2024 3:33:50 PM,0.59
10066,5/11/2024 3:34:00 PM,0.78
10066,5/11/2024 3:34:10 PM,0.97
10066,5/11/2024 3:34:20 PM,1.15
10066,5/11/2024 3:34:30 PM,1.34
10066,5/11/2024 3:34:40 PM,1.42
10066,5/11/2024 3:34:50 PM,1.46
10066,5/11/2024 3:35:00 PM,1.49
10066,5/11/2024 3:35:10 PM,1.52
10066,5/11/2024 3:35:20 PM,1.56
10066,5/11/2024 3:35:30 PM,1.59
10066,5/11/2024 3:35:40 PM,1.62
10066,5/11/2024 3:35:50 PM,1.66
10066,5/11/2024 3:36:00 PM,1.69
10066,5/11/2024 3:36:10 PM,1.72
10066,5/11/2024 3:36:20 PM,1.76
10066,5/11/2024 3:36:30 PM,1.79
10066,5/11/2024 3:36:40 PM,1.82
10066,5/11/2024 3:36:50 PM,1.86
10066,5/11/2024 3:37:00 PM,1.89
10066,5/11/2024 3:37:10 PM,1.92
10066,5/11/2024 3:37:20 PM,1.96
10066,5/11/2024 3:37:30 PM,1.99
10066,5/11/2024 3:37:40 PM,2.02
10066,5/11/2024 3:37:50 PM,2.06
10066,5/11/2024 3:38:00 PM,2.09
10066,5/11/2024 3:38:10 PM,1.79
10066,5/11/2024 3:38:20 PM,1.32
10066,5/11/2024 3:38:30 PM,0.85
10066,5/11/2024 3:38:40 PM,0.76
10066,5/11/2024 3:38:50 PM,0.84
10066,5/11/2024 3:39:00 PM,0.92
10066,5/11/2024 3:39:10 PM,1.00
10066,5/11/2024 3:39:20 PM,1.08
10066,5/11/2024 3:39:30 PM,1.16
10066,5/11/2024 3:39:40 PM,1.24
10066,5/11/2024 3:39:50 PM,1.32
10066,5/11/2024 3:40:00 PM,1.41
10066,5/11/2024 3:40:10 PM,1.49
10066,5/11/2024 3:40:20 PM,1.57
10066,5/11/2024 3:40:30 PM,1.65
10066,5/11/2024 3:40:40 PM,1.73
10066,5/11/2024 3:40:50 PM,1.81
10066,5/11/2024 3:41:00 PM,1.89
10066,5/11/2024 3:41:10 PM,1.98
10066,5/11/2024 3:41:20 PM,1.95
10066,5/11/2024 3:41:30 PM,1.87
10066,5/11/2024 3:41:40 PM,1.80
10066,5/11/2024 3:41:50 PM,1.72
10066,5/11/2024 3:42:00 PM,1.65
10066,5/11/2024 3:42:10 PM,1.57
10066,5/11/2024 3:42:20 PM,1.50
10066,5/11/2024 3:42:30 PM,1.42
10066,5/11/2024 3:42:40 PM,1.35
10066,5/11/2024 3:42:50 PM,1.27
10066,5/11/2024 3:43:00 PM,1.20
10066,5/11/2024 3:43:10 PM,1.12
10066,5/11/2024 3:43:20 PM,1.38
10066,5/11/2024 3:43:30 PM,1.78
10066,5/11/2024 3:43:40 PM,2.18
10066,5/11/2024 3:43:50 PM,1.97
10066,5/11/2024 3:44:00 PM,1.50
10066,5/11/2024 3:44:10 PM,1.02
10066,5/11/2024 3:44:20 PM,0.55
10066,5/11/2024 3:44:30 PM,0.57
10066,5/11/2024 3:44:40 PM,0.82
10066,5/11/2024 3:44:50 PM,1.07
10066,5/11/2024 3:45:00 PM,1.32
10066,5/11/2024 3:45:10 PM,1.57
10066,5/11/2024 3:45:20 PM,1.67
10066,5/11/2024 3:45:30 PM,1.60
10066,5/11/2024 3:45:40 PM,1.53
10066,5/11/2024 3:45:50 PM,1.46
10066,5/11/2024 3:46:00 PM,1.40
10066,5/11/2024 3:46:10 PM,1.33
10066,5/11/2024 3:46:20 PM,1.26
10066,5/11/2024 3:46:30 PM,1.19
10066,5/11/2024 3:46:40 PM,1.12
10066,5/11/2024 3:46:50 PM,1.06
10066,5/11/2024 3:47:00 PM,0.99
10066,5/11/2024 3:47:10 PM,0.92
10066,5/11/2024 3:47:20 PM,0.56
10066,5/11/2024 3:47:30 PM,0.06
10066,5/11/2024 3:47:40 PM,0.24
10066,5/11/2024 3:47:50 PM,0.74
10066,5/11/2024 3:48:00 PM,0.56
10066,5/11/2024 3:48:10 PM,0.06
10066,5/11/2024 3:48:20 PM,0.04
10066,5/11/2024 3:48:30 PM,0.25
10066,5/11/2024 3:48:40 PM,0.46
10066,5/11/2024 3:48:50 PM,0.67
10066,5/11/2024 3:49:00 PM,0.88
10066,5/11/2024 3:49:10 PM,1.08
10066,5/11/2024 3:49:20 PM,1.29
10066,5/11/2024 3:49:30 PM,1.50
10066,5/11/2024 3:49:40 PM,1.71
10066,5/11/2024 3:49:50 PM,1.92
10066,5/11/2024 3:50:00 PM,2.12
10066,5/11/2024 3:50:10 PM,2.33
10066,5/11/2024 3:50:20 PM,2.43
10066,5/11/2024 3:50:30 PM,2.47
10066,5/11/2024 3:50:40 PM,2.52
10066,5/11/2024 3:50:50 PM,2.56
10066,5/11/2024 3:51:00 PM,2.61
10066,5/11/2024 3:51:10 PM,2.65
10066,5/11/2024 3:51:20 PM,2.70
10066,5/11/2024 3:51:30 PM,2.74
10066,5/11/2024 3:51:40 PM,2.79
10066,5/11/2024 3:51:50 PM,2.62
10066,5/11/2024 3:52:00 PM,2.35
10066,5/11/2024 3:52:10 PM,2.08
10066,5/11/2024 3:52:20 PM,1.82
10066,5/11/2024 3:52:30 PM,1.55
10066,5/11/2024 3:52:40 PM,1.28
10066,5/11/2024 3:52:50 PM,1.22
10066,5/11/2024 3:53:00 PM,1.26
10066,5/11/2024 3:53:10 PM,1.30
10066,5/11/2024 3:53:20 PM,1.33
10066,5/11/2024 3:53:30 PM,1.37
10066,5/11/2024 3:53:40 PM,1.40
10066,5/11/2024 3:53:50 PM,1.44
10066,5/11/2024 3:54:00 PM,1.47
10066,5/11/2024 3:54:10 PM,1.51
10066,5/11/2024 3:54:20 PM,1.55
10066,5/11/2024 3:54:30 PM,1.58
10066,5/11/2024 3:54:40 PM,1.62
10066,5/11/2024 3:54:50 PM,1.65
10066,5/11/2024 3:55:00 PM,1.69
10066,5/11/2024 3:55:10 PM,1.66
10066,5/11/2024 3:55:20 PM,1.60
10066,5/11/2024 3:55:30 PM,1.53
10066,5/11/2024 3:55:40 PM,1.47
10066,5/11/2024 3:55:50 PM,1.41
10066,5/11/2024 3:56:00 PM,1.34
10066,5/11/2024 3:56:10 PM,1.28
10066,5/11/2024 3:56:20 PM,1.22
10066,5/11/2024 3:56:30 PM,1.15
10066,5/11/2024 3:56:40 PM,1.09
10066,5/11/2024 3:56:50 PM,1.03
10066,5/11/2024 3:57:00 PM,0.97
10066,5/11/2024 3:57:10 PM,0.90
10066,5/11/2024 3:57:20 PM,0.84
10066,5/11/2024 3:57:30 PM,0.78
10066,5/11/2024 3:57:40 PM,0.71
10066,5/11/2024 3:57:50 PM,0.65
10066,5/11/2024 3:58:00 PM,0.59
10066,5/11/2024 3:58:10 PM,0.52
10066,5/11/2024 3:58:20 PM,0.46
10066,5/11/2024 3:58:30 PM,0.40
10066,5/11/2024 3:58:40 PM,0.34
10066,5/11/2024 3:58:50 PM,0.27
10066,5/11/2024 3:59:00 PM,0.21
10066,5/11/2024 3:59:10 PM,0.15
10066,5/11/2024 3:59:20 PM,0.08
10066,5/11/2024 3:59:30 PM,0.02
10066,5/11/2024 3:59:40 PM,0.68
10066,5/11/2024 3:59:50 PM,1.12
10066,5/11/2024 4:00:00 PM,1.31
10066,5/11/2024 4:00:10 PM,1.49
10066,5/11/2024 4:00:20 PM,1.68
10066,5/11/2024 4:00:30 PM,1.86
10066,5/11/2024 4:00:40 PM,2.04
10066,5/11/2024 4:00:50 PM,2.02
10066,5/11/2024 4:01:00 PM,1.89
10066,5/11/2024 4:01:10 PM,1.77
10066,5/11/2024 4:01:20 PM,1.65
10066,5/11/2024 4:01:30 PM,1.53
10066,5/11/2024 4:01:40 PM,1.41
10066,5/11/2024 4:01:50 PM,1.28
10066,5/11/2024 4:02:00 PM,1.16
10066,5/11/2024 4:02:10 PM,1.04
10066,5/11/2024 4:02:20 PM,1.03
10066,5/11/2024 4:02:30 PM,1.07
10066,5/11/2024 4:02:40 PM,1.10
10066,5/11/2024 4:02:50 PM,1.14
10066,5/11/2024 4:03:00 PM,1.18
10066,5/11/2024 4:03:10 PM,1.22
10066,5/11/2024 4:03:20 PM,1.26
10066,5/11/2024 4:03:30 PM,1.30
10066,5/11/2024 4:03:40 PM,1.34
10066,5/11/2024 4:03:50 PM,1.38
10066,5/11/2024 4:04:00 PM,1.41
10066,5/11/2024 4:04:10 PM,1.45
10066,5/11/2024 4:04:20 PM,1.49
10066,5/11/2024 4:04:30 PM,1.53
10066,5/11/2024 4:04:40 PM,1.57
10066,5/11/2024 4:04:50 PM,1.61
10066,5/11/2024 4:05:00 PM,1.65
10066,5/11/2024 4:05:10 PM,1.68
10066,5/11/2024 4:05:20 PM,1.72
10066,5/11/2024 4:05:30 PM,1.76
10066,5/11/2024 4:05:40 PM,1.80
10066,5/11/2024 4:05:50 PM,1.84
10066,5/11/2024 4:06:00 PM,1.88
10066,5/11/2024 4:06:10 PM,1.92
10066,5/11/2024 4:06:20 PM,1.96
10066,5/11/2024 4:06:30 PM,1.99
10066,5/11/2024 4:06:40 PM,2.03
10066,5/11/2024 4:06:50 PM,2.07
10066,5/11/2024 4:07:00 PM,2.11
10066,5/11/2024 4:07:10 PM,2.15
10066,5/11/2024 4:07:20 PM,2.19
10066,5/11/2024 4:07:30 PM,2.04
10066,5/11/2024 4:07:40 PM,1.81
10066,5/11/2024 4:07:50 PM,1.57
10066,5/11/2024 4:08:00 PM,1.34
10066,5/11/2024 4:08:10 PM,1.11
10066,5/11/2024 4:08:20 PM,0.87
10066,5/11/2024 4:08:30 PM,1.11
10066,5/11/2024 4:08:40 PM,1.56
10066,5/11/2024 4:08:50 PM,1.62
10066,5/11/2024 4:09:00 PM,1.51
10066,5/11/2024 4:09:10 PM,1.39
10066,5/11/2024 4:09:20 PM,1.28
10066,5/11/2024 4:09:30 PM,1.16
10066,5/11/2024 4:09:40 PM,1.05
10066,5/11/2024 4:09:50 PM,0.94
10066,5/11/2024 4:10:00 PM,1.11
10066,5/11/2024 4:10:10 PM,1.41
10066,5/11/2024 4:10:20 PM,1.71
10066,5/11/2024 4:10:30 PM,1.60
10066,5/11/2024 4:10:40 PM,1.29
10066,5/11/2024 4:10:50 PM,0.99
10066,5/11/2024 4:11:00 PM,0.97
10066,5/11/2024 4:11:10 PM,1.07
10066,5/11/2024 4:11:20 PM,1.17
10066,5/11/2024 4:11:30 PM,1.27
10066,5/11/2024 4:11:40 PM,1.37
10066,5/11/2024 4:11:50 PM,1.47
10066,5/11/2024 4:12:00 PM,1.57
10066,5/11/2024 4:12:10 PM,1.42
10066,5/11/2024 4:12:20 PM,1.15
10066,5/11/2024 4:12:30 PM,0.89
10066,5/11/2024 4:12:40 PM,0.91
10066,5/11/2024 4:12:50 PM,1.07
10066,5/11/2024 4:13:00 PM,1.23
10066,5/11/2024 4:13:10 PM,1.39
10066,5/11/2024 4:13:20 PM,1.55
10066,5/11/2024 4:13:30 PM,1.59
10066,5/11/2024 4:13:40 PM,1.59
10066,5/11/2024 4:13:50 PM,1.58
10066,5/11/2024 4:14:00 PM,1.57
10066,5/11/2024 4:14:10 PM,1.56
10066,5/11/2024 4:14:20 PM,1.55
10066,5/11/2024 4:14:30 PM,1.54
10066,5/11/2024 4:14:40 PM,1.53
10066,5/11/2024 4:14:50 PM,1.52
10066,5/11/2024 4:15:00 PM,1.51
10066,5/11/2024 4:15:10 PM,1.51
10066,5/11/2024 4:15:20 PM,1.50
10066,5/11/2024 4:15:30 PM,1.49
10066,5/11/2024 4:15:40 PM,1.48
10066,5/11/2024 4:15:50 PM,1.47
10066,5/11/2024 4:16:00 PM,1.46
10066,5/11/2024 4:16:10 PM,1.45
10066,5/11/2024 4:16:20 PM,1.44
10066,5/11/2024 4:16:30 PM,1.43
10066,5/11/2024 4:16:40 PM,1.43
10066,5/11/2024 4:16:50 PM,1.42
10066,5/11/2024 4:17:00 PM,1.41
10066,5/11/2024 4:17:10 PM,1.40
10066,5/11/2024 4:17:20 PM,1.39
10066,5/11/2024 4:17:30 PM,1.38
10066,5/11/2024 4:17:40 PM,1.37
10066,5/11/2024 4:17:50 PM,1.36
10066,5/11/2024 4:18:00 PM,1.35
10066,5/11/2024 4:18:10 PM,1.35
10066,5/11/2024 4:18:20 PM,1.34
10066,5/11/2024 4:18:30 PM,1.33
10066,5/11/2024 4:18:40 PM,1.32
10066,5/11/2024 4:18:50 PM,1.31
10066,5/11/2024 4:19:00 PM,1.30
10066,5/11/2024 4:19:10 PM,1.29
10066,5/11/2024 4:19:20 PM,1.28
10066,5/11/2024 4:19:30 PM,1.27
10066,5/11/2024 4:19:40 PM,1.27
10066,5/11/2024 4:19:50 PM,1.26
10066,5/11/2024 4:20:00 PM,1.25
10066,5/11/2024 4:20:10 PM,1.24
10066,5/11/2024 4:20:20 PM,1.23
10066,5/11/2024 4:20:30 PM,1.22
10066,5/11/2024 4:20:40 PM,1.21
10066,5/11/2024 4:20:50 PM,1.20
10066,5/11/2024 4:21:00 PM,1.19
10066,5/11/2024 4:21:10 PM,1.19
10066,5/11/2024 4:21:20 PM,1.18
10066,5/11/2024 4:21:30 PM,1.17
10066,5/11/2024 4:21:40 PM,1.16
10066,5/11/2024 4:21:50 PM,1.15
10066,5/11/2024 4:22:00 PM,1.14
10066,5/11/2024 4:22:10 PM,1.13
10066,5/11/2024 4:22:20 PM,1.12
10066,5/11/2024 4:22:30 PM,1.11
10066,5/11/2024 4:22:40 PM,1.11
10066,5/11/2024 4:22:50 PM,1.10
10066,5/11/2024 4:23:00 PM,1.09
10066,5/11/2024 4:23:10 PM,1.08
10066,5/11/2024 4:23:20 PM,1.07
10066,5/11/2024 4:23:30 PM,1.06
10066,5/11/2024 4:23:40 PM,1.05
10066,5/11/2024 4:23:50 PM,1.04
10066,5/11/2024 4:24:00 PM,1.03
10066,5/11/2024 4:24:10 PM,1.03
10066,5/11/2024 4:24:20 PM,1.02
10066,5/11/2024 4:24:30 PM,1.01
10066,5/11/2024 4:24:40 PM,1.00
10066,5/11/2024 4:24:50 PM,0.99
10066,5/11/2024 4:25:00 PM,0.98
10066,5/11/2024 4:25:10 PM,0.97
10066,5/11/2024 4:25:20 PM,0.96
10066,5/11/2024 4:25:30 PM,0.95
10066,5/11/2024 4:25:40 PM,0.95
10066,5/11/2024 4:25:50 PM,0.94
10066,5/11/2024 4:26:00 PM,0.93
10066,5/11/2024 4:26:10 PM,0.92
10066,5/11/2024 4:26:20 PM,0.91
10066,5/11/2024 4:26:30 PM,0.90
10066,5/11/2024 4:26:40 PM,0.89
10066,5/11/2024 4:26:50 PM,0.88
10066,5/11/2024 4:27:00 PM,0.87
10066,5/11/2024 4:27:10 PM,0.87
10066,5/11/2024 4:27:20 PM,0.86
10066,5/11/2024 4:27:30 PM,0.85
10066,5/11/2024 4:27:40 PM,0.84
10066,5/11/2024 4:27:50 PM,0.83
10066,5/11/2024 4:28:00 PM,0.82
10066,5/11/2024 4:28:10 PM,0.81
10066,5/11/2024 4:28:20 PM,0.80
10066,5/11/2024 4:28:30 PM,0.79
10066,5/11/2024 4:28:40 PM,0.79
10066,5/11/2024 4:28:50 PM,0.78
10066,5/11/2024 4:29:00 PM,0.77
10066,5/11/2024 4:29:10 PM,0.76
10066,5/11/2024 4:29:20 PM,0.75
10066,5/11/2024 4:29:30 PM,0.74
10066,5/11/2024 4:29:40 PM,0.73
10066,5/11/2024 4:29:50 PM,0.72
10066,5/11/2024 4:30:00 PM,0.71
10066,5/11/2024 4:30:10 PM,0.71
10066,5/11/2024 4:30:20 PM,0.76
10066,5/11/2024 4:30:30 PM,0.90
10066,5/11/2024 4:30:40 PM,1.03
10066,5/11/2024 4:30:50 PM,1.16
10066,5/11/2024 4:31:00 PM,1.15
10066,5/11/2024 4:31:10 PM,1.07
10066,5/11/2024 4:31:20 PM,0.99
10066,5/11/2024 4:31:30 PM,0.91
10066,5/11/2024 4:31:40 PM,0.83
10066,5/11/2024 4:31:50 PM,0.75
10066,5/11/2024 4:32:00 PM,0.67
10066,5/11/2024 4:32:10 PM,0.59
10066,5/11/2024 4:32:20 PM,0.51
10066,5/11/2024 4:32:30 PM,0.43
10066,5/11/2024 4:32:40 PM,0.35
10066,5/11/2024 4:32:50 PM,0.27
10066,5/11/2024 4:33:00 PM,0.19
10066,5/11/2024 4:33:10 PM,0.11
10066,5/11/2024 4:33:20 PM,0.03
10066,5/11/2024 4:33:30 PM,0.10
10066,5/11/2024 4:33:40 PM,0.25
10066,5/11/2024 4:33:50 PM,0.40
10066,5/11/2024 4:34:00 PM,0.55
10066,5/11/2024 4:34:10 PM,0.70
10066,5/11/2024 4:34:20 PM,0.85
10066,5/11/2024 4:34:30 PM,1.00
10066,5/11/2024 4:34:40 PM,1.15
10066,5/11/2024 4:34:50 PM,1.19
10066,5/11/2024 4:35:00 PM,1.19
10066,5/11/2024 4:35:10 PM,1.18
10066,5/11/2024 4:35:20 PM,1.17
10066,5/11/2024 4:35:30 PM,1.16
10066,5/11/2024 4:35:40 PM,1.15
10066,5/11/2024 4:35:50 PM,1.14
10066,5/11/2024 4:36:00 PM,1.13
10066,5/11/2024 4:36:10 PM,1.12
10066,5/11/2024 4:36:20 PM,1.11
10066,5/11/2024 4:36:30 PM,1.10
10066,5/11/2024 4:36:40 PM,1.09
10066,5/11/2024 4:36:50 PM,1.09
10066,5/11/2024 4:37:00 PM,1.08
10066,5/11/2024 4:37:10 PM,1.07
10066,5/11/2024 4:37:20 PM,1.06
10066,5/11/2024 4:37:30 PM,1.05
10066,5/11/2024 4:37:40 PM,1.04
10066,5/11/2024 4:37:50 PM,1.03
10066,5/11/2024 4:38:00 PM,1.02
10066,5/11/2024 4:38:10 PM,1.01
10066,5/11/2024 4:38:20 PM,1.00
10066,5/11/2024 4:38:30 PM,0.99
10066,5/11/2024 4:38:40 PM,0.97
10066,5/11/2024 4:38:50 PM,0.96
10066,5/11/2024 4:39:00 PM,0.94
10066,5/11/2024 4:39:10 PM,0.93
10066,5/11/2024 4:39:20 PM,0.91
10066,5/11/2024 4:39:30 PM,0.89
10066,5/11/2024 4:39:40 PM,0.88
10066,5/11/2024 4:39:50 PM,0.86
10066,5/11/2024 4:40:00 PM,0.85
10066,5/11/2024 4:40:10 PM,0.83
10066,5/11/2024 4:40:20 PM,0.82
10066,5/11/2024 4:40:30 PM,0.80
10066,5/11/2024 4:40:40 PM,0.78
10066,5/11/2024 4:40:50 PM,0.77
10066,5/11/2024 4:41:00 PM,0.75
10066,5/11/2024 4:41:10 PM,0.74
10066,5/11/2024 4:41:20 PM,0.72
10066,5/11/2024 4:41:30 PM,0.71
10066,5/11/2024 4:41:40 PM,0.69
10066,5/11/2024 4:41:50 PM,0.67
10066,5/11/2024 4:42:00 PM,0.66
10066,5/11/2024 4:42:10 PM,0.64
10066,5/11/2024 4:42:20 PM,0.63
10066,5/11/2024 4:42:30 PM,0.61
10066,5/11/2024 4:42:40 PM,0.59
10066,5/11/2024 4:42:50 PM,0.58
10066,5/11/2024 4:43:00 PM,0.56
10066,5/11/2024 4:43:10 PM,0.55
10066,5/11/2024 4:43:20 PM,0.53
10066,5/11/2024 4:43:30 PM,0.52
10066,5/11/2024 4:43:40 PM,0.50
10066,5/11/2024 4:43:50 PM,0.48
10066,5/11/2024 4:44:00 PM,0.47
10066,5/11/2024 4:44:10 PM,0.45
10066,5/11/2024 4:44:20 PM,0.44
10066,5/11/2024 4:44:30 PM,0.42
10066,5/11/2024 4:44:40 PM,0.41
10066,5/11/2024 4:44:50 PM,0.43
10066,5/11/2024 4:45:00 PM,0.48
10066,5/11/2024 4:45:10 PM,0.52
10066,5/11/2024 4:45:20 PM,0.57
10066,5/11/2024 4:45:30 PM,0.61
10066,5/11/2024 4:45:40 PM,0.66
10066,5/11/2024 4:45:50 PM,0.70
10066,5/11/2024 4:46:00 PM,0.75
10066,5/11/2024 4:46:10 PM,0.80
10066,5/11/2024 4:46:20 PM,0.84
10066,5/11/2024 4:46:30 PM,0.89
10066,5/11/2024 4:46:40 PM,0.56
10066,5/11/2024 4:46:50 PM,0.52
10066,5/11/2024 4:47:00 PM,0.70
10066,5/11/2024 4:47:10 PM,0.87
10066,5/11/2024 4:47:20 PM,1.05
10066,5/11/2024 4:47:30 PM,1.22
10066,5/11/2024 4:47:40 PM,1.40
10066,5/11/2024 4:47:50 PM,1.57
10066,5/11/2024 4:48:00 PM,1.75
10066,5/11/2024 4:48:10 PM,1.79
10066,5/11/2024 4:48:20 PM,1.79
10066,5/11/2024 4:48:30 PM,1.78
10066,5/11/2024 4:48:40 PM,1.77
10066,5/11/2024 4:48:50 PM,1.76
10066,5/11/2024 4:49:00 PM,1.75
10066,5/11/2024 4:49:10 PM,1.75
10066,5/11/2024 4:49:20 PM,1.74
10066,5/11/2024 4:49:30 PM,1.73
10066,5/11/2024 4:49:40 PM,1.72
10066,5/11/2024 4:49:50 PM,1.71
10066,5/11/2024 4:50:00 PM,1.71
10066,5/11/2024 4:50:10 PM,1.70
10066,5/11/2024 4:50:20 PM,1.69
10066,5/11/2024 4:50:30 PM,1.68
10066,5/11/2024 4:50:40 PM,1.67
10066,5/11/2024 4:50:50 PM,1.66
10066,5/11/2024 4:51:00 PM,1.66
10066,5/11/2024 4:51:10 PM,1.65
10066,5/11/2024 4:51:20 PM,1.64
10066,5/11/2024 4:51:30 PM,1.63
10066,5/11/2024 4:51:40 PM,1.62
10066,5/11/2024 4:51:50 PM,1.62
10066,5/11/2024 4:52:00 PM,1.61
10066,5/11/2024 4:52:10 PM,1.60
10066,5/11/2024 4:52:20 PM,1.59
10066,5/11/2024 4:52:30 PM,1.58
10066,5/11/2024 4:52:40 PM,1.57
10066,5/11/2024 4:52:50 PM,1.57
10066,5/11/2024 4:53:00 PM,1.56
10066,5/11/2024 4:53:10 PM,1.55
10066,5/11/2024 4:53:20 PM,1.54
10066,5/11/2024 4:53:30 PM,1.53
10066,5/11/2024 4:53:40 PM,1.53
10066,5/11/2024 4:53:50 PM,1.52
10066,5/11/2024 4:54:00 PM,1.51
10066,5/11/2024 4:54:10 PM,1.50
10066,5/11/2024 4:54:20 PM,1.49
10066,5/11/2024 4:54:30 PM,1.48
10066,5/11/2024 4:54:40 PM,1.48
10066,5/11/2024 4:54:50 PM,1.47
10066,5/11/2024 4:55:00 PM,1.46
10066,5/11/2024 4:55:10 PM,1.45
10066,5/11/2024 4:55:20 PM,1.44
10066,5/11/2024 4:55:30 PM,1.44
10066,5/11/2024 4:55:40 PM,1.43
10066,5/11/2024 4:55:50 PM,1.42
10066,5/11/2024 4:56:00 PM,1.41
10066,5/11/2024 4:56:10 PM,1.40
10066,5/11/2024 4:56:20 PM,1.10
10066,5/11/2024 4:56:30 PM,0.64
10066,5/11/2024 4:56:40 PM,0.75
10066,5/11/2024 4:56:50 PM,1.12
10066,5/11/2024 4:57:00 PM,1.48
10066,5/11/2024 4:57:10 PM,1.61
10066,5/11/2024 4:57:20 PM,1.62
10066,5/11/2024 4:57:30 PM,1.63
10066,5/11/2024 4:57:40 PM,1.65
10066,5/11/2024 4:57:50 PM,1.66
10066,5/11/2024 4:58:00 PM,1.67
10066,5/11/2024 4:58:10 PM,1.68
10066,5/11/2024 4:58:20 PM,1.69
10066,5/11/2024 4:58:30 PM,1.71
10066,5/11/2024 4:58:40 PM,1.72
10066,5/11/2024 4:58:50 PM,1.73
10066,5/11/2024 4:59:00 PM,1.74
10066,5/11/2024 4:59:10 PM,1.75
10066,5/11/2024 4:59:20 PM,1.77
10066,5/11/2024 4:59:30 PM,1.78
10066,5/11/2024 4:59:40 PM,1.79
10066,5/11/2024 4:59:50 PM,1.80
10066,5/11/2024 5:00:00 PM,1.81
10066,5/11/2024 5:00:10 PM,1.83
10066,5/11/2024 5:00:20 PM,1.84
10066,5/11/2024 5:00:30 PM,1.85
10066,5/11/2024 5:00:40 PM,1.86
10066,5/11/2024 5:00:50 PM,1.88
10066,5/11/2024 5:01:00 PM,1.89
10066,5/11/2024 5:01:10 PM,1.90
10066,5/11/2024 5:01:20 PM,1.91
10066,5/11/2024 5:01:30 PM,1.92
10066,5/11/2024 5:01:40 PM,1.94
10066,5/11/2024 5:01:50 PM,1.95
10066,5/11/2024 5:02:00 PM,1.96
10066,5/11/2024 5:02:10 PM,1.97
10066,5/11/2024 5:02:20 PM,1.98
10066,5/11/2024 5:02:30 PM,2.00
10066,5/11/2024 5:02:40 PM,1.92
10066,5/11/2024 5:02:50 PM,1.81
10066,5/11/2024 5:03:00 PM,1.70
10066,5/11/2024 5:03:10 PM,1.59
10066,5/11/2024 5:03:20 PM,1.47
10066,5/11/2024 5:03:30 PM,1.36
10066,5/11/2024 5:03:40 PM,1.25
10066,5/11/2024 5:03:50 PM,1.14
10066,5/11/2024 5:04:00 PM,1.29
10066,5/11/2024 5:04:10 PM,1.56
10066,5/11/2024 5:04:20 PM,1.84
10066,5/11/2024 5:04:30 PM,2.11
10066,5/11/2024 5:04:40 PM,2.01
10066,5/11/2024 5:04:50 PM,1.74
10066,5/11/2024 5:05:00 PM,1.47
10066,5/11/2024 5:05:10 PM,1.19
10066,5/11/2024 5:05:20 PM,1.07
10066,5/11/2024 5:05:30 PM,1.02
10066,5/11/2024 5:05:40 PM,0.97
10066,5/11/2024 5:05:50 PM,0.92
10066,5/11/2024 5:06:00 PM,0.87
10066,5/11/2024 5:06:10 PM,0.82
10066,5/11/2024 5:06:20 PM,0.77
10066,5/11/2024 5:06:30 PM,0.72
10066,5/11/2024 5:06:40 PM,0.67
10066,5/11/2024 5:06:50 PM,0.62
10066,5/11/2024 5:07:00 PM,0.57
10066,5/11/2024 5:07:10 PM,0.52
10066,5/11/2024 5:07:20 PM,0.47
10066,5/11/2024 5:07:30 PM,0.42
10066,5/11/2024 5:07:40 PM,0.77
10066,5/11/2024 5:07:50 PM,1.30
10066,5/11/2024 5:08:00 PM,1.83
10066,5/11/2024 5:08:10 PM,1.45
10066,5/11/2024 5:08:20 PM,1.16
10066,5/11/2024 5:08:30 PM,1.10
10066,5/11/2024 5:08:40 PM,1.04
10066,5/11/2024 5:08:50 PM,0.98
10066,5/11/2024 5:09:00 PM,0.92
10066,5/11/2024 5:09:10 PM,1.58
10066,5/11/2024 5:09:20 PM,1.89
10066,5/11/2024 5:09:30 PM,1.87
10066,5/11/2024 5:09:40 PM,1.86
10066,5/11/2024 5:09:50 PM,1.84
10066,5/11/2024 5:10:00 PM,1.82
10066,5/11/2024 5:10:10 PM,1.81
10066,5/11/2024 5:10:20 PM,1.56
10066,5/11/2024 5:10:30 PM,1.21
10066,5/11/2024 5:10:40 PM,1.26
10066,5/11/2024 5:10:50 PM,1.49
10066,5/11/2024 5:11:00 PM,1.73
10066,5/11/2024 5:11:10 PM,1.72
10066,5/11/2024 5:11:20 PM,1.60
10066,5/11/2024 5:11:30 PM,1.48
10066,5/11/2024 5:11:40 PM,1.36
10066,5/11/2024 5:11:50 PM,1.24
10066,5/11/2024 5:12:00 PM,1.12
10066,5/11/2024 5:12:10 PM,1.00
10066,5/11/2024 5:12:20 PM,0.88
10066,5/11/2024 5:12:30 PM,0.76
10066,5/11/2024 5:12:40 PM,0.64
10066,5/11/2024 5:12:50 PM,0.77
10066,5/11/2024 5:13:00 PM,1.02
10066,5/11/2024 5:13:10 PM,0.83
10066,5/11/2024 5:13:20 PM,0.43
10066,5/11/2024 5:13:30 PM,1.19
10066,5/11/2024 5:13:40 PM,1.48
10066,5/11/2024 5:13:50 PM,1.30
10066,5/11/2024 5:14:00 PM,1.12
10066,5/11/2024 5:14:10 PM,0.94
10066,5/11/2024 5:14:20 PM,0.76
10066,5/11/2024 5:14:30 PM,0.84
10066,5/11/2024 5:14:40 PM,1.04
10066,5/11/2024 5:14:50 PM,0.62
10066,5/11/2024 5:15:00 PM,0.74
10066,5/11/2024 5:15:10 PM,1.24
10066,5/11/2024 5:15:20 PM,1.61
10066,5/11/2024 5:15:30 PM,1.66
10066,5/11/2024 5:15:40 PM,1.70
10066,5/11/2024 5:15:50 PM,1.75
10066,5/11/2024 5:16:00 PM,1.80
10066,5/11/2024 5:16:10 PM,1.84
10066,5/11/2024 5:16:20 PM,1.89
10066,5/11/2024 5:16:30 PM,1.49
10066,5/11/2024 5:16:40 PM,0.89
10066,5/11/2024 5:16:50 PM,1.15
10066,5/11/2024 5:17:00 PM,1.80
10066,5/11/2024 5:17:10 PM,1.79
10066,5/11/2024 5:17:20 PM,1.49
10066,5/11/2024 5:17:30 PM,1.19
10066,5/11/2024 5:17:40 PM,0.89
10066,5/11/2024 5:17:50 PM,0.90
10066,5/11/2024 5:18:00 PM,1.04
10066,5/11/2024 5:18:10 PM,1.18
10066,5/11/2024 5:18:20 PM,1.33
10066,5/11/2024 5:18:30 PM,1.47
10066,5/11/2024 5:18:40 PM,1.61
10066,5/11/2024 5:18:50 PM,1.76
10066,5/11/2024 5:19:00 PM,1.39
10066,5/11/2024 5:19:10 PM,0.79
10066,5/11/2024 5:19:20 PM,0.79
10066,5/11/2024 5:19:30 PM,1.06
10066,5/11/2024 5:19:40 PM,1.34
10066,5/11/2024 5:19:50 PM,1.61
10066,5/11/2024 5:20:00 PM,1.68
10066,5/11/2024 5:20:10 PM,1.64
10066,5/11/2024 5:20:20 PM,1.61
10066,5/11/2024 5:20:30 PM,0.85
10066,5/11/2024 5:20:40 PM,0.54
10066,5/11/2024 5:20:50 PM,0.59
10066,5/11/2024 5:21:00 PM,0.65
10066,5/11/2024 5:21:10 PM,0.70
10066,5/11/2024 5:21:20 PM,0.76
10066,5/11/2024 5:21:30 PM,0.81
10066,5/11/2024 5:21:40 PM,0.87
10066,5/11/2024 5:21:50 PM,0.92
10066,5/11/2024 5:22:00 PM,0.97
10066,5/11/2024 5:22:10 PM,1.03
10066,5/11/2024 5:22:20 PM,1.08
10066,5/11/2024 5:22:30 PM,0.93
10066,5/11/2024 5:22:40 PM,0.68
10066,5/11/2024 5:22:50 PM,0.68
10066,5/11/2024 5:23:00 PM,0.80
10066,5/11/2024 5:23:10 PM,0.91
10066,5/11/2024 5:23:20 PM,1.03
10066,5/11/2024 5:23:30 PM,1.15
10066,5/11/2024 5:23:40 PM,1.26
10066,5/11/2024 5:23:50 PM,1.09
10066,5/11/2024 5:24:00 PM,0.80
10066,5/11/2024 5:24:10 PM,0.79
10066,5/11/2024 5:24:20 PM,0.91
10066,5/11/2024 5:24:30 PM,1.04
10066,5/11/2024 5:24:40 PM,1.16
10066,5/11/2024 5:24:50 PM,1.05
10066,5/11/2024 5:25:00 PM,0.82
10066,5/11/2024 5:25:10 PM,0.60
10066,5/11/2024 5:25:20 PM,0.37
10066,5/11/2024 5:25:30 PM,0.64
10066,5/11/2024 5:25:40 PM,1.14
10066,5/11/2024 5:25:50 PM,1.64
10066,5/11/2024 5:26:00 PM,1.60
10066,5/11/2024 5:26:10 PM,1.30
10066,5/11/2024 5:26:20 PM,1.44
10066,5/11/2024 5:26:30 PM,1.79
10066,5/11/2024 5:26:40 PM,1.84
10066,5/11/2024 5:26:50 PM,1.75
10066,5/11/2024 5:27:00 PM,1.66
10066,5/11/2024 5:27:10 PM,1.57
10066,5/11/2024 5:27:20 PM,1.48
10066,5/11/2024 5:27:30 PM,1.40
10066,5/11/2024 5:27:40 PM,1.31
10066,5/11/2024 5:27:50 PM,1.22
10066,5/11/2024 5:28:00 PM,1.13
10066,5/11/2024 5:28:10 PM,1.10
10066,5/11/2024 5:28:20 PM,1.10
10066,5/11/2024 5:28:30 PM,1.10
10066,5/11/2024 5:28:40 PM,1.10
10066,5/11/2024 5:28:50 PM,1.10
10066,5/11/2024 5:29:00 PM,1.10
10066,5/11/2024 5:29:10 PM,1.10
10066,5/11/2024 5:29:20 PM,1.10
10066,5/11/2024 5:29:30 PM,1.10
10066,5/11/2024 5:29:40 PM,1.10
10066,5/11/2024 5:29:50 PM,1.10
10066,5/11/2024 5:30:00 PM,1.10
10066,5/11/2024 5:30:10 PM,1.10
10066,5/11/2024 5:30:20 PM,1.10
10066,5/11/2024 5:30:30 PM,1.10
10066,5/11/2024 5:30:40 PM,1.10
10066,5/11/2024 5:30:50 PM,1.10
10066,5/11/2024 5:31:00 PM,1.10
10066,5/11/2024 5:31:10 PM,1.10
10066,5/11/2024 5:31:20 PM,1.10
10066,5/11/2024 5:31:30 PM,1.10
10066,5/11/2024 5:31:40 PM,1.10
10066,5/11/2024 5:31:50 PM,1.10
10066,5/11/2024 5:32:00 PM,1.10
10066,5/11/2024 5:32:10 PM,1.10
10066,5/11/2024 5:32:20 PM,1.10
10066,5/11/2024 5:32:30 PM,1.10
10066,5/11/2024 5:32:40 PM,1.10
10066,5/11/2024 5:32:50 PM,1.10
10066,5/11/2024 5:33:00 PM,1.10
10066,5/11/2024 5:33:10 PM,1.10
10066,5/11/2024 5:33:20 PM,1.10
10066,5/11/2024 5:33:30 PM,1.10
10066,5/11/2024 5:33:40 PM,1.21
10066,5/11/2024 5:33:50 PM,1.37
10066,5/11/2024 5:34:00 PM,1.53
10066,5/11/2024 5:34:10 PM,1.69
10066,5/11/2024 5:34:20 PM,1.85
10066,5/11/2024 5:34:30 PM,1.72
10066,5/11/2024 5:34:40 PM,1.45
10066,5/11/2024 5:34:50 PM,1.19
10066,5/11/2024 5:35:00 PM,1.14
10066,5/11/2024 5:35:10 PM,1.20
10066,5/11/2024 5:35:20 PM,1.25
10066,5/11/2024 5:35:30 PM,1.31
10066,5/11/2024 5:35:40 PM,1.37
10066,5/11/2024 5:35:50 PM,1.42
10066,5/11/2024 5:36:00 PM,1.48
10066,5/11/2024 5:36:10 PM,1.54
10066,5/11/2024 5:36:20 PM,1.60
10066,5/11/2024 5:36:30 PM,1.65
10066,5/11/2024 5:36:40 PM,1.71
10066,5/11/2024 5:36:50 PM,1.77
10066,5/11/2024 5:37:00 PM,1.82
10066,5/11/2024 5:37:10 PM,1.88
10066,5/11/2024 5:37:20 PM,1.75
10066,5/11/2024 5:37:30 PM,1.52
10066,5/11/2024 5:37:40 PM,1.30
10066,5/11/2024 5:37:50 PM,1.07
10066,5/11/2024 5:38:00 PM,0.99
10066,5/11/2024 5:38:10 PM,0.97
10066,5/11/2024 5:38:20 PM,0.95
10066,5/11/2024 5:38:30 PM,0.93
10066,5/11/2024 5:38:40 PM,0.91
10066,5/11/2024 5:38:50 PM,0.89
10066,5/11/2024 5:39:00 PM,0.87
10066,5/11/2024 5:39:10 PM,0.85
10066,5/11/2024 5:39:20 PM,0.83
10066,5/11/2024 5:39:30 PM,0.81
10066,5/11/2024 5:39:40 PM,0.79
10066,5/11/2024 5:39:50 PM,0.77
10066,5/11/2024 5:40:00 PM,0.75
10066,5/11/2024 5:40:10 PM,0.73
10066,5/11/2024 5:40:20 PM,0.71
10066,5/11/2024 5:40:30 PM,0.69
10066,5/11/2024 5:40:40 PM,0.67
10066,5/11/2024 5:40:50 PM,0.65
10066,5/11/2024 5:41:00 PM,0.63
10066,5/11/2024 5:41:10 PM,0.61
10066,5/11/2024 5:41:20 PM,0.59
10066,5/11/2024 5:41:30 PM,0.57
10066,5/11/2024 5:41:40 PM,0.55
10066,5/11/2024 5:41:50 PM,0.53
10066,5/11/2024 5:42:00 PM,0.51
10066,5/11/2024 5:42:10 PM,0.49
10066,5/11/2024 5:42:20 PM,0.47
10066,5/11/2024 5:42:30 PM,0.45
10066,5/11/2024 5:42:40 PM,0.43
10066,5/11/2024 5:42:50 PM,0.41
10066,5/11/2024 5:43:00 PM,0.46
10066,5/11/2024 5:43:10 PM,0.55
10066,5/11/2024 5:43:20 PM,0.64
10066,5/11/2024 5:43:30 PM,0.72
10066,5/11/2024 5:43:40 PM,0.81
10066,5/11/2024 5:43:50 PM,0.90
10066,5/11/2024 5:44:00 PM,0.99
10066,5/11/2024 5:44:10 PM,1.07
10066,5/11/2024 5:44:20 PM,1.05
10066,5/11/2024 5:44:30 PM,0.99
10066,5/11/2024 5:44:40 PM,0.92
10066,5/11/2024 5:44:50 PM,0.85
10066,5/11/2024 5:45:00 PM,0.79
10066,5/11/2024 5:45:10 PM,0.72
10066,5/11/2024 5:45:20 PM,0.66
10066,5/11/2024 5:45:30 PM,0.59
10066,5/11/2024 5:45:40 PM,0.52
10066,5/11/2024 5:45:50 PM,0.46
10066,5/11/2024 5:46:00 PM,0.39
10066,5/11/2024 5:46:10 PM,0.32
10066,5/11/2024 5:46:20 PM,0.45
10066,5/11/2024 5:46:30 PM,0.68
10066,5/11/2024 5:46:40 PM,0.90
10066,5/11/2024 5:46:50 PM,1.13
10066,5/11/2024 5:47:00 PM,1.21
10066,5/11/2024 5:47:10 PM,1.23
10066,5/11/2024 5:47:20 PM,1.25
10066,5/11/2024 5:47:30 PM,1.26
10066,5/11/2024 5:47:40 PM,1.28
10066,5/11/2024 5:47:50 PM,1.30
10066,5/11/2024 5:48:00 PM,1.40
10066,5/11/2024 5:48:10 PM,1.53
10066,5/11/2024 5:48:20 PM,1.67
10066,5/11/2024 5:48:30 PM,1.81
10066,5/11/2024 5:48:40 PM,1.94
10066,5/11/2024 5:48:50 PM,2.08
10066,5/11/2024 5:49:00 PM,2.22
10066,5/11/2024 5:49:10 PM,2.36
10066,5/11/2024 5:49:20 PM,2.37
10066,5/11/2024 5:49:30 PM,2.32
10066,5/11/2024 5:49:40 PM,2.28
10066,5/11/2024 5:49:50 PM,2.23
10066,5/11/2024 5:50:00 PM,2.18
10066,5/11/2024 5:50:10 PM,2.14
10066,5/11/2024 5:50:20 PM,2.09
10066,5/11/2024 5:50:30 PM,2.04
10066,5/11/2024 5:50:40 PM,2.00
10066,5/11/2024 5:50:50 PM,1.95
10066,5/11/2024 5:51:00 PM,1.91
10066,5/11/2024 5:51:10 PM,1.86
10066,5/11/2024 5:51:20 PM,1.81
10066,5/11/2024 5:51:30 PM,1.77
10066,5/11/2024 5:51:40 PM,1.72
10066,5/11/2024 5:51:50 PM,1.67
10066,5/11/2024 5:52:00 PM,1.63
10066,5/11/2024 5:52:10 PM,1.58
10066,5/11/2024 5:52:20 PM,1.53
10066,5/11/2024 5:52:30 PM,1.49
10066,5/11/2024 5:52:40 PM,1.44
10066,5/11/2024 5:52:50 PM,1.40
10066,5/11/2024 5:53:00 PM,1.35
10066,5/11/2024 5:53:10 PM,1.30
10066,5/11/2024 5:53:20 PM,1.26
10066,5/11/2024 5:53:30 PM,1.21
10066,5/11/2024 5:53:40 PM,1.16
10066,5/11/2024 5:53:50 PM,1.12
10066,5/11/2024 5:54:00 PM,1.07
10066,5/11/2024 5:54:10 PM,1.03
10066,5/11/2024 5:54:20 PM,0.98
10066,5/11/2024 5:54:30 PM,0.93
10066,5/11/2024 5:54:40 PM,0.89
10066,5/11/2024 5:54:50 PM,0.84
10066,5/11/2024 5:55:00 PM,0.79
10066,5/11/2024 5:55:10 PM,0.75
10066,5/11/2024 5:55:20 PM,0.70
10066,5/11/2024 5:55:30 PM,0.65
10066,5/11/2024 5:55:40 PM,0.61
10066,5/11/2024 5:55:50 PM,0.56
10066,5/11/2024 5:56:00 PM,0.52
10066,5/11/2024 5:56:10 PM,0.58
10066,5/11/2024 5:56:20 PM,0.69
10066,5/11/2024 5:56:30 PM,0.81
10066,5/11/2024 5:56:40 PM,0.92
10066,5/11/2024 5:56:50 PM,1.04
10066,5/11/2024 5:57:00 PM,1.15
10066,5/11/2024 5:57:10 PM,1.26
10066,5/11/2024 5:57:20 PM,0.89
10066,5/11/2024 5:57:30 PM,0.72
10066,5/11/2024 5:57:40 PM,0.74
10066,5/11/2024 5:57:50 PM,0.76
10066,5/11/2024 5:58:00 PM,0.79
10066,5/11/2024 5:58:10 PM,0.81
10066,5/11/2024 5:58:20 PM,0.83
10066,5/11/2024 5:58:30 PM,0.86
10066,5/11/2024 5:58:40 PM,0.88
10066,5/11/2024 5:58:50 PM,0.90
10066,5/11/2024 5:59:00 PM,0.93
10066,5/11/2024 5:59:10 PM,0.95
10066,5/11/2024 5:59:20 PM,0.97
10066,5/11/2024 5:59:30 PM,1.00
10066,5/11/2024 5:59:40 PM,1.02
10066,5/11/2024 5:59:50 PM,1.04
10066,5/11/2024 6:00:00 PM,1.07
10066,5/11/2024 6:00:10 PM,1.09
10066,5/11/2024 6:00:20 PM,1.00
10066,5/11/2024 6:00:30 PM,0.78
10066,5/11/2024 6:00:40 PM,0.57
10066,5/11/2024 6:00:50 PM,0.54
10066,5/11/2024 6:01:00 PM,0.61
10066,5/11/2024 6:01:10 PM,0.67
10066,5/11/2024 6:01:20 PM,0.74
10066,5/11/2024 6:01:30 PM,0.80
10066,5/11/2024 6:01:40 PM,0.87
10066,5/11/2024 6:01:50 PM,0.93
10066,5/11/2024 6:02:00 PM,1.00
10066,5/11/2024 6:02:10 PM,1.06
10066,5/11/2024 6:02:20 PM,1.13
10066,5/11/2024 6:02:30 PM,1.19
10066,5/11/2024 6:02:40 PM,1.26
10066,5/11/2024 6:02:50 PM,1.32
10066,5/11/2024 6:03:00 PM,1.39
10066,5/11/2024 6:03:10 PM,1.45
10066,5/11/2024 6:03:20 PM,1.52
10066,5/11/2024 6:03:30 PM,1.58
10066,5/11/2024 6:03:40 PM,1.48
10066,5/11/2024 6:03:50 PM,1.31
10066,5/11/2024 6:04:00 PM,1.13
10066,5/11/2024 6:04:10 PM,0.96
10066,5/11/2024 6:04:20 PM,1.07
10066,5/11/2024 6:04:30 PM,1.32
10066,5/11/2024 6:04:40 PM,1.34
10066,5/11/2024 6:04:50 PM,1.26
10066,5/11/2024 6:05:00 PM,1.18
10066,5/11/2024 6:05:10 PM,1.10
10066,5/11/2024 6:05:20 PM,1.02
10066,5/11/2024 6:05:30 PM,0.94
10066,5/11/2024 6:05:40 PM,0.85
10066,5/11/2024 6:05:50 PM,0.77
10066,5/11/2024 6:06:00 PM,0.69
10066,5/11/2024 6:06:10 PM,0.61
10066,5/11/2024 6:06:20 PM,0.53
10066,5/11/2024 6:06:30 PM,0.53
10066,5/11/2024 6:06:40 PM,0.58
10066,5/11/2024 6:06:50 PM,0.63
10066,5/11/2024 6:07:00 PM,0.68
10066,5/11/2024 6:07:10 PM,0.73
10066,5/11/2024 6:07:20 PM,0.77
10066,5/11/2024 6:07:30 PM,0.82
10066,5/11/2024 6:07:40 PM,0.87
10066,5/11/2024 6:07:50 PM,0.92
10066,5/11/2024 6:08:00 PM,0.97
10066,5/11/2024 6:08:10 PM,1.01
10066,5/11/2024 6:08:20 PM,1.06
10066,5/11/2024 6:08:30 PM,1.11
10066,5/11/2024 6:08:40 PM,1.16
10066,5/11/2024 6:08:50 PM,1.21
10066,5/11/2024 6:09:00 PM,1.25
10066,5/11/2024 6:09:10 PM,1.30
10066,5/11/2024 6:09:20 PM,1.35
10066,5/11/2024 6:09:30 PM,1.40
10066,5/11/2024 6:09:40 PM,1.45
10066,5/11/2024 6:09:50 PM,1.49
10066,5/11/2024 6:10:00 PM,1.54
10066,5/11/2024 6:10:10 PM,1.59
10066,5/11/2024 6:10:20 PM,1.64
10066,5/11/2024 6:10:30 PM,1.69
10066,5/11/2024 6:10:40 PM,1.59
10066,5/11/2024 6:10:50 PM,1.43
10066,5/11/2024 6:11:00 PM,1.27
10066,5/11/2024 6:11:10 PM,1.10
10066,5/11/2024 6:11:20 PM,0.94
10066,5/11/2024 6:11:30 PM,0.78
10066,5/11/2024 6:11:40 PM,0.61
10066,5/11/2024 6:11:50 PM,0.45
10066,5/11/2024 6:12:00 PM,0.43
10066,5/11/2024 6:12:10 PM,0.46
10066,5/11/2024 6:12:20 PM,0.50
10066,5/11/2024 6:12:30 PM,0.54
10066,5/11/2024 6:12:40 PM,0.58
10066,5/11/2024 6:12:50 PM,0.61
10066,5/11/2024 6:13:00 PM,0.65
10066,5/11/2024 6:13:10 PM,0.69
10066,5/11/2024 6:13:20 PM,0.73
10066,5/11/2024 6:13:30 PM,0.76
10066,5/11/2024 6:13:40 PM,0.80
10066,5/11/2024 6:13:50 PM,0.84
10066,5/11/2024 6:14:00 PM,0.88
10066,5/11/2024 6:14:10 PM,0.91
10066,5/11/2024 6:14:20 PM,0.95
10066,5/11/2024 6:14:30 PM,0.99
10066,5/11/2024 6:14:40 PM,1.03
10066,5/11/2024 6:14:50 PM,1.06
10066,5/11/2024 6:15:00 PM,1.10
10066,5/11/2024 6:15:10 PM,1.14
10066,5/11/2024 6:15:20 PM,1.18
10066,5/11/2024 6:15:30 PM,1.21
10066,5/11/2024 6:15:40 PM,1.25
10066,5/11/2024 6:15:50 PM,1.29
10066,5/11/2024 6:16:00 PM,1.33
10066,5/11/2024 6:16:10 PM,1.36
10066,5/11/2024 6:16:20 PM,1.40
10066,5/11/2024 6:16:30 PM,1.44
10066,5/11/2024 6:16:40 PM,1.48
10066,5/11/2024 6:16:50 PM,1.51
10066,5/11/2024 6:17:00 PM,1.55
10066,5/11/2024 6:17:10 PM,1.59
10066,5/11/2024 6:17:20 PM,1.53
10066,5/11/2024 6:17:30 PM,1.43
10066,5/11/2024 6:17:40 PM,1.33
10066,5/11/2024 6:17:50 PM,1.23
10066,5/11/2024 6:18:00 PM,1.13
10066,5/11/2024 6:18:10 PM,1.03
10066,5/11/2024 6:18:20 PM,0.93
10066,5/11/2024 6:18:30 PM,0.83
10066,5/11/2024 6:18:40 PM,0.18
10066,5/11/2024 6:18:50 PM,0.19
10066,5/11/2024 6:19:00 PM,0.62
10066,5/11/2024 6:19:10 PM,1.04
10066,5/11/2024 6:19:20 PM,1.47
10066,5/11/2024 6:19:30 PM,1.57
10066,5/11/2024 6:19:40 PM,1.53
10066,5/11/2024 6:19:50 PM,1.49
10066,5/11/2024 6:20:00 PM,1.45
10066,5/11/2024 6:20:10 PM,1.41
10066,5/11/2024 6:20:20 PM,1.37
10066,5/11/2024 6:20:30 PM,1.33
10066,5/11/2024 6:20:40 PM,1.28
10066,5/11/2024 6:20:50 PM,1.24
10066,5/11/2024 6:21:00 PM,1.20
10066,5/11/2024 6:21:10 PM,1.16
10066,5/11/2024 6:21:20 PM,1.12
10066,5/11/2024 6:21:30 PM,1.08
10066,5/11/2024 6:21:40 PM,1.04
10066,5/11/2024 6:21:50 PM,1.00
10066,5/11/2024 6:22:00 PM,0.95
10066,5/11/2024 6:22:10 PM,0.91
10066,5/11/2024 6:22:20 PM,1.00
10066,5/11/2024 6:22:30 PM,1.15
10066,5/11/2024 6:22:40 PM,1.30
10066,5/11/2024 6:22:50 PM,1.45
10066,5/11/2024 6:23:00 PM,1.60
10066,5/11/2024 6:23:10 PM,1.75
10066,5/11/2024 6:23:20 PM,1.90
10066,5/11/2024 6:23:30 PM,2.05
10066,5/11/2024 6:23:40 PM,2.02
10066,5/11/2024 6:23:50 PM,1.90
10066,5/11/2024 6:24:00 PM,1.78
10066,5/11/2024 6:24:10 PM,1.67
10066,5/11/2024 6:24:20 PM,1.55
10066,5/11/2024 6:24:30 PM,1.43
10066,5/11/2024 6:24:40 PM,1.31
10066,5/11/2024 6:24:50 PM,1.19
10066,5/11/2024 6:25:00 PM,1.07
10066,5/11/2024 6:25:10 PM,0.96
10066,5/11/2024 6:25:20 PM,0.84
10066,5/11/2024 6:25:30 PM,0.82
10066,5/11/2024 6:25:40 PM,0.86
10066,5/11/2024 6:25:50 PM,0.89
10066,5/11/2024 6:26:00 PM,0.93
10066,5/11/2024 6:26:10 PM,0.96
10066,5/11/2024 6:26:20 PM,1.00
10066,5/11/2024 6:26:30 PM,1.03
10066,5/11/2024 6:26:40 PM,1.07
10066,5/11/2024 6:26:50 PM,1.10
10066,5/11/2024 6:27:00 PM,1.14
10066,5/11/2024 6:27:10 PM,1.17
10066,5/11/2024 6:27:20 PM,1.21
10066,5/11/2024 6:27:30 PM,1.24
10066,5/11/2024 6:27:40 PM,1.28
10066,5/11/2024 6:27:50 PM,1.31
10066,5/11/2024 6:28:00 PM,1.35
10066,5/11/2024 6:28:10 PM,1.38
10066,5/11/2024 6:28:20 PM,1.42
10066,5/11/2024 6:28:30 PM,1.45
10066,5/11/2024 6:28:40 PM,1.49
10066,5/11/2024 6:28:50 PM,1.52
10066,5/11/2024 6:29:00 PM,1.55
10066,5/11/2024 6:29:10 PM,1.59
10066,5/11/2024 6:29:20 PM,1.53
10066,5/11/2024 6:29:30 PM,1.44
10066,5/11/2024 6:29:40 PM,1.34
10066,5/11/2024 6:29:50 PM,1.24
10066,5/11/2024 6:30:00 PM,1.15
10066,5/11/2024 6:30:10 PM,1.05
10066,5/11/2024 6:30:20 PM,1.03
10066,5/11/2024 6:30:30 PM,1.10
10066,5/11/2024 6:30:40 PM,1.17
10066,5/11/2024 6:30:50 PM,1.24
10066,5/11/2024 6:31:00 PM,1.31
10066,5/11/2024 6:31:10 PM,1.37
10066,5/11/2024 6:31:20 PM,1.44
10066,5/11/2024 6:31:30 PM,1.51
10066,5/11/2024 6:31:40 PM,1.58
10066,5/11/2024 6:31:50 PM,1.42
10066,5/11/2024 6:32:00 PM,1.15
10066,5/11/2024 6:32:10 PM,0.89
10066,5/11/2024 6:32:20 PM,0.95
10066,5/11/2024 6:32:30 PM,1.18
10066,5/11/2024 6:32:40 PM,1.40
10066,5/11/2024 6:32:50 PM,1.63
10066,5/11/2024 6:33:00 PM,1.49
10066,5/11/2024 6:33:10 PM,1.19
10066,5/11/2024 6:33:20 PM,0.89
10066,5/11/2024 6:33:30 PM,1.03
10066,5/11/2024 6:33:40 PM,1.36
10066,5/11/2024 6:33:50 PM,1.70
10066,5/11/2024 6:34:00 PM,1.66
10066,5/11/2024 6:34:10 PM,1.46
10066,5/11/2024 6:34:20 PM,1.26
10066,5/11/2024 6:34:30 PM,1.06
10066,5/11/2024 6:34:40 PM,1.34
10066,5/11/2024 6:34:50 PM,1.84
10066,5/11/2024 6:35:00 PM,1.93
10066,5/11/2024 6:35:10 PM,1.82
10066,5/11/2024 6:35:20 PM,1.71
10066,5/11/2024 6:35:30 PM,1.60
10066,5/11/2024 6:35:40 PM,1.49
10066,5/11/2024 6:35:50 PM,1.38
10066,5/11/2024 6:36:00 PM,1.28
10066,5/11/2024 6:36:10 PM,1.17
10066,5/11/2024 6:36:20 PM,1.06
10066,5/11/2024 6:36:30 PM,0.95
10066,5/11/2024 6:36:40 PM,0.84
10066,5/11/2024 6:36:50 PM,0.74
10066,5/11/2024 6:37:00 PM,0.86
10066,5/11/2024 6:37:10 PM,1.10
10066,5/11/2024 6:37:20 PM,1.34
10066,5/11/2024 6:37:30 PM,1.59
10066,5/11/2024 6:37:40 PM,1.83
10066,5/11/2024 6:37:50 PM,1.83
10066,5/11/2024 6:38:00 PM,1.73
10066,5/11/2024 6:38:10 PM,1.63
10066,5/11/2024 6:38:20 PM,1.53
10066,5/11/2024 6:38:30 PM,1.43
10066,5/11/2024 6:38:40 PM,1.33
10066,5/11/2024 6:38:50 PM,1.23
10066,5/11/2024 6:39:00 PM,1.13
10066,5/11/2024 6:39:10 PM,1.03
10066,5/11/2024 6:39:20 PM,0.93
10066,5/11/2024 6:39:30 PM,0.83
10066,5/11/2024 6:39:40 PM,0.73
10066,5/11/2024 6:39:50 PM,0.63
10066,5/11/2024 6:40:00 PM,0.53
10066,5/11/2024 6:40:10 PM,0.80
10066,5/11/2024 6:40:20 PM,1.23
10066,5/11/2024 6:40:30 PM,1.66
10066,5/11/2024 6:40:40 PM,1.53
10066,5/11/2024 6:40:50 PM,1.13
10066,5/11/2024 6:41:00 PM,0.73
10066,5/11/2024 6:41:10 PM,0.33
10066,5/11/2024 6:41:20 PM,0.40
10066,5/11/2024 6:41:30 PM,0.70
10066,5/11/2024 6:41:40 PM,1.01
10066,5/11/2024 6:41:50 PM,1.06
10066,5/11/2024 6:42:00 PM,0.99
10066,5/11/2024 6:42:10 PM,0.93
10066,5/11/2024 6:42:20 PM,0.86
10066,5/11/2024 6:42:30 PM,0.80
10066,5/11/2024 6:42:40 PM,0.74
10066,5/11/2024 6:42:50 PM,0.67
10066,5/11/2024 6:43:00 PM,0.61
10066,5/11/2024 6:43:10 PM,0.54
10066,5/11/2024 6:43:20 PM,0.48
10066,5/11/2024 6:43:30 PM,0.41
10066,5/11/2024 6:43:40 PM,0.35
10066,5/11/2024 6:43:50 PM,0.28
10066,5/11/2024 6:44:00 PM,0.22
10066,5/11/2024 6:44:10 PM,0.61
10066,5/11/2024 6:44:20 PM,1.21
10066,5/11/2024 6:44:30 PM,1.37
10066,5/11/2024 6:44:40 PM,1.33
10066,5/11/2024 6:44:50 PM,1.29
10066,5/11/2024 6:45:00 PM,1.25
10066,5/11/2024 6:45:10 PM,1.21
10066,5/11/2024 6:45:20 PM,1.17
10066,5/11/2024 6:45:30 PM,1.13
10066,5/11/2024 6:45:40 PM,1.09
10066,5/11/2024 6:45:50 PM,1.05
10066,5/11/2024 6:46:00 PM,1.01
10066,5/11/2024 6:46:10 PM,0.97
10066,5/11/2024 6:46:20 PM,0.93
10066,5/11/2024 6:46:30 PM,0.89
10066,5/11/2024 6:46:40 PM,0.85
10066,5/11/2024 6:46:50 PM,0.81
10066,5/11/2024 6:47:00 PM,0.77
10066,5/11/2024 6:47:10 PM,0.73
10066,5/11/2024 6:47:20 PM,0.69
10066,5/11/2024 6:47:30 PM,0.65
10066,5/11/2024 6:47:40 PM,0.61
10066,5/11/2024 6:47:50 PM,0.57
10066,5/11/2024 6:48:00 PM,0.53
10066,5/11/2024 6:48:10 PM,0.49
10066,5/11/2024 6:48:20 PM,0.45
10066,5/11/2024 6:48:30 PM,0.41
10066,5/11/2024 6:48:40 PM,0.62
10066,5/11/2024 6:48:50 PM,0.94
10066,5/11/2024 6:49:00 PM,1.26
10066,5/11/2024 6:49:10 PM,1.58
10066,5/11/2024 6:49:20 PM,1.90
10066,5/11/2024 6:49:30 PM,1.75
10066,5/11/2024 6:49:40 PM,1.38
10066,5/11/2024 6:49:50 PM,1.02
10066,5/11/2024 6:50:00 PM,1.01
10066,5/11/2024 6:50:10 PM,1.16
10066,5/11/2024 6:50:20 PM,1.32
10066,5/11/2024 6:50:30 PM,1.47
10066,5/11/2024 6:50:40 PM,1.63
10066,5/11/2024 6:50:50 PM,1.79
10066,5/11/2024 6:51:00 PM,1.94
10066,5/11/2024 6:51:10 PM,2.10
10066,5/11/2024 6:51:20 PM,2.25
10066,5/11/2024 6:51:30 PM,2.92
10066,5/11/2024 6:51:40 PM,2.93
10066,5/11/2024 6:51:50 PM,2.53
10066,5/11/2024 6:52:00 PM,2.13
10066,5/11/2024 6:52:10 PM,1.89
10066,5/11/2024 6:52:20 PM,1.74
10066,5/11/2024 6:52:30 PM,1.58
10066,5/11/2024 6:52:40 PM,1.42
10066,5/11/2024 6:52:50 PM,1.26
10066,5/11/2024 6:53:00 PM,1.11
10066,5/11/2024 6:53:10 PM,0.95
10066,5/11/2024 6:53:20 PM,1.21
10066,5/11/2024 6:53:30 PM,1.66
10066,5/11/2024 6:53:40 PM,1.79
10066,5/11/2024 6:53:50 PM,1.77
10066,5/11/2024 6:54:00 PM,1.76
10066,5/11/2024 6:54:10 PM,1.74
10066,5/11/2024 6:54:20 PM,1.72
10066,5/11/2024 6:54:30 PM,1.71
10066,5/11/2024 6:54:40 PM,1.69
10066,5/11/2024 6:54:50 PM,1.67
10066,5/11/2024 6:55:00 PM,1.66
10066,5/11/2024 6:55:10 PM,1.64
10066,5/11/2024 6:55:20 PM,1.62
10066,5/11/2024 6:55:30 PM,1.61
10066,5/11/2024 6:55:40 PM,1.45
10066,5/11/2024 6:55:50 PM,1.22
10066,5/11/2024 6:56:00 PM,1.00
10066,5/11/2024 6:56:10 PM,0.77
10066,5/11/2024 6:56:20 PM,0.72
10066,5/11/2024 6:56:30 PM,0.75
10066,5/11/2024 6:56:40 PM,0.79
10066,5/11/2024 6:56:50 PM,0.82
10066,5/11/2024 6:57:00 PM,0.85
10066,5/11/2024 6:57:10 PM,0.89
10066,5/11/2024 6:57:20 PM,0.92
10066,5/11/2024 6:57:30 PM,0.95
10066,5/11/2024 6:57:40 PM,0.98
10066,5/11/2024 6:57:50 PM,1.02
10066,5/11/2024 6:58:00 PM,1.05
10066,5/11/2024 6:58:10 PM,1.08
10066,5/11/2024 6:58:20 PM,1.11
10066,5/11/2024 6:58:30 PM,1.15
10066,5/11/2024 6:58:40 PM,1.18
10066,5/11/2024 6:58:50 PM,1.21
10066,5/11/2024 6:59:00 PM,1.24
10066,5/11/2024 6:59:10 PM,1.28
10066,5/11/2024 6:59:20 PM,1.31
10066,5/11/2024 6:59:30 PM,1.34
10066,5/11/2024 6:59:40 PM,1.37
10066,5/11/2024 6:59:50 PM,1.41
10066,5/11/2024 7:00:00 PM,1.44
10066,5/11/2024 7:00:10 PM,1.47
10066,5/11/2024 7:00:20 PM,1.50
10066,5/11/2024 7:00:30 PM,1.54
10066,5/11/2024 7:00:40 PM,1.57
10066,5/11/2024 7:00:50 PM,1.60
10066,5/11/2024 7:01:00 PM,1.63
10066,5/11/2024 7:01:10 PM,1.67
10066,5/11/2024 7:01:20 PM,1.70
10066,5/11/2024 7:01:30 PM,1.73
10066,5/11/2024 7:01:40 PM,1.76
10066,5/11/2024 7:01:50 PM,1.80
10066,5/11/2024 7:02:00 PM,1.83
10066,5/11/2024 7:02:10 PM,1.86
10066,5/11/2024 7:02:20 PM,1.89
10066,5/11/2024 7:02:30 PM,1.93
10066,5/11/2024 7:02:40 PM,1.96
10066,5/11/2024 7:02:50 PM,1.99
10066,5/11/2024 7:03:00 PM,1.95
10066,5/11/2024 7:03:10 PM,1.87
10066,5/11/2024 7:03:20 PM,1.79
10066,5/11/2024 7:03:30 PM,1.71
10066,5/11/2024 7:03:40 PM,1.63
10066,5/11/2024 7:03:50 PM,1.55
10066,5/11/2024 7:04:00 PM,1.47
10066,5/11/2024 7:04:10 PM,1.39
10066,5/11/2024 7:04:20 PM,1.31
10066,5/11/2024 7:04:30 PM,1.23
10066,5/11/2024 7:04:40 PM,1.15
10066,5/11/2024 7:04:50 PM,1.07
10066,5/11/2024 7:05:00 PM,0.99
10066,5/11/2024 7:05:10 PM,0.91
10066,5/11/2024 7:05:20 PM,0.83
10066,5/11/2024 7:05:30 PM,1.11
10066,5/11/2024 7:05:40 PM,1.56
10066,5/11/2024 7:05:50 PM,1.55
10066,5/11/2024 7:06:00 PM,1.32
10066,5/11/2024 7:06:10 PM,1.10
10066,5/11/2024 7:06:20 PM,0.87
10066,5/11/2024 7:06:30 PM,0.85
10066,5/11/2024 7:06:40 PM,0.92
10066,5/11/2024 7:06:50 PM,1.00
10066,5/11/2024 7:07:00 PM,1.07
10066,5/11/2024 7:07:10 PM,1.14
10066,5/11/2024 7:07:20 PM,1.21
10066,5/11/2024 7:07:30 PM,1.29
10066,5/11/2024 7:07:40 PM,1.36
10066,5/11/2024 7:07:50 PM,1.43
10066,5/11/2024 7:08:00 PM,1.50
10066,5/11/2024 7:08:10 PM,1.58
10066,5/11/2024 7:08:20 PM,1.49
10066,5/11/2024 7:08:30 PM,1.33
10066,5/11/2024 7:08:40 PM,1.17
10066,5/11/2024 7:08:50 PM,1.01
10066,5/11/2024 7:09:00 PM,0.85
10066,5/11/2024 7:09:10 PM,0.89
10066,5/11/2024 7:09:20 PM,1.01
10066,5/11/2024 7:09:30 PM,1.14
10066,5/11/2024 7:09:40 PM,1.26
10066,5/11/2024 7:09:50 PM,1.67
10066,5/11/2024 7:10:00 PM,2.20
10066,5/11/2024 7:10:10 PM,2.73
10066,5/11/2024 7:10:20 PM,2.74
10066,5/11/2024 7:10:30 PM,2.50
10066,5/11/2024 7:10:40 PM,2.26
10066,5/11/2024 7:10:50 PM,2.02
10066,5/11/2024 7:11:00 PM,1.78
10066,5/11/2024 7:11:10 PM,1.23
10066,5/11/2024 7:11:20 PM,0.52
10066,5/11/2024 7:11:30 PM,0.54
10066,5/11/2024 7:11:40 PM,0.89
10066,5/11/2024 7:11:50 PM,1.02
10066,5/11/2024 7:12:00 PM,1.06
10066,5/11/2024 7:12:10 PM,1.09
10066,5/11/2024 7:12:20 PM,1.12
10066,5/11/2024 7:12:30 PM,1.16
10066,5/11/2024 7:12:40 PM,1.19
10066,5/11/2024 7:12:50 PM,1.22
10066,5/11/2024 7:13:00 PM,1.26
10066,5/11/2024 7:13:10 PM,1.29
10066,5/11/2024 7:13:20 PM,1.32
10066,5/11/2024 7:13:30 PM,1.36
10066,5/11/2024 7:13:40 PM,1.39
10066,5/11/2024 7:13:50 PM,1.42
10066,5/11/2024 7:14:00 PM,1.46
10066,5/11/2024 7:14:10 PM,1.49
10066,5/11/2024 7:14:20 PM,1.52
10066,5/11/2024 7:14:30 PM,1.56
10066,5/11/2024 7:14:40 PM,1.59
10066,5/11/2024 7:14:50 PM,1.62
10066,5/11/2024 7:15:00 PM,1.66
10066,5/11/2024 7:15:10 PM,1.69
10066,5/11/2024 7:15:20 PM,1.41
10066,5/11/2024 7:15:30 PM,0.99
10066,5/11/2024 7:15:40 PM,0.57
10066,5/11/2024 7:15:50 PM,0.15
10066,5/11/2024 7:16:00 PM,-0.27
10066,5/11/2024 7:16:10 PM,0.56
10066,5/11/2024 7:16:20 PM,1.03
10066,5/11/2024 7:16:30 PM,1.08
10066,5/11/2024 7:16:40 PM,1.13
10066,5/11/2024 7:16:50 PM,1.18
10066,5/11/2024 7:17:00 PM,1.23
10066,5/11/2024 7:17:10 PM,1.28
10066,5/11/2024 7:17:20 PM,1.20
10066,5/11/2024 7:17:30 PM,1.06
10066,5/11/2024 7:17:40 PM,0.92
10066,5/11/2024 7:17:50 PM,0.79
10066,5/11/2024 7:18:00 PM,0.65
10066,5/11/2024 7:18:10 PM,0.98
10066,5/11/2024 7:18:20 PM,1.53
10066,5/11/2024 7:18:30 PM,1.46
10066,5/11/2024 7:18:40 PM,1.11
10066,5/11/2024 7:18:50 PM,0.97
10066,5/11/2024 7:19:00 PM,0.93
10066,5/11/2024 7:19:10 PM,0.89
10066,5/11/2024 7:19:20 PM,0.85
10066,5/11/2024 7:19:30 PM,0.81
10066,5/11/2024 7:19:40 PM,0.77
10066,5/11/2024 7:19:50 PM,0.73
10066,5/11/2024 7:20:00 PM,0.68
10066,5/11/2024 7:20:10 PM,0.64
10066,5/11/2024 7:20:20 PM,0.60
10066,5/11/2024 7:20:30 PM,0.56
10066,5/11/2024 7:20:40 PM,0.52
10066,5/11/2024 7:20:50 PM,0.48
10066,5/11/2024 7:21:00 PM,0.44
10066,5/11/2024 7:21:10 PM,0.40
10066,5/11/2024 7:21:20 PM,0.35
10066,5/11/2024 7:21:30 PM,0.31
10066,5/11/2024 7:21:40 PM,0.36
10066,5/11/2024 7:21:50 PM,0.44
10066,5/11/2024 7:22:00 PM,0.52
10066,5/11/2024 7:22:10 PM,0.60
10066,5/11/2024 7:22:20 PM,0.68
10066,5/11/2024 7:22:30 PM,0.76
10066,5/11/2024 7:22:40 PM,0.85
10066,5/11/2024 7:22:50 PM,0.93
10066,5/11/2024 7:23:00 PM,1.01
10066,5/11/2024 7:23:10 PM,1.09
10066,5/11/2024 7:23:20 PM,1.17
10066,5/11/2024 7:23:30 PM,1.25
10066,5/11/2024 7:23:40 PM,1.33
10066,5/11/2024 7:23:50 PM,1.42
10066,5/11/2024 7:24:00 PM,1.50
10066,5/11/2024 7:24:10 PM,1.58
10066,5/11/2024 7:24:20 PM,1.66
10066,5/11/2024 7:24:30 PM,1.74
10066,5/11/2024 7:24:40 PM,1.82
10066,5/11/2024 7:24:50 PM,1.90
10066,5/11/2024 7:25:00 PM,1.99
10066,5/11/2024 7:25:10 PM,2.07
10066,5/11/2024 7:25:20 PM,2.15
10066,5/11/2024 7:25:30 PM,2.23
10066,5/11/2024 7:25:40 PM,2.31
10066,5/11/2024 7:25:50 PM,2.39
10066,5/11/2024 7:26:00 PM,2.47
10066,5/11/2024 7:26:10 PM,2.42
10066,5/11/2024 7:26:20 PM,2.31
10066,5/11/2024 7:26:30 PM,2.19
10066,5/11/2024 7:26:40 PM,2.07
10066,5/11/2024 7:26:50 PM,1.96
10066,5/11/2024 7:27:00 PM,1.84
10066,5/11/2024 7:27:10 PM,1.72
10066,5/11/2024 7:27:20 PM,1.61
10066,5/11/2024 7:27:30 PM,1.49
10066,5/11/2024 7:27:40 PM,1.37
10066,5/11/2024 7:27:50 PM,1.26
10066,5/11/2024 7:28:00 PM,1.14
10066,5/11/2024 7:28:10 PM,1.46
10066,5/11/2024 7:28:20 PM,2.00
10066,5/11/2024 7:28:30 PM,2.53
10066,5/11/2024 7:28:40 PM,2.56
10066,5/11/2024 7:28:50 PM,2.34
10066,5/11/2024 7:29:00 PM,2.13
10066,5/11/2024 7:29:10 PM,1.92
10066,5/11/2024 7:29:20 PM,1.70
10066,5/11/2024 7:29:30 PM,1.49
10066,5/11/2024 7:29:40 PM,1.28
10066,5/11/2024 7:29:50 PM,1.07
10066,5/11/2024 7:30:00 PM,1.14
10066,5/11/2024 7:30:10 PM,1.34
10066,5/11/2024 7:30:20 PM,1.54
10066,5/11/2024 7:30:30 PM,1.74
10066,5/11/2024 7:30:40 PM,1.94
10066,5/11/2024 7:30:50 PM,1.84
10066,5/11/2024 7:31:00 PM,1.61
10066,5/11/2024 7:31:10 PM,1.38
10066,5/11/2024 7:31:20 PM,1.32
10066,5/11/2024 7:31:30 PM,1.35
10066,5/11/2024 7:31:40 PM,1.38
10066,5/11/2024 7:31:50 PM,1.41
10066,5/11/2024 7:32:00 PM,1.44
10066,5/11/2024 7:32:10 PM,1.47
10066,5/11/2024 7:32:20 PM,1.49
10066,5/11/2024 7:32:30 PM,1.52
10066,5/11/2024 7:32:40 PM,1.55
10066,5/11/2024 7:32:50 PM,1.58
10066,5/11/2024 7:33:00 PM,1.61
10066,5/11/2024 7:33:10 PM,1.64
10066,5/11/2024 7:33:20 PM,1.67
10066,5/11/2024 7:33:30 PM,1.70
10066,5/11/2024 7:33:40 PM,1.73
10066,5/11/2024 7:33:50 PM,1.76
10066,5/11/2024 7:34:00 PM,1.78
10066,5/11/2024 7:34:10 PM,1.81
10066,5/11/2024 7:34:20 PM,1.84
10066,5/11/2024 7:34:30 PM,1.87
10066,5/11/2024 7:34:40 PM,1.90
10066,5/11/2024 7:34:50 PM,1.93
10066,5/11/2024 7:35:00 PM,1.96
10066,5/11/2024 7:35:10 PM,1.99
10066,5/11/2024 7:35:20 PM,2.02
10066,5/11/2024 7:35:30 PM,2.05
10066,5/11/2024 7:35:40 PM,2.07
10066,5/11/2024 7:35:50 PM,2.10
10066,5/11/2024 7:36:00 PM,2.13
10066,5/11/2024 7:36:10 PM,2.16
10066,5/11/2024 7:36:20 PM,2.19
10066,5/11/2024 7:36:30 PM,2.09
10066,5/11/2024 7:36:40 PM,1.93
10066,5/11/2024 7:36:50 PM,1.77
10066,5/11/2024 7:37:00 PM,1.61
10066,5/11/2024 7:37:10 PM,1.45
10066,5/11/2024 7:37:20 PM,1.40
10066,5/11/2024 7:37:30 PM,1.40
10066,5/11/2024 7:37:40 PM,1.40
10066,5/11/2024 7:37:50 PM,1.40
10066,5/11/2024 7:38:00 PM,1.40
10066,5/11/2024 7:38:10 PM,1.40
10066,5/11/2024 7:38:20 PM,1.40
10066,5/11/2024 7:38:30 PM,1.40
10066,5/11/2024 7:38:40 PM,1.40
10066,5/11/2024 7:38:50 PM,1.40
10066,5/11/2024 7:39:00 PM,1.40
10066,5/11/2024 7:39:10 PM,1.40
10066,5/11/2024 7:39:20 PM,1.40
10066,5/11/2024 7:39:30 PM,1.40
10066,5/11/2024 7:39:40 PM,1.40
10066,5/11/2024 7:39:50 PM,1.40
10066,5/11/2024 7:40:00 PM,1.40
10066,5/11/2024 7:40:10 PM,1.40
10066,5/11/2024 7:40:20 PM,1.40
10066,5/11/2024 7:40:30 PM,1.40
10066,5/11/2024 7:40:40 PM,1.40
10066,5/11/2024 7:40:50 PM,1.74
10066,5/11/2024 7:41:00 PM,2.24
10066,5/11/2024 7:41:10 PM,2.25
10066,5/11/2024 7:41:20 PM,2.03
10066,5/11/2024 7:41:30 PM,1.81
10066,5/11/2024 7:41:40 PM,1.59
10066,5/11/2024 7:41:50 PM,1.37
10066,5/11/2024 7:42:00 PM,0.62
10066,5/11/2024 7:42:10 PM,0.37
10066,5/11/2024 7:42:20 PM,0.47
10066,5/11/2024 7:42:30 PM,0.58
10066,5/11/2024 7:42:40 PM,0.68
10066,5/11/2024 7:42:50 PM,0.78
10066,5/11/2024 7:43:00 PM,0.89
10066,5/11/2024 7:43:10 PM,0.99
10066,5/11/2024 7:43:20 PM,1.09
10066,5/11/2024 7:43:30 PM,1.20
10066,5/11/2024 7:43:40 PM,1.30
10066,5/11/2024 7:43:50 PM,1.40
10066,5/11/2024 7:44:00 PM,1.51
10066,5/11/2024 7:44:10 PM,1.61
10066,5/11/2024 7:44:20 PM,1.71
10066,5/11/2024 7:44:30 PM,1.81
10066,5/11/2024 7:44:40 PM,1.92
10066,5/11/2024 7:44:50 PM,2.02
10066,5/11/2024 7:45:00 PM,2.12
10066,5/11/2024 7:45:10 PM,2.23
10066,5/11/2024 7:45:20 PM,2.23
10066,5/11/2024 7:45:30 PM,1.98
10066,5/11/2024 7:45:40 PM,1.73
10066,5/11/2024 7:45:50 PM,1.48
10066,5/11/2024 7:46:00 PM,1.48
10066,5/11/2024 7:46:10 PM,1.59
10066,5/11/2024 7:46:20 PM,1.70
10066,5/11/2024 7:46:30 PM,1.81
10066,5/11/2024 7:46:40 PM,1.93
10066,5/11/2024 7:46:50 PM,2.04
10066,5/11/2024 7:47:00 PM,2.15
10066,5/11/2024 7:47:10 PM,2.26
10066,5/11/2024 7:47:20 PM,2.17
10066,5/11/2024 7:47:30 PM,1.97
10066,5/11/2024 7:47:40 PM,1.77
10066,5/11/2024 7:47:50 PM,1.57
10066,5/11/2024 7:48:00 PM,1.37
10066,5/11/2024 7:48:10 PM,1.44
10066,5/11/2024 7:48:20 PM,1.64
10066,5/11/2024 7:48:30 PM,1.84
10066,5/11/2024 7:48:40 PM,2.04
10066,5/11/2024 7:48:50 PM,2.24
10066,5/11/2024 7:49:00 PM,2.44
10066,5/11/2024 7:49:10 PM,2.64
10066,5/11/2024 7:49:20 PM,2.53
10066,5/11/2024 7:49:30 PM,2.27
10066,5/11/2024 7:49:40 PM,2.01
10066,5/11/2024 7:49:50 PM,1.75
10066,5/11/2024 7:50:00 PM,1.50
10066,5/11/2024 7:50:10 PM,1.24
10066,5/11/2024 7:50:20 PM,0.98
10066,5/11/2024 7:50:30 PM,1.14
10066,5/11/2024 7:50:40 PM,1.49
10066,5/11/2024 7:50:50 PM,1.55
10066,5/11/2024 7:51:00 PM,1.48
10066,5/11/2024 7:51:10 PM,1.41
10066,5/11/2024 7:51:20 PM,1.34
10066,5/11/2024 7:51:30 PM,1.27
10066,5/11/2024 7:51:40 PM,1.19
10066,5/11/2024 7:51:50 PM,1.12
10066,5/11/2024 7:52:00 PM,1.05
10066,5/11/2024 7:52:10 PM,0.98
10066,5/11/2024 7:52:20 PM,0.91
10066,5/11/2024 7:52:30 PM,0.84
10066,5/11/2024 7:52:40 PM,0.77
10066,5/11/2024 7:52:50 PM,0.69
10066,5/11/2024 7:53:00 PM,0.62
10066,5/11/2024 7:53:10 PM,0.83
10066,5/11/2024 7:53:20 PM,1.16
10066,5/11/2024 7:53:30 PM,1.50
10066,5/11/2024 7:53:40 PM,1.60
10066,5/11/2024 7:53:50 PM,1.61
10066,5/11/2024 7:54:00 PM,1.61
10066,5/11/2024 7:54:10 PM,1.62
10066,5/11/2024 7:54:20 PM,1.62
10066,5/11/2024 7:54:30 PM,1.63
10066,5/11/2024 7:54:40 PM,1.63
10066,5/11/2024 7:54:50 PM,1.64
10066,5/11/2024 7:55:00 PM,1.64
10066,5/11/2024 7:55:10 PM,1.65
10066,5/11/2024 7:55:20 PM,1.65
10066,5/11/2024 7:55:30 PM,1.66
10066,5/11/2024 7:55:40 PM,1.66
10066,5/11/2024 7:55:50 PM,1.67
10066,5/11/2024 7:56:00 PM,1.67
10066,5/11/2024 7:56:10 PM,1.68
10066,5/11/2024 7:56:20 PM,1.68
10066,5/11/2024 7:56:30 PM,1.69
10066,5/11/2024 7:56:40 PM,1.69
10066,5/11/2024 7:56:50 PM,1.70
10066,5/11/2024 7:57:00 PM,1.70
10066,5/11/2024 7:57:10 PM,1.71
10066,5/11/2024 7:57:20 PM,1.71
10066,5/11/2024 7:57:30 PM,1.72
10066,5/11/2024 7:57:40 PM,1.72
10066,5/11/2024 7:57:50 PM,1.73
10066,5/11/2024 7:58:00 PM,1.73
10066,5/11/2024 7:58:10 PM,1.74
10066,5/11/2024 7:58:20 PM,1.74
10066,5/11/2024 7:58:30 PM,1.75
10066,5/11/2024 7:58:40 PM,1.75
10066,5/11/2024 7:58:50 PM,1.76
10066,5/11/2024 7:59:00 PM,1.76
10066,5/11/2024 7:59:10 PM,1.77
10066,5/11/2024 7:59:20 PM,1.77
10066,5/11/2024 7:59:30 PM,1.78
10066,5/11/2024 7:59:40 PM,1.78
10066,5/11/2024 7:59:50 PM,1.79
10066,5/11/2024 8:00:00 PM,1.79
10066,5/11/2024 8:00:10 PM,1.80
10066,5/11/2024 8:00:20 PM,1.70
10066,5/11/2024 8:00:30 PM,1.47
10066,5/11/2024 8:00:40 PM,1.25
10066,5/11/2024 8:00:50 PM,1.03
10066,5/11/2024 8:01:00 PM,0.81
10066,5/11/2024 8:01:10 PM,0.59
10066,5/11/2024 8:01:20 PM,0.37
10066,5/11/2024 8:01:30 PM,0.15
10066,5/11/2024 8:01:40 PM,-0.07
10066,5/11/2024 8:01:50 PM,-0.29
10066,5/11/2024 8:02:00 PM,-0.51
10066,5/11/2024 8:02:10 PM,-0.73
10066,5/11/2024 8:02:20 PM,-0.46
10066,5/11/2024 8:02:30 PM,0.04
10066,5/11/2024 8:02:40 PM,0.54
10066,5/11/2024 8:02:50 PM,0.77
10066,5/11/2024 8:03:00 PM,0.88
10066,5/11/2024 8:03:10 PM,0.99
10066,5/11/2024 8:03:20 PM,1.09
10066,5/11/2024 8:03:30 PM,1.20
10066,5/11/2024 8:03:40 PM,1.31
10066,5/11/2024 8:03:50 PM,1.41
10066,5/11/2024 8:04:00 PM,1.52
10066,5/11/2024 8:04:10 PM,1.63
10066,5/11/2024 8:04:20 PM,1.73
10066,5/11/2024 8:04:30 PM,1.84
10066,5/11/2024 8:04:40 PM,1.95
10066,5/11/2024 8:04:50 PM,2.05
10066,5/11/2024 8:05:00 PM,2.16
10066,5/11/2024 8:05:10 PM,2.27
10066,5/11/2024 8:05:20 PM,2.13
10066,5/11/2024 8:05:30 PM,1.88
10066,5/11/2024 8:05:40 PM,2.03
10066,5/11/2024 8:05:50 PM,2.36
10066,5/11/2024 8:06:00 PM,2.70
10066,5/11/2024 8:06:10 PM,2.72
10066,5/11/2024 8:06:20 PM,2.61
10066,5/11/2024 8:06:30 PM,2.49
10066,5/11/2024 8:06:40 PM,2.37
10066,5/11/2024 8:06:50 PM,2.26
10066,5/11/2024 8:07:00 PM,2.14
10066,5/11/2024 8:07:10 PM,2.03
10066,5/11/2024 8:07:20 PM,1.91
10066,5/11/2024 8:07:30 PM,1.80
10066,5/11/2024 8:07:40 PM,1.68
10066,5/11/2024 8:07:50 PM,1.56
10066,5/11/2024 8:08:00 PM,1.45
10066,5/11/2024 8:08:10 PM,1.33
10066,5/11/2024 8:08:20 PM,1.22
10066,5/11/2024 8:08:30 PM,1.10
10066,5/11/2024 8:08:40 PM,0.99
10066,5/11/2024 8:08:50 PM,0.87
10066,5/11/2024 8:09:00 PM,0.75
10066,5/11/2024 8:09:10 PM,0.64
10066,5/11/2024 8:09:20 PM,0.77
10066,5/11/2024 8:09:30 PM,1.02
10066,5/11/2024 8:09:40 PM,1.27
10066,5/11/2024 8:09:50 PM,1.52
10066,5/11/2024 8:10:00 PM,1.58
10066,5/11/2024 8:10:10 PM,1.54
10066,5/11/2024 8:10:20 PM,1.50
10066,5/11/2024 8:10:30 PM,1.46
10066,5/11/2024 8:10:40 PM,1.43
10066,5/11/2024 8:10:50 PM,1.39
10066,5/11/2024 8:11:00 PM,1.35
10066,5/11/2024 8:11:10 PM,1.31
10066,5/11/2024 8:11:20 PM,1.28
10066,5/11/2024 8:11:30 PM,1.24
10066,5/11/2024 8:11:40 PM,1.20
10066,5/11/2024 8:11:50 PM,1.17
10066,5/11/2024 8:12:00 PM,1.13
10066,5/11/2024 8:12:10 PM,1.09
10066,5/11/2024 8:12:20 PM,1.05
10066,5/11/2024 8:12:30 PM,1.02
10066,5/11/2024 8:12:40 PM,0.98
10066,5/11/2024 8:12:50 PM,0.94
10066,5/11/2024 8:13:00 PM,0.90
10066,5/11/2024 8:13:10 PM,0.87
10066,5/11/2024 8:13:20 PM,0.83
10066,5/11/2024 8:13:30 PM,0.79
10066,5/11/2024 8:13:40 PM,0.76
10066,5/11/2024 8:13:50 PM,0.72
10066,5/11/2024 8:14:00 PM,0.68
10066,5/11/2024 8:14:10 PM,0.64
10066,5/11/2024 8:14:20 PM,0.61
10066,5/11/2024 8:14:30 PM,0.57
10066,5/11/2024 8:14:40 PM,0.53
10066,5/11/2024 8:14:50 PM,0.49
10066,5/11/2024 8:15:00 PM,0.46
10066,5/11/2024 8:15:10 PM,0.42
10066,5/11/2024 8:15:20 PM,0.43
10066,5/11/2024 8:15:30 PM,0.48
10066,5/11/2024 8:15:40 PM,0.53
10066,5/11/2024 8:15:50 PM,0.59
10066,5/11/2024 8:16:00 PM,0.64
10066,5/11/2024 8:16:10 PM,0.69
10066,5/11/2024 8:16:20 PM,0.75
10066,5/11/2024 8:16:30 PM,0.80
10066,5/11/2024 8:16:40 PM,0.85
10066,5/11/2024 8:16:50 PM,0.90
10066,5/11/2024 8:17:00 PM,0.96
10066,5/11/2024 8:17:10 PM,1.01
10066,5/11/2024 8:17:20 PM,1.06
10066,5/11/2024 8:17:30 PM,1.12
10066,5/11/2024 8:17:40 PM,1.17
10066,5/11/2024 8:17:50 PM,1.22
10066,5/11/2024 8:18:00 PM,1.28
10066,5/11/2024 8:18:10 PM,1.33
10066,5/11/2024 8:18:20 PM,1.38
10066,5/11/2024 8:18:30 PM,1.36
10066,5/11/2024 8:18:40 PM,1.30
10066,5/11/2024 8:18:50 PM,1.24
10066,5/11/2024 8:19:00 PM,1.18
10066,5/11/2024 8:19:10 PM,1.12
10066,5/11/2024 8:19:20 PM,1.06
10066,5/11/2024 8:19:30 PM,1.00
10066,5/11/2024 8:19:40 PM,0.94
10066,5/11/2024 8:19:50 PM,0.88
10066,5/11/2024 8:20:00 PM,0.82
10066,5/11/2024 8:20:10 PM,0.83
10066,5/11/2024 8:20:20 PM,0.86
10066,5/11/2024 8:20:30 PM,0.90
10066,5/11/2024 8:20:40 PM,0.94
10066,5/11/2024 8:20:50 PM,0.97
10066,5/11/2024 8:21:00 PM,1.01
10066,5/11/2024 8:21:10 PM,1.05
10066,5/11/2024 8:21:20 PM,1.08
10066,5/11/2024 8:21:30 PM,1.12
10066,5/11/2024 8:21:40 PM,1.16
10066,5/11/2024 8:21:50 PM,1.19
10066,5/11/2024 8:22:00 PM,1.23
10066,5/11/2024 8:22:10 PM,1.27
10066,5/11/2024 8:22:20 PM,1.30
10066,5/11/2024 8:22:30 PM,1.34
10066,5/11/2024 8:22:40 PM,1.38
10066,5/11/2024 8:22:50 PM,1.42
10066,5/11/2024 8:23:00 PM,1.45
10066,5/11/2024 8:23:10 PM,1.49
10066,5/11/2024 8:23:20 PM,1.44
10066,5/11/2024 8:23:30 PM,1.36
10066,5/11/2024 8:23:40 PM,1.28
10066,5/11/2024 8:23:50 PM,1.20
10066,5/11/2024 8:24:00 PM,1.12
10066,5/11/2024 8:24:10 PM,1.04
10066,5/11/2024 8:24:20 PM,0.95
10066,5/11/2024 8:24:30 PM,0.87
10066,5/11/2024 8:24:40 PM,0.79
10066,5/11/2024 8:24:50 PM,0.71
10066,5/11/2024 8:25:00 PM,0.63
10066,5/11/2024 8:25:10 PM,0.64
10066,5/11/2024 8:25:20 PM,0.69
10066,5/11/2024 8:25:30 PM,0.74
10066,5/11/2024 8:25:40 PM,0.80
10066,5/11/2024 8:25:50 PM,0.85
10066,5/11/2024 8:26:00 PM,0.90
10066,5/11/2024 8:26:10 PM,0.95
10066,5/11/2024 8:26:20 PM,1.01
10066,5/11/2024 8:26:30 PM,1.06
10066,5/11/2024 8:26:40 PM,1.11
10066,5/11/2024 8:26:50 PM,1.17
10066,5/11/2024 8:27:00 PM,1.22
10066,5/11/2024 8:27:10 PM,1.27
10066,5/11/2024 8:27:20 PM,1.33
10066,5/11/2024 8:27:30 PM,1.38
10066,5/11/2024 8:27:40 PM,1.43
10066,5/11/2024 8:27:50 PM,1.48
10066,5/11/2024 8:28:00 PM,1.36
10066,5/11/2024 8:28:10 PM,1.16
10066,5/11/2024 8:28:20 PM,0.96
10066,5/11/2024 8:28:30 PM,0.76
10066,5/11/2024 8:28:40 PM,0.73
10066,5/11/2024 8:28:50 PM,0.78
10066,5/11/2024 8:29:00 PM,0.82
10066,5/11/2024 8:29:10 PM,0.87
10066,5/11/2024 8:29:20 PM,0.92
10066,5/11/2024 8:29:30 PM,0.96
10066,5/11/2024 8:29:40 PM,1.01
10066,5/11/2024 8:29:50 PM,1.06
10066,5/11/2024 8:30:00 PM,1.10
10066,5/11/2024 8:30:10 PM,1.15
10066,5/11/2024 8:30:20 PM,1.19
10066,5/11/2024 8:30:30 PM,1.24
10066,5/11/2024 8:30:40 PM,1.29
10066,5/11/2024 8:30:50 PM,1.25
10066,5/11/2024 8:31:00 PM,1.18
10066,5/11/2024 8:31:10 PM,1.11
10066,5/11/2024 8:31:20 PM,1.04
10066,5/11/2024 8:31:30 PM,0.97
10066,5/11/2024 8:31:40 PM,0.90
10066,5/11/2024 8:31:50 PM,0.83
10066,5/11/2024 8:32:00 PM,0.76
10066,5/11/2024 8:32:10 PM,0.69
10066,5/11/2024 8:32:20 PM,0.62
10066,5/11/2024 8:32:30 PM,0.74
10066,5/11/2024 8:32:40 PM,0.94
10066,5/11/2024 8:32:50 PM,1.14
10066,5/11/2024 8:33:00 PM,1.34
10066,5/11/2024 8:33:10 PM,1.54
10066,5/11/2024 8:33:20 PM,1.74
10066,5/11/2024 8:33:30 PM,1.94
10066,5/11/2024 8:33:40 PM,2.14
10066,5/11/2024 8:33:50 PM,2.34
10066,5/11/2024 8:34:00 PM,2.54
10066,5/11/2024 8:34:10 PM,2.37
10066,5/11/2024 8:34:20 PM,2.04
10066,5/11/2024 8:34:30 PM,1.71
10066,5/11/2024 8:34:40 PM,1.60
10066,5/11/2024 8:34:50 PM,1.60
10066,5/11/2024 8:35:00 PM,1.60
10066,5/11/2024 8:35:10 PM,1.60
10066,5/11/2024 8:35:20 PM,1.60
10066,5/11/2024 8:35:30 PM,1.60
10066,5/11/2024 8:35:40 PM,1.60
10066,5/11/2024 8:35:50 PM,1.60
10066,5/11/2024 8:36:00 PM,1.60
10066,5/11/2024 8:36:10 PM,1.60
10066,5/11/2024 8:36:20 PM,1.60
10066,5/11/2024 8:36:30 PM,1.60
10066,5/11/2024 8:36:40 PM,1.60
10066,5/11/2024 8:36:50 PM,1.60
10066,5/11/2024 8:37:00 PM,1.60
10066,5/11/2024 8:37:10 PM,1.60
10066,5/11/2024 8:37:20 PM,1.60
10066,5/11/2024 8:37:30 PM,1.60
10066,5/11/2024 8:37:40 PM,1.60
10066,5/11/2024 8:37:50 PM,1.60
10066,5/11/2024 8:38:00 PM,1.60
10066,5/11/2024 8:38:10 PM,1.60
10066,5/11/2024 8:38:20 PM,1.60
10066,5/11/2024 8:38:30 PM,1.60
10066,5/11/2024 8:38:40 PM,1.60
10066,5/11/2024 8:38:50 PM,1.60
10066,5/11/2024 8:39:00 PM,1.60
10066,5/11/2024 8:39:10 PM,1.60
10066,5/11/2024 8:39:20 PM,1.60
10066,5/11/2024 8:39:30 PM,1.60
10066,5/11/2024 8:39:40 PM,1.60
10066,5/11/2024 8:39:50 PM,1.60
10066,5/11/2024 8:40:00 PM,1.60
10066,5/11/2024 8:40:10 PM,1.60
10066,5/11/2024 8:40:20 PM,1.56
10066,5/11/2024 8:40:30 PM,1.51
10066,5/11/2024 8:40:40 PM,1.45
10066,5/11/2024 8:40:50 PM,1.40
10066,5/11/2024 8:41:00 PM,1.34
10066,5/11/2024 8:41:10 PM,1.29
10066,5/11/2024 8:41:20 PM,1.23
10066,5/11/2024 8:41:30 PM,1.18
10066,5/11/2024 8:41:40 PM,1.12
10066,5/11/2024 8:41:50 PM,1.07
10066,5/11/2024 8:42:00 PM,1.01
10066,5/11/2024 8:42:10 PM,0.96
10066,5/11/2024 8:42:20 PM,0.90
10066,5/11/2024 8:42:30 PM,0.85
10066,5/11/2024 8:42:40 PM,0.79
10066,5/11/2024 8:42:50 PM,0.74
10066,5/11/2024 8:43:00 PM,0.68
10066,5/11/2024 8:43:10 PM,0.63
10066,5/11/2024 8:43:20 PM,0.87
10066,5/11/2024 8:43:30 PM,1.43
10066,5/11/2024 8:43:40 PM,1.55
10066,5/11/2024 8:43:50 PM,1.48
10066,5/11/2024 8:44:00 PM,1.42
10066,5/11/2024 8:44:10 PM,1.35
10066,5/11/2024 8:44:20 PM,1.28
10066,5/11/2024 8:44:30 PM,1.21
10066,5/11/2024 8:44:40 PM,1.14
10066,5/11/2024 8:44:50 PM,1.07
10066,5/11/2024 8:45:00 PM,1.00
10066,5/11/2024 8:45:10 PM,0.94
10066,5/11/2024 8:45:20 PM,0.98
10066,5/11/2024 8:45:30 PM,1.15
10066,5/11/2024 8:45:40 PM,1.32
10066,5/11/2024 8:45:50 PM,1.48
10066,5/11/2024 8:46:00 PM,1.65
10066,5/11/2024 8:46:10 PM,1.57
10066,5/11/2024 8:46:20 PM,1.39
10066,5/11/2024 8:46:30 PM,1.21
10066,5/11/2024 8:46:40 PM,1.02
10066,5/11/2024 8:46:50 PM,0.84
10066,5/11/2024 8:47:00 PM,0.66
10066,5/11/2024 8:47:10 PM,0.66
10066,5/11/2024 8:47:20 PM,0.74
10066,5/11/2024 8:47:30 PM,0.82
10066,5/11/2024 8:47:40 PM,0.90
10066,5/11/2024 8:47:50 PM,0.98
10066,5/11/2024 8:48:00 PM,1.06
10066,5/11/2024 8:48:10 PM,1.15
10066,5/11/2024 8:48:20 PM,1.23
10066,5/11/2024 8:48:30 PM,1.31
10066,5/11/2024 8:48:40 PM,1.39
10066,5/11/2024 8:48:50 PM,1.47
10066,5/11/2024 8:49:00 PM,1.26
10066,5/11/2024 8:49:10 PM,0.91
10066,5/11/2024 8:49:20 PM,0.89
10066,5/11/2024 8:49:30 PM,1.01
10066,5/11/2024 8:49:40 PM,1.14
10066,5/11/2024 8:49:50 PM,1.26
10066,5/11/2024 8:50:00 PM,1.39
10066,5/11/2024 8:50:10 PM,1.51
10066,5/11/2024 8:50:20 PM,1.64
10066,5/11/2024 8:50:30 PM,1.76
10066,5/11/2024 8:50:40 PM,1.71
10066,5/11/2024 8:50:50 PM,1.58
10066,5/11/2024 8:51:00 PM,1.46
10066,5/11/2024 8:51:10 PM,1.33
10066,5/11/2024 8:51:20 PM,1.20
10066,5/11/2024 8:51:30 PM,1.07
10066,5/11/2024 8:51:40 PM,0.94
10066,5/11/2024 8:51:50 PM,0.99
10066,5/11/2024 8:52:00 PM,1.11
10066,5/11/2024 8:52:10 PM,1.24
10066,5/11/2024 8:52:20 PM,1.36
10066,5/11/2024 8:52:30 PM,1.49
10066,5/11/2024 8:52:40 PM,1.61
10066,5/11/2024 8:52:50 PM,1.74
10066,5/11/2024 8:53:00 PM,1.86
10066,5/11/2024 8:53:10 PM,1.82
10066,5/11/2024 8:53:20 PM,1.70
10066,5/11/2024 8:53:30 PM,1.58
10066,5/11/2024 8:53:40 PM,1.46
10066,5/11/2024 8:53:50 PM,1.34
10066,5/11/2024 8:54:00 PM,1.22
10066,5/11/2024 8:54:10 PM,1.10
10066,5/11/2024 8:54:20 PM,0.98
10066,5/11/2024 8:54:30 PM,0.86
10066,5/11/2024 8:54:40 PM,0.74
10066,5/11/2024 8:54:50 PM,0.74
10066,5/11/2024 8:55:00 PM,0.79
10066,5/11/2024 8:55:10 PM,0.85
10066,5/11/2024 8:55:20 PM,0.91
10066,5/11/2024 8:55:30 PM,0.96
10066,5/11/2024 8:55:40 PM,1.02
10066,5/11/2024 8:55:50 PM,1.07
10066,5/11/2024 8:56:00 PM,1.13
10066,5/11/2024 8:56:10 PM,1.18
10066,5/11/2024 8:56:20 PM,1.24
10066,5/11/2024 8:56:30 PM,1.29
10066,5/11/2024 8:56:40 PM,1.35
10066,5/11/2024 8:56:50 PM,1.41
10066,5/11/2024 8:57:00 PM,1.46
10066,5/11/2024 8:57:10 PM,1.52
10066,5/11/2024 8:57:20 PM,1.57
10066,5/11/2024 8:57:30 PM,1.63
10066,5/11/2024 8:57:40 PM,1.68
10066,5/11/2024 8:57:50 PM,1.68
10066,5/11/2024 8:58:00 PM,1.65
10066,5/11/2024 8:58:10 PM,1.62
10066,5/11/2024 8:58:20 PM,1.59
10066,5/11/2024 8:58:30 PM,1.57
10066,5/11/2024 8:58:40 PM,1.54
10066,5/11/2024 8:58:50 PM,1.51
10066,5/11/2024 8:59:00 PM,1.48
10066,5/11/2024 8:59:10 PM,1.45
10066,5/11/2024 8:59:20 PM,1.42
10066,5/11/2024 8:59:30 PM,1.39
10066,5/11/2024 8:59:40 PM,1.36
10066,5/11/2024 8:59:50 PM,1.33
10066,5/11/2024 9:00:00 PM,1.31
10066,5/11/2024 9:00:10 PM,1.28
10066,5/11/2024 9:00:20 PM,1.25
10066,5/11/2024 9:00:30 PM,1.22
10066,5/11/2024 9:00:40 PM,1.19
10066,5/11/2024 9:00:50 PM,1.16
10066,5/11/2024 9:01:00 PM,1.13
10066,5/11/2024 9:01:10 PM,1.10
10066,5/11/2024 9:01:20 PM,1.08
10066,5/11/2024 9:01:30 PM,1.05
10066,5/11/2024 9:01:40 PM,1.02
10066,5/11/2024 9:01:50 PM,0.99
10066,5/11/2024 9:02:00 PM,0.96
10066,5/11/2024 9:02:10 PM,0.93
10066,5/11/2024 9:02:20 PM,0.90
10066,5/11/2024 9:02:30 PM,0.87
10066,5/11/2024 9:02:40 PM,0.85
10066,5/11/2024 9:02:50 PM,0.82
10066,5/11/2024 9:03:00 PM,0.79
10066,5/11/2024 9:03:10 PM,0.76
10066,5/11/2024 9:03:20 PM,0.73
10066,5/11/2024 9:03:30 PM,0.70
10066,5/11/2024 9:03:40 PM,0.67
10066,5/11/2024 9:03:50 PM,0.64
10066,5/11/2024 9:04:00 PM,0.61
10066,5/11/2024 9:04:10 PM,0.59
10066,5/11/2024 9:04:20 PM,0.56
10066,5/11/2024 9:04:30 PM,0.53
10066,5/11/2024 9:04:40 PM,0.50
10066,5/11/2024 9:04:50 PM,0.47
10066,5/11/2024 9:05:00 PM,0.44
10066,5/11/2024 9:05:10 PM,0.41
10066,5/11/2024 9:05:20 PM,0.38
10066,5/11/2024 9:05:30 PM,0.36
10066,5/11/2024 9:05:40 PM,0.33
10066,5/11/2024 9:05:50 PM,0.30
10066,5/11/2024 9:06:00 PM,0.27
10066,5/11/2024 9:06:10 PM,0.24
10066,5/11/2024 9:06:20 PM,0.21
10066,5/11/2024 9:06:30 PM,0.18
10066,5/11/2024 9:06:40 PM,0.15
10066,5/11/2024 9:06:50 PM,0.12
10066,5/11/2024 9:07:00 PM,0.10
10066,5/11/2024 9:07:10 PM,0.07
10066,5/11/2024 9:07:20 PM,0.04
10066,5/11/2024 9:07:30 PM,0.01
10066,5/11/2024 9:07:40 PM,0.03
10066,5/11/2024 9:07:50 PM,0.08
10066,5/11/2024 9:08:00 PM,0.12
10066,5/11/2024 9:08:10 PM,0.17
10066,5/11/2024 9:08:20 PM,0.21
10066,5/11/2024 9:08:30 PM,0.26
10066,5/11/2024 9:08:40 PM,0.30
10066,5/11/2024 9:08:50 PM,0.35
10066,5/11/2024 9:09:00 PM,0.39
10066,5/11/2024 9:09:10 PM,0.44
10066,5/11/2024 9:09:20 PM,0.49
10066,5/11/2024 9:09:30 PM,0.53
10066,5/11/2024 9:09:40 PM,0.58
10066,5/11/2024 9:09:50 PM,0.62
10066,5/11/2024 9:10:00 PM,0.67
10066,5/11/2024 9:10:10 PM,0.71
10066,5/11/2024 9:10:20 PM,0.76
10066,5/11/2024 9:10:30 PM,0.80
10066,5/11/2024 9:10:40 PM,0.85
10066,5/11/2024 9:10:50 PM,0.89
10066,5/11/2024 9:11:00 PM,0.94
10066,5/11/2024 9:11:10 PM,0.99
10066,5/11/2024 9:11:20 PM,1.03
10066,5/11/2024 9:11:30 PM,1.08
10066,5/11/2024 9:11:40 PM,1.12
10066,5/11/2024 9:11:50 PM,1.17
10066,5/11/2024 9:12:00 PM,1.21
10066,5/11/2024 9:12:10 PM,1.26
10066,5/11/2024 9:12:20 PM,1.30
10066,5/11/2024 9:12:30 PM,1.35
10066,5/11/2024 9:12:40 PM,1.39
10066,5/11/2024 9:12:50 PM,1.44
10066,5/11/2024 9:13:00 PM,1.49
10066,5/11/2024 9:13:10 PM,1.53
10066,5/11/2024 9:13:20 PM,1.58
10066,5/11/2024 9:13:30 PM,1.62
10066,5/11/2024 9:13:40 PM,1.67
10066,5/11/2024 9:13:50 PM,1.71
10066,5/11/2024 9:14:00 PM,1.76
10066,5/11/2024 9:14:10 PM,1.80
10066,5/11/2024 9:14:20 PM,1.85
10066,5/11/2024 9:14:30 PM,1.89
10066,5/11/2024 9:14:40 PM,1.94
10066,5/11/2024 9:14:50 PM,1.99
10066,5/11/2024 9:15:00 PM,2.03
10066,5/11/2024 9:15:10 PM,2.08
10066,5/11/2024 9:15:20 PM,2.08
10066,5/11/2024 9:15:30 PM,2.03
10066,5/11/2024 9:15:40 PM,1.99
10066,5/11/2024 9:15:50 PM,1.94
10066,5/11/2024 9:16:00 PM,1.90
10066,5/11/2024 9:16:10 PM,1.85
10066,5/11/2024 9:16:20 PM,1.81
10066,5/11/2024 9:16:30 PM,1.76
10066,5/11/2024 9:16:40 PM,1.72
10066,5/11/2024 9:16:50 PM,1.67
10066,5/11/2024 9:17:00 PM,1.62
10066,5/11/2024 9:17:10 PM,1.58
10066,5/11/2024 9:17:20 PM,1.53
10066,5/11/2024 9:17:30 PM,1.49
10066,5/11/2024 9:17:40 PM,1.44
10066,5/11/2024 9:17:50 PM,1.40
10066,5/11/2024 9:18:00 PM,1.35
10066,5/11/2024 9:18:10 PM,1.31
10066,5/11/2024 9:18:20 PM,1.26
10066,5/11/2024 9:18:30 PM,1.22
10066,5/11/2024 9:18:40 PM,1.17
10066,5/11/2024 9:18:50 PM,1.12
10066,5/11/2024 9:19:00 PM,1.08
10066,5/11/2024 9:19:10 PM,1.03
10066,5/11/2024 9:19:20 PM,0.99
10066,5/11/2024 9:19:30 PM,0.94
10066,5/11/2024 9:19:40 PM,0.90
10066,5/11/2024 9:19:50 PM,0.85
10066,5/11/2024 9:20:00 PM,0.81
10066,5/11/2024 9:20:10 PM,0.76
10066,5/11/2024 9:20:20 PM,0.71
10066,5/11/2024 9:20:30 PM,0.79
10066,5/11/2024 9:20:40 PM,0.91
10066,5/11/2024 9:20:50 PM,1.04
10066,5/11/2024 9:21:00 PM,1.16
10066,5/11/2024 9:21:10 PM,1.29
10066,5/11/2024 9:21:20 PM,1.41
10066,5/11/2024 9:21:30 PM,1.54
10066,5/11/2024 9:21:40 PM,1.66
10066,5/11/2024 9:21:50 PM,1.66
10066,5/11/2024 9:22:00 PM,1.59
10066,5/11/2024 9:22:10 PM,1.53
10066,5/11/2024 9:22:20 PM,1.47
10066,5/11/2024 9:22:30 PM,1.40
10066,5/11/2024 9:22:40 PM,1.34
10066,5/11/2024 9:22:50 PM,1.28
10066,5/11/2024 9:23:00 PM,1.21
10066,5/11/2024 9:23:10 PM,1.15
10066,5/11/2024 9:23:20 PM,1.08
10066,5/11/2024 9:23:30 PM,1.02
10066,5/11/2024 9:23:40 PM,1.09
10066,5/11/2024 9:23:50 PM,1.22
10066,5/11/2024 9:24:00 PM,1.36
10066,5/11/2024 9:24:10 PM,1.49
10066,5/11/2024 9:24:20 PM,1.62
10066,5/11/2024 9:24:30 PM,1.76
10066,5/11/2024 9:24:40 PM,1.77
10066,5/11/2024 9:24:50 PM,1.73
10066,5/11/2024 9:25:00 PM,1.69
10066,5/11/2024 9:25:10 PM,1.65
10066,5/11/2024 9:25:20 PM,1.61
10066,5/11/2024 9:25:30 PM,1.57
10066,5/11/2024 9:25:40 PM,1.53
10066,5/11/2024 9:25:50 PM,1.49
10066,5/11/2024 9:26:00 PM,1.45
10066,5/11/2024 9:26:10 PM,1.41
10066,5/11/2024 9:26:20 PM,1.67
10066,5/11/2024 9:26:30 PM,2.07
10066,5/11/2024 9:26:40 PM,2.08
10066,5/11/2024 9:26:50 PM,1.90
10066,5/11/2024 9:27:00 PM,1.72
10066,5/11/2024 9:27:10 PM,1.54
10066,5/11/2024 9:27:20 PM,1.36
10066,5/11/2024 9:27:30 PM,1.31
10066,5/11/2024 9:27:40 PM,1.32
10066,5/11/2024 9:27:50 PM,1.34
10066,5/11/2024 9:28:00 PM,1.35
10066,5/11/2024 9:28:10 PM,1.37
10066,5/11/2024 9:28:20 PM,1.38
10066,5/11/2024 9:28:30 PM,1.40
10066,5/11/2024 9:28:40 PM,1.41
10066,5/11/2024 9:28:50 PM,1.42
10066,5/11/2024 9:29:00 PM,1.44
10066,5/11/2024 9:29:10 PM,1.45
10066,5/11/2024 9:29:20 PM,1.47
10066,5/11/2024 9:29:30 PM,1.48
10066,5/11/2024 9:29:40 PM,1.50
10066,5/11/2024 9:29:50 PM,1.51
10066,5/11/2024 9:30:00 PM,1.52
10066,5/11/2024 9:30:10 PM,1.54
10066,5/11/2024 9:30:20 PM,1.55
10066,5/11/2024 9:30:30 PM,1.57
10066,5/11/2024 9:30:40 PM,1.58
10066,5/11/2024 9:30:50 PM,1.60
10066,5/11/2024 9:31:00 PM,1.61
10066,5/11/2024 9:31:10 PM,1.62
10066,5/11/2024 9:31:20 PM,1.64
10066,5/11/2024 9:31:30 PM,1.65
10066,5/11/2024 9:31:40 PM,1.67
10066,5/11/2024 9:31:50 PM,1.68
10066,5/11/2024 9:32:00 PM,1.70
10066,5/11/2024 9:32:10 PM,1.71
10066,5/11/2024 9:32:20 PM,1.72
10066,5/11/2024 9:32:30 PM,1.74
10066,5/11/2024 9:32:40 PM,1.75
10066,5/11/2024 9:32:50 PM,1.77
10066,5/11/2024 9:33:00 PM,1.78
10066,5/11/2024 9:33:10 PM,1.80
10066,5/11/2024 9:33:20 PM,1.81
10066,5/11/2024 9:33:30 PM,1.82
10066,5/11/2024 9:33:40 PM,1.84
10066,5/11/2024 9:33:50 PM,1.85
10066,5/11/2024 9:34:00 PM,1.87
10066,5/11/2024 9:34:10 PM,1.88
10066,5/11/2024 9:34:20 PM,1.90
10066,5/11/2024 9:34:30 PM,1.91
10066,5/11/2024 9:34:40 PM,1.92
10066,5/11/2024 9:34:50 PM,1.94
10066,5/11/2024 9:35:00 PM,1.95
10066,5/11/2024 9:35:10 PM,1.97
10066,5/11/2024 9:35:20 PM,1.98
10066,5/11/2024 9:35:30 PM,2.00
10066,5/11/2024 9:35:40 PM,1.75
10066,5/11/2024 9:35:50 PM,1.39
10066,5/11/2024 9:36:00 PM,1.16
10066,5/11/2024 9:36:10 PM,1.09
10066,5/11/2024 9:36:20 PM,1.02
10066,5/11/2024 9:36:30 PM,0.94
10066,5/11/2024 9:36:40 PM,0.87
10066,5/11/2024 9:36:50 PM,0.79
10066,5/11/2024 9:37:00 PM,0.72
10066,5/11/2024 9:37:10 PM,0.65
10066,5/11/2024 9:37:20 PM,0.57
10066,5/11/2024 9:37:30 PM,0.50
10066,5/11/2024 9:37:40 PM,0.42
10066,5/11/2024 9:37:50 PM,0.74
10066,5/11/2024 9:38:00 PM,1.24
10066,5/11/2024 9:38:10 PM,1.44
10066,5/11/2024 9:38:20 PM,1.50
10066,5/11/2024 9:38:30 PM,1.55
10066,5/11/2024 9:38:40 PM,1.61
10066,5/11/2024 9:38:50 PM,1.67
10066,5/11/2024 9:39:00 PM,1.73
10066,5/11/2024 9:39:10 PM,1.78
10066,5/11/2024 9:39:20 PM,1.84
10066,5/11/2024 9:39:30 PM,1.90
10066,5/11/2024 9:39:40 PM,1.95
10066,5/11/2024 9:39:50 PM,2.01
10066,5/11/2024 9:40:00 PM,2.07
10066,5/11/2024 9:40:10 PM,2.13
10066,5/11/2024 9:40:20 PM,2.18
10066,5/11/2024 9:40:30 PM,2.05
10066,5/11/2024 9:40:40 PM,1.83
10066,5/11/2024 9:40:50 PM,1.61
10066,5/11/2024 9:41:00 PM,1.39
10066,5/11/2024 9:41:10 PM,1.17
10066,5/11/2024 9:41:20 PM,1.14
10066,5/11/2024 9:41:30 PM,1.19
10066,5/11/2024 9:41:40 PM,1.25
10066,5/11/2024 9:41:50 PM,1.31
10066,5/11/2024 9:42:00 PM,1.36
10066,5/11/2024 9:42:10 PM,1.42
10066,5/11/2024 9:42:20 PM,1.48
10066,5/11/2024 9:42:30 PM,1.53
10066,5/11/2024 9:42:40 PM,1.59
10066,5/11/2024 9:42:50 PM,1.64
10066,5/11/2024 9:43:00 PM,1.70
10066,5/11/2024 9:43:10 PM,1.76
10066,5/11/2024 9:43:20 PM,1.81
10066,5/11/2024 9:43:30 PM,1.87
10066,5/11/2024 9:43:40 PM,1.93
10066,5/11/2024 9:43:50 PM,1.98
10066,5/11/2024 9:44:00 PM,1.88
10066,5/11/2024 9:44:10 PM,1.70
10066,5/11/2024 9:44:20 PM,1.52
10066,5/11/2024 9:44:30 PM,1.34
10066,5/11/2024 9:44:40 PM,1.16
10066,5/11/2024 9:44:50 PM,1.24
10066,5/11/2024 9:45:00 PM,1.44
10066,5/11/2024 9:45:10 PM,1.64
10066,5/11/2024 9:45:20 PM,1.64
10066,5/11/2024 9:45:30 PM,1.55
10066,5/11/2024 9:45:40 PM,1.47
10066,5/11/2024 9:45:50 PM,1.38
10066,5/11/2024 9:46:00 PM,1.29
10066,5/11/2024 9:46:10 PM,1.20
10066,5/11/2024 9:46:20 PM,1.12
10066,5/11/2024 9:46:30 PM,1.03
10066,5/11/2024 9:46:40 PM,1.09
10066,5/11/2024 9:46:50 PM,1.21
10066,5/11/2024 9:47:00 PM,1.34
10066,5/11/2024 9:47:10 PM,1.46
10066,5/11/2024 9:47:20 PM,1.59
10066,5/11/2024 9:47:30 PM,1.71
10066,5/11/2024 9:47:40 PM,1.84
10066,5/11/2024 9:47:50 PM,1.96
10066,5/11/2024 9:48:00 PM,1.59
10066,5/11/2024 9:48:10 PM,1.00
10066,5/11/2024 9:48:20 PM,0.89
10066,5/11/2024 9:48:30 PM,1.02
10066,5/11/2024 9:48:40 PM,1.16
10066,5/11/2024 9:48:50 PM,1.29
10066,5/11/2024 9:49:00 PM,1.42
10066,5/11/2024 9:49:10 PM,1.56
10066,5/11/2024 9:49:20 PM,1.69
10066,5/11/2024 9:49:30 PM,1.82
10066,5/11/2024 9:49:40 PM,1.96
10066,5/11/2024 9:49:50 PM,1.84
10066,5/11/2024 9:50:00 PM,1.60
10066,5/11/2024 9:50:10 PM,1.36
10066,5/11/2024 9:50:20 PM,1.12
10066,5/11/2024 9:50:30 PM,0.88
10066,5/11/2024 9:50:40 PM,0.93
10066,5/11/2024 9:50:50 PM,1.11
10066,5/11/2024 9:51:00 PM,1.30
10066,5/11/2024 9:51:10 PM,1.48
10066,5/11/2024 9:51:20 PM,1.67
10066,5/11/2024 9:51:30 PM,1.86
10066,5/11/2024 9:51:40 PM,2.04
10066,5/11/2024 9:51:50 PM,1.96
10066,5/11/2024 9:52:00 PM,1.76
10066,5/11/2024 9:52:10 PM,1.56
10066,5/11/2024 9:52:20 PM,1.36
10066,5/11/2024 9:52:30 PM,1.29
10066,5/11/2024 9:52:40 PM,1.29
10066,5/11/2024 9:52:50 PM,1.28
10066,5/11/2024 9:53:00 PM,1.27
10066,5/11/2024 9:53:10 PM,1.26
10066,5/11/2024 9:53:20 PM,1.25
10066,5/11/2024 9:53:30 PM,1.24
10066,5/11/2024 9:53:40 PM,1.24
10066,5/11/2024 9:53:50 PM,1.23
10066,5/11/2024 9:54:00 PM,1.22
10066,5/11/2024 9:54:10 PM,1.21
10066,5/11/2024 9:54:20 PM,1.20
10066,5/11/2024 9:54:30 PM,1.19
10066,5/11/2024 9:54:40 PM,1.18
10066,5/11/2024 9:54:50 PM,1.18
10066,5/11/2024 9:55:00 PM,1.17
10066,5/11/2024 9:55:10 PM,1.16
10066,5/11/2024 9:55:20 PM,1.15
10066,5/11/2024 9:55:30 PM,1.14
10066,5/11/2024 9:55:40 PM,1.13
10066,5/11/2024 9:55:50 PM,1.13
10066,5/11/2024 9:56:00 PM,1.12
10066,5/11/2024 9:56:10 PM,1.11
10066,5/11/2024 9:56:20 PM,1.10
10066,5/11/2024 9:56:30 PM,1.09
10066,5/11/2024 9:56:40 PM,1.08
10066,5/11/2024 9:56:50 PM,1.07
10066,5/11/2024 9:57:00 PM,1.07
10066,5/11/2024 9:57:10 PM,1.06
10066,5/11/2024 9:57:20 PM,1.05
10066,5/11/2024 9:57:30 PM,1.04
10066,5/11/2024 9:57:40 PM,1.03
10066,5/11/2024 9:57:50 PM,1.02
10066,5/11/2024 9:58:00 PM,1.02
10066,5/11/2024 9:58:10 PM,1.01
10066,5/11/2024 9:58:20 PM,1.00
10066,5/11/2024 9:58:30 PM,0.99
10066,5/11/2024 9:58:40 PM,0.98
10066,5/11/2024 9:58:50 PM,0.97
10066,5/11/2024 9:59:00 PM,0.96
10066,5/11/2024 9:59:10 PM,0.96
10066,5/11/2024 9:59:20 PM,0.95
10066,5/11/2024 9:59:30 PM,0.94
10066,5/11/2024 9:59:40 PM,0.93
10066,5/11/2024 9:59:50 PM,0.92
10066,5/11/2024 10:00:00 PM,0.91
10066,5/11/2024 10:00:10 PM,0.90
10066,5/11/2024 10:00:20 PM,0.91
10066,5/11/2024 10:00:30 PM,0.94
10066,5/11/2024 10:00:40 PM,0.96
10066,5/11/2024 10:00:50 PM,0.99
10066,5/11/2024 10:01:00 PM,1.02
10066,5/11/2024 10:01:10 PM,1.04
10066,5/11/2024 10:01:20 PM,1.07
10066,5/11/2024 10:01:30 PM,1.09
10066,5/11/2024 10:01:40 PM,1.12
10066,5/11/2024 10:01:50 PM,1.14
10066,5/11/2024 10:02:00 PM,1.17
10066,5/11/2024 10:02:10 PM,1.20
10066,5/11/2024 10:02:20 PM,1.22
10066,5/11/2024 10:02:30 PM,1.25
10066,5/11/2024 10:02:40 PM,1.27
10066,5/11/2024 10:02:50 PM,1.30
10066,5/11/2024 10:03:00 PM,1.33
10066,5/11/2024 10:03:10 PM,1.35
10066,5/11/2024 10:03:20 PM,1.38
10066,5/11/2024 10:03:30 PM,1.40
10066,5/11/2024 10:03:40 PM,1.43
10066,5/11/2024 10:03:50 PM,1.45
10066,5/11/2024 10:04:00 PM,1.48
10066,5/11/2024 10:04:10 PM,1.51
10066,5/11/2024 10:04:20 PM,1.53
10066,5/11/2024 10:04:30 PM,1.56
10066,5/11/2024 10:04:40 PM,1.58
10066,5/11/2024 10:04:50 PM,1.61
10066,5/11/2024 10:05:00 PM,1.63
10066,5/11/2024 10:05:10 PM,1.66
10066,5/11/2024 10:05:20 PM,1.69
10066,5/11/2024 10:05:30 PM,1.71
10066,5/11/2024 10:05:40 PM,1.74
10066,5/11/2024 10:05:50 PM,1.76
10066,5/11/2024 10:06:00 PM,1.79
10066,5/11/2024 10:06:10 PM,1.81
10066,5/11/2024 10:06:20 PM,1.84
10066,5/11/2024 10:06:30 PM,1.87
10066,5/11/2024 10:06:40 PM,1.89
10066,5/11/2024 10:06:50 PM,1.56
10066,5/11/2024 10:07:00 PM,1.06
10066,5/11/2024 10:07:10 PM,0.56
10066,5/11/2024 10:07:20 PM,0.06
10066,5/11/2024 10:07:30 PM,0.00
10066,5/11/2024 10:07:40 PM,0.14
10066,5/11/2024 10:07:50 PM,0.28
10066,5/11/2024 10:08:00 PM,0.43
10066,5/11/2024 10:08:10 PM,0.57
10066,5/11/2024 10:08:20 PM,0.71
10066,5/11/2024 10:08:30 PM,0.86
10066,5/11/2024 10:08:40 PM,0.90
10066,5/11/2024 10:08:50 PM,0.91
10066,5/11/2024 10:09:00 PM,0.91
10066,5/11/2024 10:09:10 PM,0.92
10066,5/11/2024 10:09:20 PM,0.92
10066,5/11/2024 10:09:30 PM,0.93
10066,5/11/2024 10:09:40 PM,0.93
10066,5/11/2024 10:09:50 PM,0.94
10066,5/11/2024 10:10:00 PM,0.94
10066,5/11/2024 10:10:10 PM,0.95
10066,5/11/2024 10:10:20 PM,0.95
10066,5/11/2024 10:10:30 PM,0.96
10066,5/11/2024 10:10:40 PM,0.96
10066,5/11/2024 10:10:50 PM,0.97
10066,5/11/2024 10:11:00 PM,0.97
10066,5/11/2024 10:11:10 PM,0.98
10066,5/11/2024 10:11:20 PM,0.98
10066,5/11/2024 10:11:30 PM,0.99
10066,5/11/2024 10:11:40 PM,0.99
10066,5/11/2024 10:11:50 PM,1.00
10066,5/11/2024 10:12:00 PM,1.00
10066,5/11/2024 10:12:10 PM,1.01
10066,5/11/2024 10:12:20 PM,1.01
10066,5/11/2024 10:12:30 PM,1.02
10066,5/11/2024 10:12:40 PM,1.02
10066,5/11/2024 10:12:50 PM,1.03
10066,5/11/2024 10:13:00 PM,1.03
10066,5/11/2024 10:13:10 PM,1.04
10066,5/11/2024 10:13:20 PM,1.04
10066,5/11/2024 10:13:30 PM,1.05
10066,5/11/2024 10:13:40 PM,1.05
10066,5/11/2024 10:13:50 PM,1.06
10066,5/11/2024 10:14:00 PM,1.06
10066,5/11/2024 10:14:10 PM,1.07
10066,5/11/2024 10:14:20 PM,1.07
10066,5/11/2024 10:14:30 PM,1.08
10066,5/11/2024 10:14:40 PM,1.08
10066,5/11/2024 10:14:50 PM,1.09
10066,5/11/2024 10:15:00 PM,1.09
10066,5/11/2024 10:15:10 PM,1.10
10066,5/11/2024 10:15:20 PM,1.24
10066,5/11/2024 10:15:30 PM,1.44
10066,5/11/2024 10:15:40 PM,1.64
10066,5/11/2024 10:15:50 PM,1.84
10066,5/11/2024 10:16:00 PM,2.04
10066,5/11/2024 10:16:10 PM,2.24
10066,5/11/2024 10:16:20 PM,2.05
10066,5/11/2024 10:16:30 PM,1.68
10066,5/11/2024 10:16:40 PM,1.32
10066,5/11/2024 10:16:50 PM,1.20
10066,5/11/2024 10:17:00 PM,1.20
10066,5/11/2024 10:17:10 PM,1.20
10066,5/11/2024 10:17:20 PM,1.19
10066,5/11/2024 10:17:30 PM,1.19
10066,5/11/2024 10:17:40 PM,1.19
10066,5/11/2024 10:17:50 PM,1.19
10066,5/11/2024 10:18:00 PM,1.19
10066,5/11/2024 10:18:10 PM,1.19
10066,5/11/2024 10:18:20 PM,1.18
10066,5/11/2024 10:18:30 PM,1.18
10066,5/11/2024 10:18:40 PM,1.18
10066,5/11/2024 10:18:50 PM,1.18
10066,5/11/2024 10:19:00 PM,1.18
10066,5/11/2024 10:19:10 PM,1.17
10066,5/11/2024 10:19:20 PM,1.17
10066,5/11/2024 10:19:30 PM,1.17
10066,5/11/2024 10:19:40 PM,1.17
10066,5/11/2024 10:19:50 PM,1.17
10066,5/11/2024 10:20:00 PM,1.17
10066,5/11/2024 10:20:10 PM,1.16
10066,5/11/2024 10:20:20 PM,1.16
10066,5/11/2024 10:20:30 PM,1.16
10066,5/11/2024 10:20:40 PM,1.16
10066,5/11/2024 10:20:50 PM,1.16
10066,5/11/2024 10:21:00 PM,1.16
10066,5/11/2024 10:21:10 PM,1.15
10066,5/11/2024 10:21:20 PM,1.15
10066,5/11/2024 10:21:30 PM,1.15
10066,5/11/2024 10:21:40 PM,1.15
10066,5/11/2024 10:21:50 PM,1.15
10066,5/11/2024 10:22:00 PM,1.14
10066,5/11/2024 10:22:10 PM,1.14
10066,5/11/2024 10:22:20 PM,1.14
10066,5/11/2024 10:22:30 PM,1.14
10066,5/11/2024 10:22:40 PM,1.14
10066,5/11/2024 10:22:50 PM,1.14
10066,5/11/2024 10:23:00 PM,1.13
10066,5/11/2024 10:23:10 PM,1.13
10066,5/11/2024 10:23:20 PM,1.13
10066,5/11/2024 10:23:30 PM,1.13
10066,5/11/2024 10:23:40 PM,1.13
10066,5/11/2024 10:23:50 PM,1.13
10066,5/11/2024 10:24:00 PM,1.12
10066,5/11/2024 10:24:10 PM,1.12
10066,5/11/2024 10:24:20 PM,1.12
10066,5/11/2024 10:24:30 PM,1.12
10066,5/11/2024 10:24:40 PM,1.12
10066,5/11/2024 10:24:50 PM,1.12
10066,5/11/2024 10:25:00 PM,1.11
10066,5/11/2024 10:25:10 PM,1.11
10066,5/11/2024 10:25:20 PM,1.11
10066,5/11/2024 10:25:30 PM,1.11
10066,5/11/2024 10:25:40 PM,1.11
10066,5/11/2024 10:25:50 PM,1.10
10066,5/11/2024 10:26:00 PM,1.10
10066,5/11/2024 10:26:10 PM,1.10
10066,5/11/2024 10:26:20 PM,1.10
10066,5/11/2024 10:26:30 PM,1.10
10066,5/11/2024 10:26:40 PM,1.10
10066,5/11/2024 10:26:50 PM,1.09
10066,5/11/2024 10:27:00 PM,1.09
10066,5/11/2024 10:27:10 PM,1.09
10066,5/11/2024 10:27:20 PM,1.09
10066,5/11/2024 10:27:30 PM,1.09
10066,5/11/2024 10:27:40 PM,1.09
10066,5/11/2024 10:27:50 PM,1.08
10066,5/11/2024 10:28:00 PM,1.08
10066,5/11/2024 10:28:10 PM,1.08
10066,5/11/2024 10:28:20 PM,1.08
10066,5/11/2024 10:28:30 PM,1.08
10066,5/11/2024 10:28:40 PM,1.07
10066,5/11/2024 10:28:50 PM,1.07
10066,5/11/2024 10:29:00 PM,1.07
10066,5/11/2024 10:29:10 PM,1.07
10066,5/11/2024 10:29:20 PM,1.07
10066,5/11/2024 10:29:30 PM,1.07
10066,5/11/2024 10:29:40 PM,1.06
10066,5/11/2024 10:29:50 PM,1.06
10066,5/11/2024 10:30:00 PM,1.06
10066,5/11/2024 10:30:10 PM,1.06
10066,5/11/2024 10:30:20 PM,1.06
10066,5/11/2024 10:30:30 PM,1.06
10066,5/11/2024 10:30:40 PM,1.05
10066,5/11/2024 10:30:50 PM,1.05
10066,5/11/2024 10:31:00 PM,1.05
10066,5/11/2024 10:31:10 PM,1.05
10066,5/11/2024 10:31:20 PM,1.05
10066,5/11/2024 10:31:30 PM,1.05
10066,5/11/2024 10:31:40 PM,1.04
10066,5/11/2024 10:31:50 PM,1.04
10066,5/11/2024 10:32:00 PM,1.04
10066,5/11/2024 10:32:10 PM,1.04
10066,5/11/2024 10:32:20 PM,1.04
10066,5/11/2024 10:32:30 PM,1.03
10066,5/11/2024 10:32:40 PM,1.03
10066,5/11/2024 10:32:50 PM,1.03
10066,5/11/2024 10:33:00 PM,1.03
10066,5/11/2024 10:33:10 PM,1.03
10066,5/11/2024 10:33:20 PM,1.03
10066,5/11/2024 10:33:30 PM,1.02
10066,5/11/2024 10:33:40 PM,1.02
10066,5/11/2024 10:33:50 PM,1.02
10066,5/11/2024 10:34:00 PM,1.02
10066,5/11/2024 10:34:10 PM,1.02
10066,5/11/2024 10:34:20 PM,1.02
10066,5/11/2024 10:34:30 PM,1.01
10066,5/11/2024 10:34:40 PM,1.01
10066,5/11/2024 10:34:50 PM,1.01
10066,5/11/2024 10:35:00 PM,1.01
10066,5/11/2024 10:35:10 PM,1.01
10066,5/11/2024 10:35:20 PM,1.00
10066,5/11/2024 10:35:30 PM,1.00
10066,5/11/2024 10:35:40 PM,1.00
10066,5/11/2024 10:35:50 PM,1.00
10066,5/11/2024 10:36:00 PM,1.00
10066,5/11/2024 10:36:10 PM,1.00
10066,5/11/2024 10:36:20 PM,0.99
10066,5/11/2024 10:36:30 PM,0.99
10066,5/11/2024 10:36:40 PM,0.99
10066,5/11/2024 10:36:50 PM,0.99
10066,5/11/2024 10:37:00 PM,0.99
10066,5/11/2024 10:37:10 PM,0.99
10066,5/11/2024 10:37:20 PM,0.98
10066,5/11/2024 10:37:30 PM,0.98
10066,5/11/2024 10:37:40 PM,0.98
10066,5/11/2024 10:37:50 PM,0.98
10066,5/11/2024 10:38:00 PM,0.98
10066,5/11/2024 10:38:10 PM,0.98
10066,5/11/2024 10:38:20 PM,0.97
10066,5/11/2024 10:38:30 PM,0.97
10066,5/11/2024 10:38:40 PM,0.97
10066,5/11/2024 10:38:50 PM,0.97
10066,5/11/2024 10:39:00 PM,0.97
10066,5/11/2024 10:39:10 PM,0.96
10066,5/11/2024 10:39:20 PM,0.96
10066,5/11/2024 10:39:30 PM,0.96
10066,5/11/2024 10:39:40 PM,0.96
10066,5/11/2024 10:39:50 PM,0.96
10066,5/11/2024 10:40:00 PM,0.96
10066,5/11/2024 10:40:10 PM,0.95
10066,5/11/2024 10:40:20 PM,0.95
10066,5/11/2024 10:40:30 PM,0.95
10066,5/11/2024 10:40:40 PM,0.95
10066,5/11/2024 10:40:50 PM,0.95
10066,5/11/2024 10:41:00 PM,0.95
10066,5/11/2024 10:41:10 PM,0.94
10066,5/11/2024 10:41:20 PM,0.94
10066,5/11/2024 10:41:30 PM,0.94
10066,5/11/2024 10:41:40 PM,0.94
10066,5/11/2024 10:41:50 PM,0.94
10066,5/11/2024 10:42:00 PM,0.93
10066,5/11/2024 10:42:10 PM,0.93
10066,5/11/2024 10:42:20 PM,0.93
10066,5/11/2024 10:42:30 PM,0.93
10066,5/11/2024 10:42:40 PM,0.93
10066,5/11/2024 10:42:50 PM,0.93
10066,5/11/2024 10:43:00 PM,0.92
10066,5/11/2024 10:43:10 PM,0.92
10066,5/11/2024 10:43:20 PM,0.92
10066,5/11/2024 10:43:30 PM,0.92
10066,5/11/2024 10:43:40 PM,0.92
10066,5/11/2024 10:43:50 PM,0.92
10066,5/11/2024 10:44:00 PM,0.91
10066,5/11/2024 10:44:10 PM,0.91
10066,5/11/2024 10:44:20 PM,0.91
10066,5/11/2024 10:44:30 PM,0.91
10066,5/11/2024 10:44:40 PM,0.91
10066,5/11/2024 10:44:50 PM,0.90
10066,5/11/2024 10:45:00 PM,0.90
10066,5/11/2024 10:45:10 PM,0.90
10066,5/11/2024 10:45:20 PM,0.92
10066,5/11/2024 10:45:30 PM,0.97
10066,5/11/2024 10:45:40 PM,1.02
10066,5/11/2024 10:45:50 PM,1.07
10066,5/11/2024 10:46:00 PM,1.11
10066,5/11/2024 10:46:10 PM,1.16
10066,5/11/2024 10:46:20 PM,1.21
10066,5/11/2024 10:46:30 PM,1.26
10066,5/11/2024 10:46:40 PM,1.30
10066,5/11/2024 10:46:50 PM,1.35
10066,5/11/2024 10:47:00 PM,1.40
10066,5/11/2024 10:47:10 PM,1.45
10066,5/11/2024 10:47:20 PM,1.49
10066,5/11/2024 10:47:30 PM,1.54
10066,5/11/2024 10:47:40 PM,1.59
10066,5/11/2024 10:47:50 PM,1.64
10066,5/11/2024 10:48:00 PM,1.69
10066,5/11/2024 10:48:10 PM,1.30
10066,5/11/2024 10:48:20 PM,1.12
10066,5/11/2024 10:48:30 PM,1.15
10066,5/11/2024 10:48:40 PM,1.18
10066,5/11/2024 10:48:50 PM,1.20
10066,5/11/2024 10:49:00 PM,1.23
10066,5/11/2024 10:49:10 PM,1.26
10066,5/11/2024 10:49:20 PM,1.29
10066,5/11/2024 10:49:30 PM,1.32
10066,5/11/2024 10:49:40 PM,1.34
10066,5/11/2024 10:49:50 PM,1.37
10066,5/11/2024 10:50:00 PM,1.40
10066,5/11/2024 10:50:10 PM,1.43
10066,5/11/2024 10:50:20 PM,1.46
10066,5/11/2024 10:50:30 PM,1.49
10066,5/11/2024 10:50:40 PM,1.51
10066,5/11/2024 10:50:50 PM,1.54
10066,5/11/2024 10:51:00 PM,1.57
10066,5/11/2024 10:51:10 PM,1.60
10066,5/11/2024 10:51:20 PM,1.63
10066,5/11/2024 10:51:30 PM,1.65
10066,5/11/2024 10:51:40 PM,1.68
10066,5/11/2024 10:51:50 PM,1.71
10066,5/11/2024 10:52:00 PM,1.74
10066,5/11/2024 10:52:10 PM,1.77
10066,5/11/2024 10:52:20 PM,1.79
10066,5/11/2024 10:52:30 PM,1.82
10066,5/11/2024 10:52:40 PM,1.85
10066,5/11/2024 10:52:50 PM,1.88
10066,5/11/2024 10:53:00 PM,1.91
10066,5/11/2024 10:53:10 PM,1.94
10066,5/11/2024 10:53:20 PM,1.96
10066,5/11/2024 10:53:30 PM,1.99
10066,5/11/2024 10:53:40 PM,1.75
10066,5/11/2024 10:53:50 PM,1.39
10066,5/11/2024 10:54:00 PM,1.03
10066,5/11/2024 10:54:10 PM,0.67
10066,5/11/2024 10:54:20 PM,0.31
10066,5/11/2024 10:54:30 PM,0.38
10066,5/11/2024 10:54:40 PM,0.63
10066,5/11/2024 10:54:50 PM,0.89
10066,5/11/2024 10:55:00 PM,1.15
10066,5/11/2024 10:55:10 PM,1.41
10066,5/11/2024 10:55:20 PM,1.66
10066,5/11/2024 10:55:30 PM,1.92
10066,5/11/2024 10:55:40 PM,1.92
10066,5/11/2024 10:55:50 PM,1.81
10066,5/11/2024 10:56:00 PM,1.69
10066,5/11/2024 10:56:10 PM,1.57
10066,5/11/2024 10:56:20 PM,1.46
10066,5/11/2024 10:56:30 PM,1.34
10066,5/11/2024 10:56:40 PM,1.23
10066,5/11/2024 10:56:50 PM,1.11
10066,5/11/2024 10:57:00 PM,1.00
10066,5/11/2024 10:57:10 PM,0.88
10066,5/11/2024 10:57:20 PM,0.77
10066,5/11/2024 10:57:30 PM,0.65
10066,5/11/2024 10:57:40 PM,0.54
10066,5/11/2024 10:57:50 PM,0.57
10066,5/11/2024 10:58:00 PM,0.67
10066,5/11/2024 10:58:10 PM,0.77
10066,5/11/2024 10:58:20 PM,0.87
10066,5/11/2024 10:58:30 PM,0.97
10066,5/11/2024 10:58:40 PM,1.07
10066,5/11/2024 10:58:50 PM,1.17
10066,5/11/2024 10:59:00 PM,1.27
10066,5/11/2024 10:59:10 PM,1.37
10066,5/11/2024 10:59:20 PM,1.47
10066,5/11/2024 10:59:30 PM,1.49
10066,5/11/2024 10:59:40 PM,1.47
10066,5/11/2024 10:59:50 PM,1.45
10066,5/11/2024 11:00:00 PM,1.42
10066,5/11/2024 11:00:10 PM,1.40
10066,5/11/2024 11:00:20 PM,1.38
10066,5/11/2024 11:00:30 PM,1.36
10066,5/11/2024 11:00:40 PM,1.34
10066,5/11/2024 11:00:50 PM,1.32
10066,5/11/2024 11:01:00 PM,1.30
10066,5/11/2024 11:01:10 PM,1.28
10066,5/11/2024 11:01:20 PM,1.26
10066,5/11/2024 11:01:30 PM,1.24
10066,5/11/2024 11:01:40 PM,1.22
10066,5/11/2024 11:01:50 PM,1.20
10066,5/11/2024 11:02:00 PM,1.18
10066,5/11/2024 11:02:10 PM,1.16
10066,5/11/2024 11:02:20 PM,1.13
10066,5/11/2024 11:02:30 PM,1.11
10066,5/11/2024 11:02:40 PM,1.09
10066,5/11/2024 11:02:50 PM,1.07
10066,5/11/2024 11:03:00 PM,1.05
10066,5/11/2024 11:03:10 PM,1.03
10066,5/11/2024 11:03:20 PM,1.01
10066,5/11/2024 11:03:30 PM,0.99
10066,5/11/2024 11:03:40 PM,0.97
10066,5/11/2024 11:03:50 PM,0.95
10066,5/11/2024 11:04:00 PM,0.93
10066,5/11/2024 11:04:10 PM,0.91
10066,5/11/2024 11:04:20 PM,1.02
10066,5/11/2024 11:04:30 PM,1.19
10066,5/11/2024 11:04:40 PM,1.37
10066,5/11/2024 11:04:50 PM,1.54
10066,5/11/2024 11:05:00 PM,1.56
10066,5/11/2024 11:05:10 PM,1.50
10066,5/11/2024 11:05:20 PM,1.45
10066,5/11/2024 11:05:30 PM,1.39
10066,5/11/2024 11:05:40 PM,1.33
10066,5/11/2024 11:05:50 PM,1.28
10066,5/11/2024 11:06:00 PM,1.22
10066,5/11/2024 11:06:10 PM,1.16
10066,5/11/2024 11:06:20 PM,1.10
10066,5/11/2024 11:06:30 PM,1.05
10066,5/11/2024 11:06:40 PM,0.99
10066,5/11/2024 11:06:50 PM,0.93
10066,5/11/2024 11:07:00 PM,0.88
10066,5/11/2024 11:07:10 PM,0.82
10066,5/11/2024 11:07:20 PM,0.88
10066,5/11/2024 11:07:30 PM,0.99
10066,5/11/2024 11:07:40 PM,1.10
10066,5/11/2024 11:07:50 PM,1.21
10066,5/11/2024 11:08:00 PM,1.33
10066,5/11/2024 11:08:10 PM,1.44
10066,5/11/2024 11:08:20 PM,1.55
10066,5/11/2024 11:08:30 PM,1.66
10066,5/11/2024 11:08:40 PM,1.67
10066,5/11/2024 11:08:50 PM,1.63
10066,5/11/2024 11:09:00 PM,1.59
10066,5/11/2024 11:09:10 PM,1.55
10066,5/11/2024 11:09:20 PM,1.50
10066,5/11/2024 11:09:30 PM,1.46
10066,5/11/2024 11:09:40 PM,1.42
10066,5/11/2024 11:09:50 PM,1.38
10066,5/11/2024 11:10:00 PM,1.33
10066,5/11/2024 11:10:10 PM,1.29
10066,5/11/2024 11:10:20 PM,1.25
10066,5/11/2024 11:10:30 PM,1.21
10066,5/11/2024 11:10:40 PM,1.17
10066,5/11/2024 11:10:50 PM,1.12
10066,5/11/2024 11:11:00 PM,1.08
10066,5/11/2024 11:11:10 PM,1.04
10066,5/11/2024 11:11:20 PM,1.00
10066,5/11/2024 11:11:30 PM,0.96
10066,5/11/2024 11:11:40 PM,0.91
10066,5/11/2024 11:11:50 PM,1.01
10066,5/11/2024 11:12:00 PM,1.17
10066,5/11/2024 11:12:10 PM,1.33
10066,5/11/2024 11:12:20 PM,1.49
10066,5/11/2024 11:12:30 PM,1.65
10066,5/11/2024 11:12:40 PM,1.58
10066,5/11/2024 11:12:50 PM,1.41
10066,5/11/2024 11:13:00 PM,1.23
10066,5/11/2024 11:13:10 PM,1.06
10066,5/11/2024 11:13:20 PM,1.09
10066,5/11/2024 11:13:30 PM,1.23
10066,5/11/2024 11:13:40 PM,1.36
10066,5/11/2024 11:13:50 PM,1.49
10066,5/11/2024 11:14:00 PM,1.63
10066,5/11/2024 11:14:10 PM,1.76
10066,5/11/2024 11:14:20 PM,1.57
10066,5/11/2024 11:14:30 PM,1.24
10066,5/11/2024 11:14:40 PM,0.90
10066,5/11/2024 11:14:50 PM,0.92
10066,5/11/2024 11:15:00 PM,1.10
10066,5/11/2024 11:15:10 PM,1.28
10066,5/11/2024 11:15:20 PM,1.46
10066,5/11/2024 11:15:30 PM,1.64
10066,5/11/2024 11:15:40 PM,1.68
10066,5/11/2024 11:15:50 PM,1.66
10066,5/11/2024 11:16:00 PM,1.64
10066,5/11/2024 11:16:10 PM,1.61
10066,5/11/2024 11:16:20 PM,1.59
10066,5/11/2024 11:16:30 PM,1.56
10066,5/11/2024 11:16:40 PM,1.54
10066,5/11/2024 11:16:50 PM,1.52
10066,5/11/2024 11:17:00 PM,1.49
10066,5/11/2024 11:17:10 PM,1.47
10066,5/11/2024 11:17:20 PM,1.44
10066,5/11/2024 11:17:30 PM,1.42
10066,5/11/2024 11:17:40 PM,1.39
10066,5/11/2024 11:17:50 PM,1.37
10066,5/11/2024 11:18:00 PM,1.35
10066,5/11/2024 11:18:10 PM,1.32
10066,5/11/2024 11:18:20 PM,1.30
10066,5/11/2024 11:18:30 PM,1.27
10066,5/11/2024 11:18:40 PM,1.25
10066,5/11/2024 11:18:50 PM,1.23
10066,5/11/2024 11:19:00 PM,1.20
10066,5/11/2024 11:19:10 PM,1.18
10066,5/11/2024 11:19:20 PM,1.15
10066,5/11/2024 11:19:30 PM,1.13
10066,5/11/2024 11:19:40 PM,1.10
10066,5/11/2024 11:19:50 PM,1.08
10066,5/11/2024 11:20:00 PM,1.06
10066,5/11/2024 11:20:10 PM,1.03
10066,5/11/2024 11:20:20 PM,1.01
10066,5/11/2024 11:20:30 PM,1.47
10066,5/11/2024 11:20:40 PM,1.58
10066,5/11/2024 11:20:50 PM,1.40
10066,5/11/2024 11:21:00 PM,1.22
10066,5/11/2024 11:21:10 PM,1.04
10066,5/11/2024 11:21:20 PM,0.86
10066,5/11/2024 11:21:30 PM,1.03
10066,5/11/2024 11:21:40 PM,1.36
10066,5/11/2024 11:21:50 PM,1.69
10066,5/11/2024 11:22:00 PM,1.49
10066,5/11/2024 11:22:10 PM,1.04
10066,5/11/2024 11:22:20 PM,0.59
10066,5/11/2024 11:22:30 PM,0.15
10066,5/11/2024 11:22:40 PM,0.96
10066,5/11/2024 11:22:50 PM,1.32
10066,5/11/2024 11:23:00 PM,1.20
10066,5/11/2024 11:23:10 PM,1.08
10066,5/11/2024 11:23:20 PM,0.96
10066,5/11/2024 11:23:30 PM,0.84
10066,5/11/2024 11:23:40 PM,0.72
10066,5/11/2024 11:23:50 PM,0.60
10066,5/11/2024 11:24:00 PM,0.48
10066,5/11/2024 11:24:10 PM,0.36
10066,5/11/2024 11:24:20 PM,0.24
10066,5/11/2024 11:24:30 PM,0.95
10066,5/11/2024 11:24:40 PM,1.33
10066,5/11/2024 11:24:50 PM,1.38
10066,5/11/2024 11:25:00 PM,0.72
10066,5/11/2024 11:25:10 PM,0.94
10066,5/11/2024 11:25:20 PM,1.13
10066,5/11/2024 11:25:30 PM,1.03
10066,5/11/2024 11:25:40 PM,0.93
10066,5/11/2024 11:25:50 PM,1.72
10066,5/11/2024 11:26:00 PM,0.88
10066,5/11/2024 11:26:10 PM,1.87
10066,5/11/2024 11:26:20 PM,1.43
10066,5/11/2024 11:26:30 PM,0.87
10066,5/11/2024 11:26:40 PM,0.82
10066,5/11/2024 11:26:50 PM,0.77
10066,5/11/2024 11:27:00 PM,0.72
10066,5/11/2024 11:27:10 PM,1.31
10066,5/11/2024 11:27:20 PM,0.92
10066,5/11/2024 11:27:30 PM,2.11
10066,5/11/2024 11:27:40 PM,1.77
10066,5/11/2024 11:27:50 PM,1.98
10066,5/11/2024 11:28:00 PM,0.81
10066,5/11/2024 11:28:10 PM,0.36
10066,5/11/2024 11:28:20 PM,0.73
10066,5/11/2024 11:28:30 PM,1.11
10066,5/11/2024 11:28:40 PM,1.48
10066,5/11/2024 11:28:50 PM,1.12
10066,5/11/2024 11:29:00 PM,1.10
10066,5/11/2024 11:29:10 PM,0.33
10066,5/11/2024 11:29:20 PM,0.15
10066,5/11/2024 11:29:30 PM,0.51
10066,5/11/2024 11:29:40 PM,0.88
10066,5/11/2024 11:29:50 PM,1.82
10066,5/11/2024 11:30:00 PM,1.66
10066,5/11/2024 11:30:10 PM,0.87
10066,5/11/2024 11:30:20 PM,1.11
10066,5/11/2024 11:30:30 PM,1.69
10066,5/11/2024 11:30:40 PM,1.24
10066,5/11/2024 11:30:50 PM,1.22
10066,5/11/2024 11:31:00 PM,1.40
10066,5/11/2024 11:31:10 PM,1.58
10066,5/11/2024 11:31:20 PM,1.76
10066,5/11/2024 11:31:30 PM,1.94
10066,5/11/2024 11:31:40 PM,1.88
10066,5/11/2024 11:31:50 PM,1.71
10066,5/11/2024 11:32:00 PM,1.53
10066,5/11/2024 11:32:10 PM,1.36
10066,5/11/2024 11:32:20 PM,1.37
10066,5/11/2024 11:32:30 PM,1.47
10066,5/11/2024 11:32:40 PM,1.57
10066,5/11/2024 11:32:50 PM,1.67
10066,5/11/2024 11:33:00 PM,1.56
10066,5/11/2024 11:33:10 PM,1.36
10066,5/11/2024 11:33:20 PM,1.16
10066,5/11/2024 11:33:30 PM,0.96
10066,5/11/2024 11:33:40 PM,0.90
10066,5/11/2024 11:33:50 PM,0.90
10066,5/11/2024 11:34:00 PM,0.90
10066,5/11/2024 11:34:10 PM,0.91
10066,5/11/2024 11:34:20 PM,0.91
10066,5/11/2024 11:34:30 PM,0.91
10066,5/11/2024 11:34:40 PM,0.91
10066,5/11/2024 11:34:50 PM,0.91
10066,5/11/2024 11:35:00 PM,0.91
10066,5/11/2024 11:35:10 PM,0.91
10066,5/11/2024 11:35:20 PM,0.92
10066,5/11/2024 11:35:30 PM,0.92
10066,5/11/2024 11:35:40 PM,0.92
10066,5/11/2024 11:35:50 PM,0.92
10066,5/11/2024 11:36:00 PM,0.92
10066,5/11/2024 11:36:10 PM,0.92
10066,5/11/2024 11:36:20 PM,0.92
10066,5/11/2024 11:36:30 PM,0.93
10066,5/11/2024 11:36:40 PM,0.93
10066,5/11/2024 11:36:50 PM,0.93
10066,5/11/2024 11:37:00 PM,0.93
10066,5/11/2024 11:37:10 PM,0.93
10066,5/11/2024 11:37:20 PM,0.93
10066,5/11/2024 11:37:30 PM,0.93
10066,5/11/2024 11:37:40 PM,0.94
10066,5/11/2024 11:37:50 PM,0.94
10066,5/11/2024 11:38:00 PM,0.94
10066,5/11/2024 11:38:10 PM,0.94
10066,5/11/2024 11:38:20 PM,0.94
10066,5/11/2024 11:38:30 PM,0.94
10066,5/11/2024 11:38:40 PM,0.94
10066,5/11/2024 11:38:50 PM,0.95
10066,5/11/2024 11:39:00 PM,0.95
10066,5/11/2024 11:39:10 PM,0.95
10066,5/11/2024 11:39:20 PM,0.95
10066,5/11/2024 11:39:30 PM,0.95
10066,5/11/2024 11:39:40 PM,0.95
10066,5/11/2024 11:39:50 PM,0.95
10066,5/11/2024 11:40:00 PM,0.96
10066,5/11/2024 11:40:10 PM,0.96
10066,5/11/2024 11:40:20 PM,0.96
10066,5/11/2024 11:40:30 PM,0.96
10066,5/11/2024 11:40:40 PM,0.96
10066,5/11/2024 11:40:50 PM,0.96
10066,5/11/2024 11:41:00 PM,0.96
10066,5/11/2024 11:41:10 PM,0.97
10066,5/11/2024 11:41:20 PM,0.97
10066,5/11/2024 11:41:30 PM,0.97
10066,5/11/2024 11:41:40 PM,0.97
10066,5/11/2024 11:41:50 PM,0.97
10066,5/11/2024 11:42:00 PM,0.97
10066,5/11/2024 11:42:10 PM,0.97
10066,5/11/2024 11:42:20 PM,0.98
10066,5/11/2024 11:42:30 PM,0.98
10066,5/11/2024 11:42:40 PM,0.98
10066,5/11/2024 11:42:50 PM,0.98
10066,5/11/2024 11:43:00 PM,0.98
10066,5/11/2024 11:43:10 PM,0.98
10066,5/11/2024 11:43:20 PM,0.98
10066,5/11/2024 11:43:30 PM,0.99
10066,5/11/2024 11:43:40 PM,0.99
10066,5/11/2024 11:43:50 PM,0.99
10066,5/11/2024 11:44:00 PM,0.99
10066,5/11/2024 11:44:10 PM,0.99
10066,5/11/2024 11:44:20 PM,0.99
10066,5/11/2024 11:44:30 PM,0.99
10066,5/11/2024 11:44:40 PM,1.00
10066,5/11/2024 11:44:50 PM,1.00
10066,5/11/2024 11:45:00 PM,1.00
10066,5/11/2024 11:45:10 PM,1.00
10066,5/11/2024 11:45:20 PM,1.02
10066,5/11/2024 11:45:30 PM,1.05
10066,5/11/2024 11:45:40 PM,1.08
10066,5/11/2024 11:45:50 PM,1.11
10066,5/11/2024 11:46:00 PM,1.14
10066,5/11/2024 11:46:10 PM,1.18
10066,5/11/2024 11:46:20 PM,1.21
10066,5/11/2024 11:46:30 PM,1.24
10066,5/11/2024 11:46:40 PM,1.27
10066,5/11/2024 11:46:50 PM,1.30
10066,5/11/2024 11:47:00 PM,1.34
10066,5/11/2024 11:47:10 PM,1.37
10066,5/11/2024 11:47:20 PM,1.40
10066,5/11/2024 11:47:30 PM,1.43
10066,5/11/2024 11:47:40 PM,1.47
10066,5/11/2024 11:47:50 PM,1.50
10066,5/11/2024 11:48:00 PM,1.53
10066,5/11/2024 11:48:10 PM,1.56
10066,5/11/2024 11:48:20 PM,1.59
10066,5/11/2024 11:48:30 PM,1.63
10066,5/11/2024 11:48:40 PM,1.66
10066,5/11/2024 11:48:50 PM,1.69
10066,5/11/2024 11:49:00 PM,1.57
10066,5/11/2024 11:49:10 PM,1.37
10066,5/11/2024 11:49:20 PM,1.17
10066,5/11/2024 11:49:30 PM,1.10
10066,5/11/2024 11:49:40 PM,1.10
10066,5/11/2024 11:49:50 PM,1.10
10066,5/11/2024 11:50:00 PM,1.11
10066,5/11/2024 11:50:10 PM,1.11
10066,5/11/2024 11:50:20 PM,1.11
10066,5/11/2024 11:50:30 PM,1.11
10066,5/11/2024 11:50:40 PM,1.11
10066,5/11/2024 11:50:50 PM,1.11
10066,5/11/2024 11:51:00 PM,1.11
10066,5/11/2024 11:51:10 PM,1.11
10066,5/11/2024 11:51:20 PM,1.11
10066,5/11/2024 11:51:30 PM,1.12
10066,5/11/2024 11:51:40 PM,1.12
10066,5/11/2024 11:51:50 PM,1.12
10066,5/11/2024 11:52:00 PM,1.12
10066,5/11/2024 11:52:10 PM,1.12
10066,5/11/2024 11:52:20 PM,1.12
10066,5/11/2024 11:52:30 PM,1.12
10066,5/11/2024 11:52:40 PM,1.12
10066,5/11/2024 11:52:50 PM,1.13
10066,5/11/2024 11:53:00 PM,1.13
10066,5/11/2024 11:53:10 PM,1.13
10066,5/11/2024 11:53:20 PM,1.13
10066,5/11/2024 11:53:30 PM,1.13
10066,5/11/2024 11:53:40 PM,1.13
10066,5/11/2024 11:53:50 PM,1.13
10066,5/11/2024 11:54:00 PM,1.13
10066,5/11/2024 11:54:10 PM,1.14
10066,5/11/2024 11:54:20 PM,1.14
10066,5/11/2024 11:54:30 PM,1.14
10066,5/11/2024 11:54:40 PM,1.14
10066,5/11/2024 11:54:50 PM,1.14
10066,5/11/2024 11:55:00 PM,1.14
10066,5/11/2024 11:55:10 PM,1.14
10066,5/11/2024 11:55:20 PM,1.14
10066,5/11/2024 11:55:30 PM,1.15
10066,5/11/2024 11:55:40 PM,1.15
10066,5/11/2024 11:55:50 PM,1.15
10066,5/11/2024 11:56:00 PM,1.15
10066,5/11/2024 11:56:10 PM,1.15
10066,5/11/2024 11:56:20 PM,1.15
10066,5/11/2024 11:56:30 PM,1.15
10066,5/11/2024 11:56:40 PM,1.15
10066,5/11/2024 11:56:50 PM,1.16
10066,5/11/2024 11:57:00 PM,1.16
10066,5/11/2024 11:57:10 PM,1.16
10066,5/11/2024 11:57:20 PM,1.16
10066,5/11/2024 11:57:30 PM,1.16
10066,5/11/2024 11:57:40 PM,1.16
10066,5/11/2024 11:57:50 PM,1.16
10066,5/11/2024 11:58:00 PM,1.16
10066,5/11/2024 11:58:10 PM,1.17
10066,5/11/2024 11:58:20 PM,1.17
10066,5/11/2024 11:58:30 PM,1.17
10066,5/11/2024 11:58:40 PM,1.17
10066,5/11/2024 11:58:50 PM,1.17
10066,5/11/2024 11:59:00 PM,1.17
10066,5/11/2024 11:59:10 PM,1.17
10066,5/11/2024 11:59:20 PM,1.17
10066,5/11/2024 11:59:30 PM,1.18
10066,5/11/2024 11:59:40 PM,1.18
10066,5/11/2024 11:59:50 PM,1.18
10066,5/12/2024 12:00:00 AM,1.18
10066,5/12/2024 12:00:10 AM,1.18
10066,5/12/2024 12:00:20 AM,1.18
10066,5/12/2024 12:00:30 AM,1.18
10066,5/12/2024 12:00:40 AM,1.18
10066,5/12/2024 12:00:50 AM,1.19
10066,5/12/2024 12:01:00 AM,1.19
10066,5/12/2024 12:01:10 AM,1.19
10066,5/12/2024 12:01:20 AM,1.19
10066,5/12/2024 12:01:30 AM,1.19
10066,5/12/2024 12:01:40 AM,1.19
10066,5/12/2024 12:01:50 AM,1.19
10066,5/12/2024 12:02:00 AM,1.19
10066,5/12/2024 12:02:10 AM,1.20
10066,5/12/2024 12:02:20 AM,1.20
10066,5/12/2024 12:02:30 AM,1.20
10066,5/12/2024 12:02:40 AM,1.20
10066,5/12/2024 12:02:50 AM,1.20
10066,5/12/2024 12:03:00 AM,1.20
10066,5/12/2024 12:03:10 AM,1.20
10066,5/12/2024 12:03:20 AM,1.20
10066,5/12/2024 12:03:30 AM,1.21
10066,5/12/2024 12:03:40 AM,1.21
10066,5/12/2024 12:03:50 AM,1.21
10066,5/12/2024 12:04:00 AM,1.21
10066,5/12/2024 12:04:10 AM,1.21
10066,5/12/2024 12:04:20 AM,1.21
10066,5/12/2024 12:04:30 AM,1.21
10066,5/12/2024 12:04:40 AM,1.21
10066,5/12/2024 12:04:50 AM,1.21
10066,5/12/2024 12:05:00 AM,1.22
10066,5/12/2024 12:05:10 AM,1.22
10066,5/12/2024 12:05:20 AM,1.22
10066,5/12/2024 12:05:30 AM,1.22
10066,5/12/2024 12:05:40 AM,1.22
10066,5/12/2024 12:05:50 AM,1.22
10066,5/12/2024 12:06:00 AM,1.22
10066,5/12/2024 12:06:10 AM,1.22
10066,5/12/2024 12:06:20 AM,1.23
10066,5/12/2024 12:06:30 AM,1.23
10066,5/12/2024 12:06:40 AM,1.23
10066,5/12/2024 12:06:50 AM,1.23
10066,5/12/2024 12:07:00 AM,1.23
10066,5/12/2024 12:07:10 AM,1.23
10066,5/12/2024 12:07:20 AM,1.23
10066,5/12/2024 12:07:30 AM,1.23
10066,5/12/2024 12:07:40 AM,1.24
10066,5/12/2024 12:07:50 AM,1.24
10066,5/12/2024 12:08:00 AM,1.24
10066,5/12/2024 12:08:10 AM,1.24
10066,5/12/2024 12:08:20 AM,1.24
10066,5/12/2024 12:08:30 AM,1.24
10066,5/12/2024 12:08:40 AM,1.24
10066,5/12/2024 12:08:50 AM,1.24
10066,5/12/2024 12:09:00 AM,1.25
10066,5/12/2024 12:09:10 AM,1.25
10066,5/12/2024 12:09:20 AM,1.25
10066,5/12/2024 12:09:30 AM,1.25
10066,5/12/2024 12:09:40 AM,1.25
10066,5/12/2024 12:09:50 AM,1.25
10066,5/12/2024 12:10:00 AM,1.25
10066,5/12/2024 12:10:10 AM,1.25
10066,5/12/2024 12:10:20 AM,1.26
10066,5/12/2024 12:10:30 AM,1.26
10066,5/12/2024 12:10:40 AM,1.26
10066,5/12/2024 12:10:50 AM,1.26
10066,5/12/2024 12:11:00 AM,1.26
10066,5/12/2024 12:11:10 AM,1.26
10066,5/12/2024 12:11:20 AM,1.26
10066,5/12/2024 12:11:30 AM,1.26
10066,5/12/2024 12:11:40 AM,1.27
10066,5/12/2024 12:11:50 AM,1.27
10066,5/12/2024 12:12:00 AM,1.27
10066,5/12/2024 12:12:10 AM,1.27
10066,5/12/2024 12:12:20 AM,1.27
10066,5/12/2024 12:12:30 AM,1.27
10066,5/12/2024 12:12:40 AM,1.27
10066,5/12/2024 12:12:50 AM,1.27
10066,5/12/2024 12:13:00 AM,1.28
10066,5/12/2024 12:13:10 AM,1.28
10066,5/12/2024 12:13:20 AM,1.28
10066,5/12/2024 12:13:30 AM,1.28
10066,5/12/2024 12:13:40 AM,1.28
10066,5/12/2024 12:13:50 AM,1.28
10066,5/12/2024 12:14:00 AM,1.28
10066,5/12/2024 12:14:10 AM,1.28
10066,5/12/2024 12:14:20 AM,1.29
10066,5/12/2024 12:14:30 AM,1.29
10066,5/12/2024 12:14:40 AM,1.29
10066,5/12/2024 12:14:50 AM,1.29
10066,5/12/2024 12:15:00 AM,1.29
10066,5/12/2024 12:15:10 AM,1.29
10066,5/12/2024 12:15:20 AM,1.29
10066,5/12/2024 12:15:30 AM,1.29
10066,5/12/2024 12:15:40 AM,1.30
10066,5/12/2024 12:15:50 AM,1.30
10066,5/12/2024 12:16:00 AM,1.30
10066,5/12/2024 12:16:10 AM,1.30
10066,5/12/2024 12:16:20 AM,1.30
10066,5/12/2024 12:16:30 AM,1.30
10066,5/12/2024 12:16:40 AM,1.30
10066,5/12/2024 12:16:50 AM,1.30
10066,5/12/2024 12:17:00 AM,1.31
10066,5/12/2024 12:17:10 AM,1.31
10066,5/12/2024 12:17:20 AM,1.31
10066,5/12/2024 12:17:30 AM,1.31
10066,5/12/2024 12:17:40 AM,1.31
10066,5/12/2024 12:17:50 AM,1.31
10066,5/12/2024 12:18:00 AM,1.31
10066,5/12/2024 12:18:10 AM,1.31
10066,5/12/2024 12:18:20 AM,1.31
10066,5/12/2024 12:18:30 AM,1.32
10066,5/12/2024 12:18:40 AM,1.32
10066,5/12/2024 12:18:50 AM,1.32
10066,5/12/2024 12:19:00 AM,1.32
10066,5/12/2024 12:19:10 AM,1.32
10066,5/12/2024 12:19:20 AM,1.32
10066,5/12/2024 12:19:30 AM,1.32
10066,5/12/2024 12:19:40 AM,1.32
10066,5/12/2024 12:19:50 AM,1.33
10066,5/12/2024 12:20:00 AM,1.33
10066,5/12/2024 12:20:10 AM,1.33
10066,5/12/2024 12:20:20 AM,1.33
10066,5/12/2024 12:20:30 AM,1.33
10066,5/12/2024 12:20:40 AM,1.33
10066,5/12/2024 12:20:50 AM,1.33
10066,5/12/2024 12:21:00 AM,1.33
10066,5/12/2024 12:21:10 AM,1.34
10066,5/12/2024 12:21:20 AM,1.34
10066,5/12/2024 12:21:30 AM,1.34
10066,5/12/2024 12:21:40 AM,1.34
10066,5/12/2024 12:21:50 AM,1.34
10066,5/12/2024 12:22:00 AM,1.34
10066,5/12/2024 12:22:10 AM,1.34
10066,5/12/2024 12:22:20 AM,1.34
10066,5/12/2024 12:22:30 AM,1.35
10066,5/12/2024 12:22:40 AM,1.35
10066,5/12/2024 12:22:50 AM,1.35
10066,5/12/2024 12:23:00 AM,1.35
10066,5/12/2024 12:23:10 AM,1.35
10066,5/12/2024 12:23:20 AM,1.35
10066,5/12/2024 12:23:30 AM,1.35
10066,5/12/2024 12:23:40 AM,1.35
10066,5/12/2024 12:23:50 AM,1.36
10066,5/12/2024 12:24:00 AM,1.36
10066,5/12/2024 12:24:10 AM,1.36
10066,5/12/2024 12:24:20 AM,1.36
10066,5/12/2024 12:24:30 AM,1.36
10066,5/12/2024 12:24:40 AM,1.36
10066,5/12/2024 12:24:50 AM,1.36
10066,5/12/2024 12:25:00 AM,1.36
10066,5/12/2024 12:25:10 AM,1.37
10066,5/12/2024 12:25:20 AM,1.37
10066,5/12/2024 12:25:30 AM,1.37
10066,5/12/2024 12:25:40 AM,1.37
10066,5/12/2024 12:25:50 AM,1.37
10066,5/12/2024 12:26:00 AM,1.37
10066,5/12/2024 12:26:10 AM,1.37
10066,5/12/2024 12:26:20 AM,1.37
10066,5/12/2024 12:26:30 AM,1.38
10066,5/12/2024 12:26:40 AM,1.38
10066,5/12/2024 12:26:50 AM,1.38
10066,5/12/2024 12:27:00 AM,1.38
10066,5/12/2024 12:27:10 AM,1.38
10066,5/12/2024 12:27:20 AM,1.38
10066,5/12/2024 12:27:30 AM,1.38
10066,5/12/2024 12:27:40 AM,1.38
10066,5/12/2024 12:27:50 AM,1.39
10066,5/12/2024 12:28:00 AM,1.39
10066,5/12/2024 12:28:10 AM,1.39
10066,5/12/2024 12:28:20 AM,1.39
10066,5/12/2024 12:28:30 AM,1.39
10066,5/12/2024 12:28:40 AM,1.39
10066,5/12/2024 12:28:50 AM,1.39
10066,5/12/2024 12:29:00 AM,1.39
10066,5/12/2024 12:29:10 AM,1.40
10066,5/12/2024 12:29:20 AM,1.40
10066,5/12/2024 12:29:30 AM,1.40
10066,5/12/2024 12:29:40 AM,1.40
10066,5/12/2024 12:29:50 AM,1.40
10066,5/12/2024 12:30:00 AM,1.40
10066,5/12/2024 12:30:10 AM,1.40
10066,5/12/2024 12:30:20 AM,1.40
10066,5/12/2024 12:30:30 AM,1.41
10066,5/12/2024 12:30:40 AM,1.41
10066,5/12/2024 12:30:50 AM,1.41
10066,5/12/2024 12:31:00 AM,1.41
10066,5/12/2024 12:31:10 AM,1.41
10066,5/12/2024 12:31:20 AM,1.41
10066,5/12/2024 12:31:30 AM,1.41
10066,5/12/2024 12:31:40 AM,1.41
10066,5/12/2024 12:31:50 AM,1.41
10066,5/12/2024 12:32:00 AM,1.42
10066,5/12/2024 12:32:10 AM,1.42
10066,5/12/2024 12:32:20 AM,1.42
10066,5/12/2024 12:32:30 AM,1.42
10066,5/12/2024 12:32:40 AM,1.42
10066,5/12/2024 12:32:50 AM,1.42
10066,5/12/2024 12:33:00 AM,1.42
10066,5/12/2024 12:33:10 AM,1.42
10066,5/12/2024 12:33:20 AM,1.43
10066,5/12/2024 12:33:30 AM,1.43
10066,5/12/2024 12:33:40 AM,1.43
10066,5/12/2024 12:33:50 AM,1.43
10066,5/12/2024 12:34:00 AM,1.43
10066,5/12/2024 12:34:10 AM,1.43
10066,5/12/2024 12:34:20 AM,1.43
10066,5/12/2024 12:34:30 AM,1.43
10066,5/12/2024 12:34:40 AM,1.44
10066,5/12/2024 12:34:50 AM,1.44
10066,5/12/2024 12:35:00 AM,1.44
10066,5/12/2024 12:35:10 AM,1.44
10066,5/12/2024 12:35:20 AM,1.44
10066,5/12/2024 12:35:30 AM,1.44
10066,5/12/2024 12:35:40 AM,1.44
10066,5/12/2024 12:35:50 AM,1.44
10066,5/12/2024 12:36:00 AM,1.45
10066,5/12/2024 12:36:10 AM,1.45
10066,5/12/2024 12:36:20 AM,1.45
10066,5/12/2024 12:36:30 AM,1.45
10066,5/12/2024 12:36:40 AM,1.45
10066,5/12/2024 12:36:50 AM,1.45
10066,5/12/2024 12:37:00 AM,1.45
10066,5/12/2024 12:37:10 AM,1.45
10066,5/12/2024 12:37:20 AM,1.46
10066,5/12/2024 12:37:30 AM,1.46
10066,5/12/2024 12:37:40 AM,1.46
10066,5/12/2024 12:37:50 AM,1.46
10066,5/12/2024 12:38:00 AM,1.46
10066,5/12/2024 12:38:10 AM,1.46
10066,5/12/2024 12:38:20 AM,1.46
10066,5/12/2024 12:38:30 AM,1.46
10066,5/12/2024 12:38:40 AM,1.47
10066,5/12/2024 12:38:50 AM,1.47
10066,5/12/2024 12:39:00 AM,1.47
10066,5/12/2024 12:39:10 AM,1.47
10066,5/12/2024 12:39:20 AM,1.47
10066,5/12/2024 12:39:30 AM,1.47
10066,5/12/2024 12:39:40 AM,1.47
10066,5/12/2024 12:39:50 AM,1.47
10066,5/12/2024 12:40:00 AM,1.48
10066,5/12/2024 12:40:10 AM,1.48
10066,5/12/2024 12:40:20 AM,1.48
10066,5/12/2024 12:40:30 AM,1.48
10066,5/12/2024 12:40:40 AM,1.48
10066,5/12/2024 12:40:50 AM,1.48
10066,5/12/2024 12:41:00 AM,1.48
10066,5/12/2024 12:41:10 AM,1.48
10066,5/12/2024 12:41:20 AM,1.49
10066,5/12/2024 12:41:30 AM,1.49
10066,5/12/2024 12:41:40 AM,1.49
10066,5/12/2024 12:41:50 AM,1.49
10066,5/12/2024 12:42:00 AM,1.49
10066,5/12/2024 12:42:10 AM,1.49
10066,5/12/2024 12:42:20 AM,1.49
10066,5/12/2024 12:42:30 AM,1.49
10066,5/12/2024 12:42:40 AM,1.50
10066,5/12/2024 12:42:50 AM,1.50
10066,5/12/2024 12:43:00 AM,1.50
10066,5/12/2024 12:43:10 AM,1.50
10066,5/12/2024 12:43:20 AM,1.50
10066,5/12/2024 12:43:30 AM,1.50
10066,5/12/2024 12:43:40 AM,1.50
10066,5/12/2024 12:43:50 AM,1.50
10066,5/12/2024 12:44:00 AM,1.51
10066,5/12/2024 12:44:10 AM,1.51
10066,5/12/2024 12:44:20 AM,1.51
10066,5/12/2024 12:44:30 AM,1.51
10066,5/12/2024 12:44:40 AM,1.51
10066,5/12/2024 12:44:50 AM,1.51
10066,5/12/2024 12:45:00 AM,1.51
10066,5/12/2024 12:45:10 AM,1.51
10066,5/12/2024 12:45:20 AM,1.51
10066,5/12/2024 12:45:30 AM,1.52
10066,5/12/2024 12:45:40 AM,1.52
10066,5/12/2024 12:45:50 AM,1.52
10066,5/12/2024 12:46:00 AM,1.52
10066,5/12/2024 12:46:10 AM,1.52
10066,5/12/2024 12:46:20 AM,1.52
10066,5/12/2024 12:46:30 AM,1.52
10066,5/12/2024 12:46:40 AM,1.52
10066,5/12/2024 12:46:50 AM,1.53
10066,5/12/2024 12:47:00 AM,1.53
10066,5/12/2024 12:47:10 AM,1.53
10066,5/12/2024 12:47:20 AM,1.53
10066,5/12/2024 12:47:30 AM,1.53
10066,5/12/2024 12:47:40 AM,1.53
10066,5/12/2024 12:47:50 AM,1.53
10066,5/12/2024 12:48:00 AM,1.53
10066,5/12/2024 12:48:10 AM,1.54
10066,5/12/2024 12:48:20 AM,1.54
10066,5/12/2024 12:48:30 AM,1.54
10066,5/12/2024 12:48:40 AM,1.54
10066,5/12/2024 12:48:50 AM,1.54
10066,5/12/2024 12:49:00 AM,1.54
10066,5/12/2024 12:49:10 AM,1.54
10066,5/12/2024 12:49:20 AM,1.54
10066,5/12/2024 12:49:30 AM,1.55
10066,5/12/2024 12:49:40 AM,1.55
10066,5/12/2024 12:49:50 AM,1.55
10066,5/12/2024 12:50:00 AM,1.55
10066,5/12/2024 12:50:10 AM,1.55
10066,5/12/2024 12:50:20 AM,1.55
10066,5/12/2024 12:50:30 AM,1.55
10066,5/12/2024 12:50:40 AM,1.55
10066,5/12/2024 12:50:50 AM,1.56
10066,5/12/2024 12:51:00 AM,1.56
10066,5/12/2024 12:51:10 AM,1.56
10066,5/12/2024 12:51:20 AM,1.56
10066,5/12/2024 12:51:30 AM,1.56
10066,5/12/2024 12:51:40 AM,1.56
10066,5/12/2024 12:51:50 AM,1.56
10066,5/12/2024 12:52:00 AM,1.56
10066,5/12/2024 12:52:10 AM,1.57
10066,5/12/2024 12:52:20 AM,1.57
10066,5/12/2024 12:52:30 AM,1.57
10066,5/12/2024 12:52:40 AM,1.57
10066,5/12/2024 12:52:50 AM,1.57
10066,5/12/2024 12:53:00 AM,1.57
10066,5/12/2024 12:53:10 AM,1.57
10066,5/12/2024 12:53:20 AM,1.57
10066,5/12/2024 12:53:30 AM,1.58
10066,5/12/2024 12:53:40 AM,1.58
10066,5/12/2024 12:53:50 AM,1.58
10066,5/12/2024 12:54:00 AM,1.58
10066,5/12/2024 12:54:10 AM,1.58
10066,5/12/2024 12:54:20 AM,1.58
10066,5/12/2024 12:54:30 AM,1.58
10066,5/12/2024 12:54:40 AM,1.58
10066,5/12/2024 12:54:50 AM,1.59
10066,5/12/2024 12:55:00 AM,1.59
10066,5/12/2024 12:55:10 AM,1.59
10066,5/12/2024 12:55:20 AM,1.59
10066,5/12/2024 12:55:30 AM,1.59
10066,5/12/2024 12:55:40 AM,1.59
10066,5/12/2024 12:55:50 AM,1.59
10066,5/12/2024 12:56:00 AM,1.59
10066,5/12/2024 12:56:10 AM,1.60
10066,5/12/2024 12:56:20 AM,1.60
10066,5/12/2024 12:56:30 AM,1.60
10066,5/12/2024 12:56:40 AM,1.60
10066,5/12/2024 12:56:50 AM,1.60
10066,5/12/2024 12:57:00 AM,1.40
10066,5/12/2024 12:57:10 AM,1.10
10066,5/12/2024 12:57:20 AM,0.99
10066,5/12/2024 12:57:30 AM,0.97
10066,5/12/2024 12:57:40 AM,0.96
10066,5/12/2024 12:57:50 AM,0.94
10066,5/12/2024 12:58:00 AM,0.92
10066,5/12/2024 12:58:10 AM,0.90
10066,5/12/2024 12:58:20 AM,0.89
10066,5/12/2024 12:58:30 AM,0.87
10066,5/12/2024 12:58:40 AM,0.85
10066,5/12/2024 12:58:50 AM,0.84
10066,5/12/2024 12:59:00 AM,0.82
10066,5/12/2024 12:59:10 AM,0.80
10066,5/12/2024 12:59:20 AM,0.79
10066,5/12/2024 12:59:30 AM,0.77
10066,5/12/2024 12:59:40 AM,0.75
10066,5/12/2024 12:59:50 AM,0.73
10066,5/12/2024 1:00:00 AM,0.72
10066,5/12/2024 1:00:10 AM,0.70
10066,5/12/2024 1:00:20 AM,0.68
10066,5/12/2024 1:00:30 AM,0.67
10066,5/12/2024 1:00:40 AM,0.65
10066,5/12/2024 1:00:50 AM,0.63
10066,5/12/2024 1:01:00 AM,0.62
10066,5/12/2024 1:01:10 AM,0.60
10066,5/12/2024 1:01:20 AM,0.58
10066,5/12/2024 1:01:30 AM,0.57
10066,5/12/2024 1:01:40 AM,0.55
10066,5/12/2024 1:01:50 AM,0.53
10066,5/12/2024 1:02:00 AM,0.51
10066,5/12/2024 1:02:10 AM,0.50
10066,5/12/2024 1:02:20 AM,0.48
10066,5/12/2024 1:02:30 AM,0.46
10066,5/12/2024 1:02:40 AM,0.45
10066,5/12/2024 1:02:50 AM,0.43
10066,5/12/2024 1:03:00 AM,0.41
10066,5/12/2024 1:03:10 AM,0.40
10066,5/12/2024 1:03:20 AM,0.38
10066,5/12/2024 1:03:30 AM,0.36
10066,5/12/2024 1:03:40 AM,0.34
10066,5/12/2024 1:03:50 AM,0.33
10066,5/12/2024 1:04:00 AM,0.31
10066,5/12/2024 1:04:10 AM,0.29
10066,5/12/2024 1:04:20 AM,0.28
10066,5/12/2024 1:04:30 AM,0.26
10066,5/12/2024 1:04:40 AM,0.24
10066,5/12/2024 1:04:50 AM,0.23
10066,5/12/2024 1:05:00 AM,0.21
10066,5/12/2024 1:05:10 AM,0.19
10066,5/12/2024 1:05:20 AM,0.18
10066,5/12/2024 1:05:30 AM,0.16
10066,5/12/2024 1:05:40 AM,0.14
10066,5/12/2024 1:05:50 AM,0.12
10066,5/12/2024 1:06:00 AM,0.11
10066,5/12/2024 1:06:10 AM,0.09
10066,5/12/2024 1:06:20 AM,0.07
10066,5/12/2024 1:06:30 AM,0.06
10066,5/12/2024 1:06:40 AM,0.04
10066,5/12/2024 1:06:50 AM,0.02
10066,5/12/2024 1:07:00 AM,0.01
10066,5/12/2024 1:07:10 AM,0.18
10066,5/12/2024 1:07:20 AM,0.44
10066,5/12/2024 1:07:30 AM,0.70
10066,5/12/2024 1:07:40 AM,0.96
10066,5/12/2024 1:07:50 AM,1.22
10066,5/12/2024 1:08:00 AM,1.28
10066,5/12/2024 1:08:10 AM,1.26
10066,5/12/2024 1:08:20 AM,1.23
10066,5/12/2024 1:08:30 AM,1.21
10066,5/12/2024 1:08:40 AM,1.18
10066,5/12/2024 1:08:50 AM,1.16
10066,5/12/2024 1:09:00 AM,1.13
10066,5/12/2024 1:09:10 AM,1.11
10066,5/12/2024 1:09:20 AM,1.08
10066,5/12/2024 1:09:30 AM,1.06
10066,5/12/2024 1:09:40 AM,1.03
10066,5/12/2024 1:09:50 AM,1.01
10066,5/12/2024 1:10:00 AM,0.98
10066,5/12/2024 1:10:10 AM,0.96
10066,5/12/2024 1:10:20 AM,0.93
10066,5/12/2024 1:10:30 AM,0.91
10066,5/12/2024 1:10:40 AM,0.88
10066,5/12/2024 1:10:50 AM,0.86
10066,5/12/2024 1:11:00 AM,0.83
10066,5/12/2024 1:11:10 AM,0.81
10066,5/12/2024 1:11:20 AM,0.78
10066,5/12/2024 1:11:30 AM,0.76
10066,5/12/2024 1:11:40 AM,0.73
10066,5/12/2024 1:11:50 AM,0.71
10066,5/12/2024 1:12:00 AM,0.68
10066,5/12/2024 1:12:10 AM,0.66
10066,5/12/2024 1:12:20 AM,0.63
10066,5/12/2024 1:12:30 AM,0.61
10066,5/12/2024 1:12:40 AM,0.58
10066,5/12/2024 1:12:50 AM,0.56
10066,5/12/2024 1:13:00 AM,0.53
10066,5/12/2024 1:13:10 AM,0.51
10066,5/12/2024 1:13:20 AM,0.48
10066,5/12/2024 1:13:30 AM,0.46
10066,5/12/2024 1:13:40 AM,0.43
10066,5/12/2024 1:13:50 AM,0.41
10066,5/12/2024 1:14:00 AM,0.38
10066,5/12/2024 1:14:10 AM,0.36
10066,5/12/2024 1:14:20 AM,0.33
10066,5/12/2024 1:14:30 AM,0.31
10066,5/12/2024 1:14:40 AM,0.85
10066,5/12/2024 1:14:50 AM,1.10
10066,5/12/2024 1:15:00 AM,1.11
10066,5/12/2024 1:15:10 AM,1.11
10066,5/12/2024 1:15:20 AM,1.11
10066,5/12/2024 1:15:30 AM,1.11
10066,5/12/2024 1:15:40 AM,1.12
10066,5/12/2024 1:15:50 AM,1.12
10066,5/12/2024 1:16:00 AM,1.12
10066,5/12/2024 1:16:10 AM,1.12
10066,5/12/2024 1:16:20 AM,1.13
10066,5/12/2024 1:16:30 AM,1.13
10066,5/12/2024 1:16:40 AM,1.13
10066,5/12/2024 1:16:50 AM,1.14
10066,5/12/2024 1:17:00 AM,1.14
10066,5/12/2024 1:17:10 AM,1.14
10066,5/12/2024 1:17:20 AM,1.14
10066,5/12/2024 1:17:30 AM,1.15
10066,5/12/2024 1:17:40 AM,1.15
10066,5/12/2024 1:17:50 AM,1.15
10066,5/12/2024 1:18:00 AM,1.15
10066,5/12/2024 1:18:10 AM,1.16
10066,5/12/2024 1:18:20 AM,1.16
10066,5/12/2024 1:18:30 AM,1.16
10066,5/12/2024 1:18:40 AM,1.17
10066,5/12/2024 1:18:50 AM,1.17
10066,5/12/2024 1:19:00 AM,1.17
10066,5/12/2024 1:19:10 AM,1.17
10066,5/12/2024 1:19:20 AM,1.18
10066,5/12/2024 1:19:30 AM,1.18
10066,5/12/2024 1:19:40 AM,1.18
10066,5/12/2024 1:19:50 AM,1.18
10066,5/12/2024 1:20:00 AM,1.19
10066,5/12/2024 1:20:10 AM,1.19
10066,5/12/2024 1:20:20 AM,1.19
10066,5/12/2024 1:20:30 AM,1.20
10066,5/12/2024 1:20:40 AM,1.20
10066,5/12/2024 1:20:50 AM,1.20
10066,5/12/2024 1:21:00 AM,1.20
10066,5/12/2024 1:21:10 AM,1.21
10066,5/12/2024 1:21:20 AM,1.21
10066,5/12/2024 1:21:30 AM,1.21
10066,5/12/2024 1:21:40 AM,1.21
10066,5/12/2024 1:21:50 AM,1.22
10066,5/12/2024 1:22:00 AM,1.22
10066,5/12/2024 1:22:10 AM,1.22
10066,5/12/2024 1:22:20 AM,1.23
10066,5/12/2024 1:22:30 AM,1.23
10066,5/12/2024 1:22:40 AM,1.23
10066,5/12/2024 1:22:50 AM,1.23
10066,5/12/2024 1:23:00 AM,1.24
10066,5/12/2024 1:23:10 AM,1.24
10066,5/12/2024 1:23:20 AM,1.24
10066,5/12/2024 1:23:30 AM,1.24
10066,5/12/2024 1:23:40 AM,1.25
10066,5/12/2024 1:23:50 AM,1.25
10066,5/12/2024 1:24:00 AM,1.25
10066,5/12/2024 1:24:10 AM,1.26
10066,5/12/2024 1:24:20 AM,1.26
10066,5/12/2024 1:24:30 AM,1.26
10066,5/12/2024 1:24:40 AM,1.26
10066,5/12/2024 1:24:50 AM,1.27
10066,5/12/2024 1:25:00 AM,1.27
10066,5/12/2024 1:25:10 AM,1.27
10066,5/12/2024 1:25:20 AM,1.27
10066,5/12/2024 1:25:30 AM,1.28
10066,5/12/2024 1:25:40 AM,1.28
10066,5/12/2024 1:25:50 AM,1.28
10066,5/12/2024 1:26:00 AM,1.29
10066,5/12/2024 1:26:10 AM,1.29
10066,5/12/2024 1:26:20 AM,1.29
10066,5/12/2024 1:26:30 AM,1.29
10066,5/12/2024 1:26:40 AM,1.30
10066,5/12/2024 1:26:50 AM,1.30
10066,5/12/2024 1:27:00 AM,1.30
10066,5/12/2024 1:27:10 AM,1.30
10066,5/12/2024 1:27:20 AM,1.31
10066,5/12/2024 1:27:30 AM,1.31
10066,5/12/2024 1:27:40 AM,1.31
10066,5/12/2024 1:27:50 AM,1.32
10066,5/12/2024 1:28:00 AM,1.32
10066,5/12/2024 1:28:10 AM,1.32
10066,5/12/2024 1:28:20 AM,1.32
10066,5/12/2024 1:28:30 AM,1.33
10066,5/12/2024 1:28:40 AM,1.33
10066,5/12/2024 1:28:50 AM,1.33
10066,5/12/2024 1:29:00 AM,1.33
10066,5/12/2024 1:29:10 AM,1.34
10066,5/12/2024 1:29:20 AM,1.34
10066,5/12/2024 1:29:30 AM,1.34
10066,5/12/2024 1:29:40 AM,1.35
10066,5/12/2024 1:29:50 AM,1.35
10066,5/12/2024 1:30:00 AM,1.35
10066,5/12/2024 1:30:10 AM,1.35
10066,5/12/2024 1:30:20 AM,1.36
10066,5/12/2024 1:30:30 AM,1.36
10066,5/12/2024 1:30:40 AM,1.36
10066,5/12/2024 1:30:50 AM,1.36
10066,5/12/2024 1:31:00 AM,1.37
10066,5/12/2024 1:31:10 AM,1.37
10066,5/12/2024 1:31:20 AM,1.37
10066,5/12/2024 1:31:30 AM,1.38
10066,5/12/2024 1:31:40 AM,1.38
10066,5/12/2024 1:31:50 AM,1.38
10066,5/12/2024 1:32:00 AM,1.38
10066,5/12/2024 1:32:10 AM,1.39
10066,5/12/2024 1:32:20 AM,1.39
10066,5/12/2024 1:32:30 AM,1.39
10066,5/12/2024 1:32:40 AM,1.39
10066,5/12/2024 1:32:50 AM,1.40
10066,5/12/2024 1:33:00 AM,1.40
10066,5/12/2024 1:33:10 AM,1.40
10066,5/12/2024 1:33:20 AM,1.41
10066,5/12/2024 1:33:30 AM,1.41
10066,5/12/2024 1:33:40 AM,1.41
10066,5/12/2024 1:33:50 AM,1.41
10066,5/12/2024 1:34:00 AM,1.42
10066,5/12/2024 1:34:10 AM,1.42
10066,5/12/2024 1:34:20 AM,1.42
10066,5/12/2024 1:34:30 AM,1.42
10066,5/12/2024 1:34:40 AM,1.43
10066,5/12/2024 1:34:50 AM,1.43
10066,5/12/2024 1:35:00 AM,1.43
10066,5/12/2024 1:35:10 AM,1.44
10066,5/12/2024 1:35:20 AM,1.44
10066,5/12/2024 1:35:30 AM,1.44
10066,5/12/2024 1:35:40 AM,1.44
10066,5/12/2024 1:35:50 AM,1.45
10066,5/12/2024 1:36:00 AM,1.45
10066,5/12/2024 1:36:10 AM,1.45
10066,5/12/2024 1:36:20 AM,1.45
10066,5/12/2024 1:36:30 AM,1.46
10066,5/12/2024 1:36:40 AM,1.46
10066,5/12/2024 1:36:50 AM,1.46
10066,5/12/2024 1:37:00 AM,1.47
10066,5/12/2024 1:37:10 AM,1.47
10066,5/12/2024 1:37:20 AM,1.47
10066,5/12/2024 1:37:30 AM,1.47
10066,5/12/2024 1:37:40 AM,1.48
10066,5/12/2024 1:37:50 AM,1.48
10066,5/12/2024 1:38:00 AM,1.48
10066,5/12/2024 1:38:10 AM,1.48
10066,5/12/2024 1:38:20 AM,1.49
10066,5/12/2024 1:38:30 AM,1.49
10066,5/12/2024 1:38:40 AM,1.49
10066,5/12/2024 1:38:50 AM,1.50
10066,5/12/2024 1:39:00 AM,1.50
10066,5/12/2024 1:39:10 AM,1.50
10066,5/12/2024 1:39:20 AM,1.50
10066,5/12/2024 1:39:30 AM,1.51
10066,5/12/2024 1:39:40 AM,1.51
10066,5/12/2024 1:39:50 AM,1.51
10066,5/12/2024 1:40:00 AM,1.51
10066,5/12/2024 1:40:10 AM,1.52
10066,5/12/2024 1:40:20 AM,1.52
10066,5/12/2024 1:40:30 AM,1.52
10066,5/12/2024 1:40:40 AM,1.53
10066,5/12/2024 1:40:50 AM,1.53
10066,5/12/2024 1:41:00 AM,1.53
10066,5/12/2024 1:41:10 AM,1.53
10066,5/12/2024 1:41:20 AM,1.54
10066,5/12/2024 1:41:30 AM,1.54
10066,5/12/2024 1:41:40 AM,1.54
10066,5/12/2024 1:41:50 AM,1.54
10066,5/12/2024 1:42:00 AM,1.55
10066,5/12/2024 1:42:10 AM,1.55
10066,5/12/2024 1:42:20 AM,1.55
10066,5/12/2024 1:42:30 AM,1.56
10066,5/12/2024 1:42:40 AM,1.56
10066,5/12/2024 1:42:50 AM,1.56
10066,5/12/2024 1:43:00 AM,1.56
10066,5/12/2024 1:43:10 AM,1.57
10066,5/12/2024 1:43:20 AM,1.57
10066,5/12/2024 1:43:30 AM,1.57
10066,5/12/2024 1:43:40 AM,1.57
10066,5/12/2024 1:43:50 AM,1.58
10066,5/12/2024 1:44:00 AM,1.58
10066,5/12/2024 1:44:10 AM,1.58
10066,5/12/2024 1:44:20 AM,1.59
10066,5/12/2024 1:44:30 AM,1.59
10066,5/12/2024 1:44:40 AM,1.59
10066,5/12/2024 1:44:50 AM,1.59
10066,5/12/2024 1:45:00 AM,1.60
10066,5/12/2024 1:45:10 AM,1.60
10066,5/12/2024 1:45:20 AM,1.61
10066,5/12/2024 1:45:30 AM,1.63
10066,5/12/2024 1:45:40 AM,1.65
10066,5/12/2024 1:45:50 AM,1.67
10066,5/12/2024 1:46:00 AM,1.69
10066,5/12/2024 1:46:10 AM,1.72
10066,5/12/2024 1:46:20 AM,1.74
10066,5/12/2024 1:46:30 AM,1.76
10066,5/12/2024 1:46:40 AM,1.78
10066,5/12/2024 1:46:50 AM,1.80
10066,5/12/2024 1:47:00 AM,1.82
10066,5/12/2024 1:47:10 AM,1.84
10066,5/12/2024 1:47:20 AM,1.86
10066,5/12/2024 1:47:30 AM,1.88
10066,5/12/2024 1:47:40 AM,1.90
10066,5/12/2024 1:47:50 AM,1.93
10066,5/12/2024 1:48:00 AM,1.95
10066,5/12/2024 1:48:10 AM,1.97
10066,5/12/2024 1:48:20 AM,1.99
10066,5/12/2024 1:48:30 AM,2.01
10066,5/12/2024 1:48:40 AM,2.03
10066,5/12/2024 1:48:50 AM,2.05
10066,5/12/2024 1:49:00 AM,2.07
10066,5/12/2024 1:49:10 AM,2.09
10066,5/12/2024 1:49:20 AM,1.76
10066,5/12/2024 1:49:30 AM,1.26
10066,5/12/2024 1:49:40 AM,0.76
10066,5/12/2024 1:49:50 AM,0.26
10066,5/12/2024 1:50:00 AM,0.31
10066,5/12/2024 1:50:10 AM,0.61
10066,5/12/2024 1:50:20 AM,0.91
10066,5/12/2024 1:50:30 AM,1.21
10066,5/12/2024 1:50:40 AM,1.26
10066,5/12/2024 1:50:50 AM,1.20
10066,5/12/2024 1:51:00 AM,1.14
10066,5/12/2024 1:51:10 AM,1.07
10066,5/12/2024 1:51:20 AM,1.01
10066,5/12/2024 1:51:30 AM,0.95
10066,5/12/2024 1:51:40 AM,0.89
10066,5/12/2024 1:51:50 AM,0.83
10066,5/12/2024 1:52:00 AM,0.77
10066,5/12/2024 1:52:10 AM,0.70
10066,5/12/2024 1:52:20 AM,0.64
10066,5/12/2024 1:52:30 AM,0.58
10066,5/12/2024 1:52:40 AM,0.52
10066,5/12/2024 1:52:50 AM,0.57
10066,5/12/2024 1:53:00 AM,0.67
10066,5/12/2024 1:53:10 AM,0.77
10066,5/12/2024 1:53:20 AM,0.87
10066,5/12/2024 1:53:30 AM,0.97
10066,5/12/2024 1:53:40 AM,1.07
10066,5/12/2024 1:53:50 AM,1.04
10066,5/12/2024 1:54:00 AM,0.94
10066,5/12/2024 1:54:10 AM,0.85
10066,5/12/2024 1:54:20 AM,0.76
10066,5/12/2024 1:54:30 AM,0.67
10066,5/12/2024 1:54:40 AM,0.57
10066,5/12/2024 1:54:50 AM,0.48
10066,5/12/2024 1:55:00 AM,0.39
10066,5/12/2024 1:55:10 AM,0.29
10066,5/12/2024 1:55:20 AM,0.20
10066,5/12/2024 1:55:30 AM,0.11
10066,5/12/2024 1:55:40 AM,0.02
10066,5/12/2024 1:55:50 AM,-0.08
10066,5/12/2024 1:56:00 AM,-0.17
10066,5/12/2024 1:56:10 AM,-0.18
10066,5/12/2024 1:56:20 AM,-0.15
10066,5/12/2024 1:56:30 AM,-0.11
10066,5/12/2024 1:56:40 AM,-0.08
10066,5/12/2024 1:56:50 AM,-0.05
10066,5/12/2024 1:57:00 AM,-0.02
10066,5/12/2024 1:57:10 AM,0.01
10066,5/12/2024 1:57:20 AM,0.05
10066,5/12/2024 1:57:30 AM,0.08
10066,5/12/2024 1:57:40 AM,0.11
10066,5/12/2024 1:57:50 AM,0.14
10066,5/12/2024 1:58:00 AM,0.17
10066,5/12/2024 1:58:10 AM,0.21
10066,5/12/2024 1:58:20 AM,0.24
10066,5/12/2024 1:58:30 AM,0.27
10066,5/12/2024 1:58:40 AM,0.30
10066,5/12/2024 1:58:50 AM,0.33
10066,5/12/2024 1:59:00 AM,0.37
10066,5/12/2024 1:59:10 AM,0.40
10066,5/12/2024 1:59:20 AM,0.43
10066,5/12/2024 1:59:30 AM,0.46
10066,5/12/2024 1:59:40 AM,0.49
10066,5/12/2024 1:59:50 AM,0.53
10066,5/12/2024 2:00:00 AM,0.56
10066,5/12/2024 2:00:10 AM,0.59
10066,5/12/2024 2:00:20 AM,0.60
10066,5/12/2024 2:00:30 AM,0.59
10066,5/12/2024 2:00:40 AM,0.58
10066,5/12/2024 2:00:50 AM,0.57
10066,5/12/2024 2:01:00 AM,0.56
10066,5/12/2024 2:01:10 AM,0.55
10066,5/12/2024 2:01:20 AM,0.55
10066,5/12/2024 2:01:30 AM,0.54
10066,5/12/2024 2:01:40 AM,0.53
10066,5/12/2024 2:01:50 AM,0.52
10066,5/12/2024 2:02:00 AM,0.51
10066,5/12/2024 2:02:10 AM,0.51
10066,5/12/2024 2:02:20 AM,0.50
10066,5/12/2024 2:02:30 AM,0.49
10066,5/12/2024 2:02:40 AM,0.48
10066,5/12/2024 2:02:50 AM,0.47
10066,5/12/2024 2:03:00 AM,0.47
10066,5/12/2024 2:03:10 AM,0.46
10066,5/12/2024 2:03:20 AM,0.45
10066,5/12/2024 2:03:30 AM,0.44
10066,5/12/2024 2:03:40 AM,0.43
10066,5/12/2024 2:03:50 AM,0.42
10066,5/12/2024 2:04:00 AM,0.42
10066,5/12/2024 2:04:10 AM,0.41
10066,5/12/2024 2:04:20 AM,0.40
10066,5/12/2024 2:04:30 AM,0.39
10066,5/12/2024 2:04:40 AM,0.38
10066,5/12/2024 2:04:50 AM,0.38
10066,5/12/2024 2:05:00 AM,0.37
10066,5/12/2024 2:05:10 AM,0.36
10066,5/12/2024 2:05:20 AM,0.35
10066,5/12/2024 2:05:30 AM,0.34
10066,5/12/2024 2:05:40 AM,0.34
10066,5/12/2024 2:05:50 AM,0.33
10066,5/12/2024 2:06:00 AM,0.32
10066,5/12/2024 2:06:10 AM,0.31
10066,5/12/2024 2:06:20 AM,0.30
10066,5/12/2024 2:06:30 AM,0.30
10066,5/12/2024 2:06:40 AM,0.29
10066,5/12/2024 2:06:50 AM,0.28
10066,5/12/2024 2:07:00 AM,0.27
10066,5/12/2024 2:07:10 AM,0.26
10066,5/12/2024 2:07:20 AM,0.25
10066,5/12/2024 2:07:30 AM,0.25
10066,5/12/2024 2:07:40 AM,0.24
10066,5/12/2024 2:07:50 AM,0.23
10066,5/12/2024 2:08:00 AM,0.22
10066,5/12/2024 2:08:10 AM,0.21
10066,5/12/2024 2:08:20 AM,0.21
10066,5/12/2024 2:08:30 AM,0.20
10066,5/12/2024 2:08:40 AM,0.19
10066,5/12/2024 2:08:50 AM,0.18
10066,5/12/2024 2:09:00 AM,0.17
10066,5/12/2024 2:09:10 AM,0.17
10066,5/12/2024 2:09:20 AM,0.16
10066,5/12/2024 2:09:30 AM,0.15
10066,5/12/2024 2:09:40 AM,0.14
10066,5/12/2024 2:09:50 AM,0.13
10066,5/12/2024 2:10:00 AM,0.12
10066,5/12/2024 2:10:10 AM,0.12
10066,5/12/2024 2:10:20 AM,0.11
10066,5/12/2024 2:10:30 AM,0.10
10066,5/12/2024 2:10:40 AM,0.09
10066,5/12/2024 2:10:50 AM,0.08
10066,5/12/2024 2:11:00 AM,0.08
10066,5/12/2024 2:11:10 AM,0.07
10066,5/12/2024 2:11:20 AM,0.06
10066,5/12/2024 2:11:30 AM,0.05
10066,5/12/2024 2:11:40 AM,0.04
10066,5/12/2024 2:11:50 AM,0.04
10066,5/12/2024 2:12:00 AM,0.03
10066,5/12/2024 2:12:10 AM,0.02
10066,5/12/2024 2:12:20 AM,0.01
10066,5/12/2024 2:12:30 AM,0.00
10066,5/12/2024 2:12:40 AM,0.22
10066,5/12/2024 2:12:50 AM,0.55
10066,5/12/2024 2:13:00 AM,0.87
10066,5/12/2024 2:13:10 AM,1.20
10066,5/12/2024 2:13:20 AM,1.04
10066,5/12/2024 2:13:30 AM,0.67
10066,5/12/2024 2:13:40 AM,0.29
10066,5/12/2024 2:13:50 AM,-0.08
10066,5/12/2024 2:14:00 AM,-0.16
10066,5/12/2024 2:14:10 AM,-0.10
10066,5/12/2024 2:14:20 AM,-0.05
10066,5/12/2024 2:14:30 AM,0.01
10066,5/12/2024 2:14:40 AM,0.07
10066,5/12/2024 2:14:50 AM,0.13
10066,5/12/2024 2:15:00 AM,0.18
10066,5/12/2024 2:15:10 AM,0.24
10066,5/12/2024 2:15:20 AM,0.30
10066,5/12/2024 2:15:30 AM,0.35
10066,5/12/2024 2:15:40 AM,0.41
10066,5/12/2024 2:15:50 AM,0.47
10066,5/12/2024 2:16:00 AM,0.53
10066,5/12/2024 2:16:10 AM,0.58
10066,5/12/2024 2:16:20 AM,0.64
10066,5/12/2024 2:16:30 AM,0.70
10066,5/12/2024 2:16:40 AM,0.75
10066,5/12/2024 2:16:50 AM,0.81
10066,5/12/2024 2:17:00 AM,0.87
10066,5/12/2024 2:17:10 AM,0.93
10066,5/12/2024 2:17:20 AM,0.98
10066,5/12/2024 2:17:30 AM,0.92
10066,5/12/2024 2:17:40 AM,0.82
10066,5/12/2024 2:17:50 AM,0.71
10066,5/12/2024 2:18:00 AM,0.60
10066,5/12/2024 2:18:10 AM,0.49
10066,5/12/2024 2:18:20 AM,0.38
10066,5/12/2024 2:18:30 AM,0.27
10066,5/12/2024 2:18:40 AM,0.16
10066,5/12/2024 2:18:50 AM,0.05
10066,5/12/2024 2:19:00 AM,-0.06
10066,5/12/2024 2:19:10 AM,-0.09
10066,5/12/2024 2:19:20 AM,-0.08
10066,5/12/2024 2:19:30 AM,-0.06
10066,5/12/2024 2:19:40 AM,-0.05
10066,5/12/2024 2:19:50 AM,-0.03
10066,5/12/2024 2:20:00 AM,-0.02
10066,5/12/2024 2:20:10 AM,0.00
10066,5/12/2024 2:20:20 AM,0.01
10066,5/12/2024 2:20:30 AM,0.03
10066,5/12/2024 2:20:40 AM,0.04
10066,5/12/2024 2:20:50 AM,0.05
10066,5/12/2024 2:21:00 AM,0.07
10066,5/12/2024 2:21:10 AM,0.08
10066,5/12/2024 2:21:20 AM,0.10
10066,5/12/2024 2:21:30 AM,0.11
10066,5/12/2024 2:21:40 AM,0.13
10066,5/12/2024 2:21:50 AM,0.14
10066,5/12/2024 2:22:00 AM,0.15
10066,5/12/2024 2:22:10 AM,0.17
10066,5/12/2024 2:22:20 AM,0.18
10066,5/12/2024 2:22:30 AM,0.20
10066,5/12/2024 2:22:40 AM,0.21
10066,5/12/2024 2:22:50 AM,0.23
10066,5/12/2024 2:23:00 AM,0.24
10066,5/12/2024 2:23:10 AM,0.26
10066,5/12/2024 2:23:20 AM,0.27
10066,5/12/2024 2:23:30 AM,0.28
10066,5/12/2024 2:23:40 AM,0.30
10066,5/12/2024 2:23:50 AM,0.31
10066,5/12/2024 2:24:00 AM,0.33
10066,5/12/2024 2:24:10 AM,0.34
10066,5/12/2024 2:24:20 AM,0.36
10066,5/12/2024 2:24:30 AM,0.37
10066,5/12/2024 2:24:40 AM,0.38
10066,5/12/2024 2:24:50 AM,0.40
10066,5/12/2024 2:25:00 AM,0.41
10066,5/12/2024 2:25:10 AM,0.43
10066,5/12/2024 2:25:20 AM,0.44
10066,5/12/2024 2:25:30 AM,0.46
10066,5/12/2024 2:25:40 AM,0.47
10066,5/12/2024 2:25:50 AM,0.49
10066,5/12/2024 2:26:00 AM,0.50
10066,5/12/2024 2:26:10 AM,0.51
10066,5/12/2024 2:26:20 AM,0.53
10066,5/12/2024 2:26:30 AM,0.54
10066,5/12/2024 2:26:40 AM,0.56
10066,5/12/2024 2:26:50 AM,0.57
10066,5/12/2024 2:27:00 AM,0.59
10066,5/12/2024 2:27:10 AM,0.60
10066,5/12/2024 2:27:20 AM,0.61
10066,5/12/2024 2:27:30 AM,0.63
10066,5/12/2024 2:27:40 AM,0.64
10066,5/12/2024 2:27:50 AM,0.66
10066,5/12/2024 2:28:00 AM,0.67
10066,5/12/2024 2:28:10 AM,0.69
10066,5/12/2024 2:28:20 AM,0.70
10066,5/12/2024 2:28:30 AM,0.72
10066,5/12/2024 2:28:40 AM,0.73
10066,5/12/2024 2:28:50 AM,0.74
10066,5/12/2024 2:29:00 AM,0.76
10066,5/12/2024 2:29:10 AM,0.77
10066,5/12/2024 2:29:20 AM,0.79
10066,5/12/2024 2:29:30 AM,0.80
10066,5/12/2024 2:29:40 AM,0.82
10066,5/12/2024 2:29:50 AM,0.83
10066,5/12/2024 2:30:00 AM,0.84
10066,5/12/2024 2:30:10 AM,0.86
10066,5/12/2024 2:30:20 AM,0.87
10066,5/12/2024 2:30:30 AM,0.89
10066,5/12/2024 2:30:40 AM,0.90
10066,5/12/2024 2:30:50 AM,0.92
10066,5/12/2024 2:31:00 AM,0.93
10066,5/12/2024 2:31:10 AM,0.95
10066,5/12/2024 2:31:20 AM,0.96
10066,5/12/2024 2:31:30 AM,0.97
10066,5/12/2024 2:31:40 AM,0.99
10066,5/12/2024 2:31:50 AM,1.00
10066,5/12/2024 2:32:00 AM,1.02
10066,5/12/2024 2:32:10 AM,1.03
10066,5/12/2024 2:32:20 AM,1.05
10066,5/12/2024 2:32:30 AM,1.06
10066,5/12/2024 2:32:40 AM,1.07
10066,5/12/2024 2:32:50 AM,1.09
10066,5/12/2024 2:33:00 AM,1.10
10066,5/12/2024 2:33:10 AM,1.12
10066,5/12/2024 2:33:20 AM,1.13
10066,5/12/2024 2:33:30 AM,1.15
10066,5/12/2024 2:33:40 AM,1.16
10066,5/12/2024 2:33:50 AM,1.18
10066,5/12/2024 2:34:00 AM,1.19
10066,5/12/2024 2:34:10 AM,1.20
10066,5/12/2024 2:34:20 AM,1.22
10066,5/12/2024 2:34:30 AM,1.23
10066,5/12/2024 2:34:40 AM,1.25
10066,5/12/2024 2:34:50 AM,1.26
10066,5/12/2024 2:35:00 AM,1.28
10066,5/12/2024 2:35:10 AM,1.29
10066,5/12/2024 2:35:20 AM,1.31
10066,5/12/2024 2:35:30 AM,1.32
10066,5/12/2024 2:35:40 AM,1.33
10066,5/12/2024 2:35:50 AM,1.35
10066,5/12/2024 2:36:00 AM,1.36
10066,5/12/2024 2:36:10 AM,1.38
10066,5/12/2024 2:36:20 AM,1.39
10066,5/12/2024 2:36:30 AM,1.41
10066,5/12/2024 2:36:40 AM,1.42
10066,5/12/2024 2:36:50 AM,1.43
10066,5/12/2024 2:37:00 AM,1.45
10066,5/12/2024 2:37:10 AM,1.46
10066,5/12/2024 2:37:20 AM,1.48
10066,5/12/2024 2:37:30 AM,1.49
10066,5/12/2024 2:37:40 AM,1.51
10066,5/12/2024 2:37:50 AM,1.52
10066,5/12/2024 2:38:00 AM,1.54
10066,5/12/2024 2:38:10 AM,1.55
10066,5/12/2024 2:38:20 AM,1.56
10066,5/12/2024 2:38:30 AM,1.58
10066,5/12/2024 2:38:40 AM,1.59
10066,5/12/2024 2:38:50 AM,1.61
10066,5/12/2024 2:39:00 AM,1.62
10066,5/12/2024 2:39:10 AM,1.64
10066,5/12/2024 2:39:20 AM,1.65
10066,5/12/2024 2:39:30 AM,1.66
10066,5/12/2024 2:39:40 AM,1.68
10066,5/12/2024 2:39:50 AM,1.69
10066,5/12/2024 2:40:00 AM,1.71
10066,5/12/2024 2:40:10 AM,1.72
10066,5/12/2024 2:40:20 AM,1.74
10066,5/12/2024 2:40:30 AM,1.75
10066,5/12/2024 2:40:40 AM,1.77
10066,5/12/2024 2:40:50 AM,1.78
10066,5/12/2024 2:41:00 AM,1.79
10066,5/12/2024 2:41:10 AM,1.81
10066,5/12/2024 2:41:20 AM,1.82
10066,5/12/2024 2:41:30 AM,1.84
10066,5/12/2024 2:41:40 AM,1.85
10066,5/12/2024 2:41:50 AM,1.87
10066,5/12/2024 2:42:00 AM,1.88
10066,5/12/2024 2:42:10 AM,1.89
10066,5/12/2024 2:42:20 AM,1.91
10066,5/12/2024 2:42:30 AM,1.92
10066,5/12/2024 2:42:40 AM,1.94
10066,5/12/2024 2:42:50 AM,1.95
10066,5/12/2024 2:43:00 AM,1.97
10066,5/12/2024 2:43:10 AM,1.98
10066,5/12/2024 2:43:20 AM,2.00
10066,5/12/2024 2:43:30 AM,2.01
10066,5/12/2024 2:43:40 AM,2.02
10066,5/12/2024 2:43:50 AM,2.04
10066,5/12/2024 2:44:00 AM,2.05
10066,5/12/2024 2:44:10 AM,2.07
10066,5/12/2024 2:44:20 AM,2.08
10066,5/12/2024 2:44:30 AM,2.10
10066,5/12/2024 2:44:40 AM,1.82
10066,5/12/2024 2:44:50 AM,1.41
10066,5/12/2024 2:45:00 AM,1.00
10066,5/12/2024 2:45:10 AM,0.59
10066,5/12/2024 2:45:20 AM,0.31
10066,5/12/2024 2:45:30 AM,0.34
10066,5/12/2024 2:45:40 AM,0.36
10066,5/12/2024 2:45:50 AM,0.39
10066,5/12/2024 2:46:00 AM,0.42
10066,5/12/2024 2:46:10 AM,0.45
10066,5/12/2024 2:46:20 AM,0.47
10066,5/12/2024 2:46:30 AM,0.50
10066,5/12/2024 2:46:40 AM,0.53
10066,5/12/2024 2:46:50 AM,0.56
10066,5/12/2024 2:47:00 AM,0.58
10066,5/12/2024 2:47:10 AM,0.61
10066,5/12/2024 2:47:20 AM,0.64
10066,5/12/2024 2:47:30 AM,0.66
10066,5/12/2024 2:47:40 AM,0.69
10066,5/12/2024 2:47:50 AM,0.72
10066,5/12/2024 2:48:00 AM,0.75
10066,5/12/2024 2:48:10 AM,0.77
10066,5/12/2024 2:48:20 AM,0.80
10066,5/12/2024 2:48:30 AM,0.83
10066,5/12/2024 2:48:40 AM,0.86
10066,5/12/2024 2:48:50 AM,0.88
10066,5/12/2024 2:49:00 AM,0.91
10066,5/12/2024 2:49:10 AM,0.94
10066,5/12/2024 2:49:20 AM,0.97
10066,5/12/2024 2:49:30 AM,0.99
10066,5/12/2024 2:49:40 AM,1.02
10066,5/12/2024 2:49:50 AM,1.05
10066,5/12/2024 2:50:00 AM,1.08
10066,5/12/2024 2:50:10 AM,1.10
10066,5/12/2024 2:50:20 AM,1.13
10066,5/12/2024 2:50:30 AM,1.16
10066,5/12/2024 2:50:40 AM,1.19
10066,5/12/2024 2:50:50 AM,1.21
10066,5/12/2024 2:51:00 AM,1.24
10066,5/12/2024 2:51:10 AM,1.27
10066,5/12/2024 2:51:20 AM,1.30
10066,5/12/2024 2:51:30 AM,1.32
10066,5/12/2024 2:51:40 AM,1.35
10066,5/12/2024 2:51:50 AM,1.38
10066,5/12/2024 2:52:00 AM,1.40
10066,5/12/2024 2:52:10 AM,1.43
10066,5/12/2024 2:52:20 AM,1.46
10066,5/12/2024 2:52:30 AM,1.49
10066,5/12/2024 2:52:40 AM,1.51
10066,5/12/2024 2:52:50 AM,1.54
10066,5/12/2024 2:53:00 AM,1.57
10066,5/12/2024 2:53:10 AM,1.60
10066,5/12/2024 2:53:20 AM,1.62
10066,5/12/2024 2:53:30 AM,1.65
10066,5/12/2024 2:53:40 AM,1.68
10066,5/12/2024 2:53:50 AM,1.71
10066,5/12/2024 2:54:00 AM,1.73
10066,5/12/2024 2:54:10 AM,1.76
10066,5/12/2024 2:54:20 AM,1.79
10066,5/12/2024 2:54:30 AM,1.82
10066,5/12/2024 2:54:40 AM,1.84
10066,5/12/2024 2:54:50 AM,1.87
10066,5/12/2024 2:55:00 AM,1.90
10066,5/12/2024 2:55:10 AM,1.93
10066,5/12/2024 2:55:20 AM,1.95
10066,5/12/2024 2:55:30 AM,1.98
10066,5/12/2024 2:55:40 AM,2.01
10066,5/12/2024 2:55:50 AM,2.04
10066,5/12/2024 2:56:00 AM,2.06
10066,5/12/2024 2:56:10 AM,2.09
10066,5/12/2024 2:56:20 AM,2.12
10066,5/12/2024 2:56:30 AM,2.15
10066,5/12/2024 2:56:40 AM,2.17
10066,5/12/2024 2:56:50 AM,2.20
10066,5/12/2024 2:57:00 AM,2.23
10066,5/12/2024 2:57:10 AM,2.25
10066,5/12/2024 2:57:20 AM,2.28
10066,5/12/2024 2:57:30 AM,2.31
10066,5/12/2024 2:57:40 AM,2.34
10066,5/12/2024 2:57:50 AM,2.36
10066,5/12/2024 2:58:00 AM,2.39
10066,5/12/2024 2:58:10 AM,2.36
10066,5/12/2024 2:58:20 AM,2.31
10066,5/12/2024 2:58:30 AM,2.25
10066,5/12/2024 2:58:40 AM,2.19
10066,5/12/2024 2:58:50 AM,2.14
10066,5/12/2024 2:59:00 AM,2.08
10066,5/12/2024 2:59:10 AM,2.03
10066,5/12/2024 2:59:20 AM,1.97
10066,5/12/2024 2:59:30 AM,1.91
10066,5/12/2024 2:59:40 AM,1.86
10066,5/12/2024 2:59:50 AM,1.80
10066,5/12/2024 3:00:00 AM,1.75
10066,5/12/2024 3:00:10 AM,1.69
10066,5/12/2024 3:00:20 AM,1.63
10066,5/12/2024 3:00:30 AM,1.58
10066,5/12/2024 3:00:40 AM,1.52
10066,5/12/2024 3:00:50 AM,1.47
10066,5/12/2024 3:01:00 AM,1.41
10066,5/12/2024 3:01:10 AM,1.35
10066,5/12/2024 3:01:20 AM,1.30
10066,5/12/2024 3:01:30 AM,1.24
10066,5/12/2024 3:01:40 AM,1.19
10066,5/12/2024 3:01:50 AM,1.13
10066,5/12/2024 3:02:00 AM,1.07
10066,5/12/2024 3:02:10 AM,1.02
10066,5/12/2024 3:02:20 AM,0.96
10066,5/12/2024 3:02:30 AM,0.91
10066,5/12/2024 3:02:40 AM,0.85
10066,5/12/2024 3:02:50 AM,0.79
10066,5/12/2024 3:03:00 AM,0.74
10066,5/12/2024 3:03:10 AM,0.68
10066,5/12/2024 3:03:20 AM,0.63
10066,5/12/2024 3:03:30 AM,0.57
10066,5/12/2024 3:03:40 AM,0.51
10066,5/12/2024 3:03:50 AM,0.46
10066,5/12/2024 3:04:00 AM,0.40
10066,5/12/2024 3:04:10 AM,0.35
10066,5/12/2024 3:04:20 AM,0.29
10066,5/12/2024 3:04:30 AM,0.23
10066,5/12/2024 3:04:40 AM,0.18
10066,5/12/2024 3:04:50 AM,0.12
10066,5/12/2024 3:05:00 AM,0.07
10066,5/12/2024 3:05:10 AM,0.01
10066,5/12/2024 3:05:20 AM,-0.05
10066,5/12/2024 3:05:30 AM,-0.10
10066,5/12/2024 3:05:40 AM,-0.16
10066,5/12/2024 3:05:50 AM,-0.21
10066,5/12/2024 3:06:00 AM,-0.27
10066,5/12/2024 3:06:10 AM,-0.33
10066,5/12/2024 3:06:20 AM,-0.38
10066,5/12/2024 3:06:30 AM,-0.10
10066,5/12/2024 3:06:40 AM,0.33
10066,5/12/2024 3:06:50 AM,0.76
10066,5/12/2024 3:07:00 AM,0.91
10066,5/12/2024 3:07:10 AM,0.93
10066,5/12/2024 3:07:20 AM,0.94
10066,5/12/2024 3:07:30 AM,0.96
10066,5/12/2024 3:07:40 AM,0.97
10066,5/12/2024 3:07:50 AM,0.99
10066,5/12/2024 3:08:00 AM,1.01
10066,5/12/2024 3:08:10 AM,1.02
10066,5/12/2024 3:08:20 AM,1.04
10066,5/12/2024 3:08:30 AM,1.05
10066,5/12/2024 3:08:40 AM,1.07
10066,5/12/2024 3:08:50 AM,1.08
10066,5/12/2024 3:09:00 AM,1.10
10066,5/12/2024 3:09:10 AM,1.12
10066,5/12/2024 3:09:20 AM,1.13
10066,5/12/2024 3:09:30 AM,1.15
10066,5/12/2024 3:09:40 AM,1.16
10066,5/12/2024 3:09:50 AM,1.18
10066,5/12/2024 3:10:00 AM,1.20
10066,5/12/2024 3:10:10 AM,1.21
10066,5/12/2024 3:10:20 AM,1.23
10066,5/12/2024 3:10:30 AM,1.24
10066,5/12/2024 3:10:40 AM,1.26
10066,5/12/2024 3:10:50 AM,1.27
10066,5/12/2024 3:11:00 AM,1.29
10066,5/12/2024 3:11:10 AM,1.31
10066,5/12/2024 3:11:20 AM,1.32
10066,5/12/2024 3:11:30 AM,1.34
10066,5/12/2024 3:11:40 AM,1.35
10066,5/12/2024 3:11:50 AM,1.37
10066,5/12/2024 3:12:00 AM,1.38
10066,5/12/2024 3:12:10 AM,1.40
10066,5/12/2024 3:12:20 AM,1.42
10066,5/12/2024 3:12:30 AM,1.43
10066,5/12/2024 3:12:40 AM,1.45
10066,5/12/2024 3:12:50 AM,1.46
10066,5/12/2024 3:13:00 AM,1.48
10066,5/12/2024 3:13:10 AM,1.50
10066,5/12/2024 3:13:20 AM,1.30
10066,5/12/2024 3:13:30 AM,1.00
10066,5/12/2024 3:13:40 AM,0.90
10066,5/12/2024 3:13:50 AM,0.90
10066,5/12/2024 3:14:00 AM,0.89
10066,5/12/2024 3:14:10 AM,0.89
10066,5/12/2024 3:14:20 AM,0.89
10066,5/12/2024 3:14:30 AM,0.88
10066,5/12/2024 3:14:40 AM,0.88
10066,5/12/2024 3:14:50 AM,0.88
10066,5/12/2024 3:15:00 AM,0.87
10066,5/12/2024 3:15:10 AM,0.87
10066,5/12/2024 3:15:20 AM,0.87
10066,5/12/2024 3:15:30 AM,0.87
10066,5/12/2024 3:15:40 AM,0.86
10066,5/12/2024 3:15:50 AM,0.86
10066,5/12/2024 3:16:00 AM,0.86
10066,5/12/2024 3:16:10 AM,0.85
10066,5/12/2024 3:16:20 AM,0.85
10066,5/12/2024 3:16:30 AM,0.85
10066,5/12/2024 3:16:40 AM,0.84
10066,5/12/2024 3:16:50 AM,0.84
10066,5/12/2024 3:17:00 AM,0.84
10066,5/12/2024 3:17:10 AM,0.84
10066,5/12/2024 3:17:20 AM,0.83
10066,5/12/2024 3:17:30 AM,0.83
10066,5/12/2024 3:17:40 AM,0.83
10066,5/12/2024 3:17:50 AM,0.82
10066,5/12/2024 3:18:00 AM,0.82
10066,5/12/2024 3:18:10 AM,0.82
10066,5/12/2024 3:18:20 AM,0.81
10066,5/12/2024 3:18:30 AM,0.81
10066,5/12/2024 3:18:40 AM,0.81
10066,5/12/2024 3:18:50 AM,0.81
10066,5/12/2024 3:19:00 AM,0.80
10066,5/12/2024 3:19:10 AM,0.80
10066,5/12/2024 3:19:20 AM,0.80
10066,5/12/2024 3:19:30 AM,0.79
10066,5/12/2024 3:19:40 AM,0.79
10066,5/12/2024 3:19:50 AM,0.79
10066,5/12/2024 3:20:00 AM,0.78
10066,5/12/2024 3:20:10 AM,0.78
10066,5/12/2024 3:20:20 AM,0.78
10066,5/12/2024 3:20:30 AM,0.78
10066,5/12/2024 3:20:40 AM,0.77
10066,5/12/2024 3:20:50 AM,0.77
10066,5/12/2024 3:21:00 AM,0.77
10066,5/12/2024 3:21:10 AM,0.76
10066,5/12/2024 3:21:20 AM,0.76
10066,5/12/2024 3:21:30 AM,0.76
10066,5/12/2024 3:21:40 AM,0.75
10066,5/12/2024 3:21:50 AM,0.75
10066,5/12/2024 3:22:00 AM,0.75
10066,5/12/2024 3:22:10 AM,0.75
10066,5/12/2024 3:22:20 AM,0.74
10066,5/12/2024 3:22:30 AM,0.74
10066,5/12/2024 3:22:40 AM,0.74
10066,5/12/2024 3:22:50 AM,0.73
10066,5/12/2024 3:23:00 AM,0.73
10066,5/12/2024 3:23:10 AM,0.73
10066,5/12/2024 3:23:20 AM,0.72
10066,5/12/2024 3:23:30 AM,0.72
10066,5/12/2024 3:23:40 AM,0.72
10066,5/12/2024 3:23:50 AM,0.72
10066,5/12/2024 3:24:00 AM,0.71
10066,5/12/2024 3:24:10 AM,0.71
10066,5/12/2024 3:24:20 AM,0.71
10066,5/12/2024 3:24:30 AM,0.70
10066,5/12/2024 3:24:40 AM,0.70
10066,5/12/2024 3:24:50 AM,0.70
10066,5/12/2024 3:25:00 AM,0.69
10066,5/12/2024 3:25:10 AM,0.69
10066,5/12/2024 3:25:20 AM,0.69
10066,5/12/2024 3:25:30 AM,0.69
10066,5/12/2024 3:25:40 AM,0.68
10066,5/12/2024 3:25:50 AM,0.68
10066,5/12/2024 3:26:00 AM,0.68
10066,5/12/2024 3:26:10 AM,0.67
10066,5/12/2024 3:26:20 AM,0.67
10066,5/12/2024 3:26:30 AM,0.67
10066,5/12/2024 3:26:40 AM,0.66
10066,5/12/2024 3:26:50 AM,0.66
10066,5/12/2024 3:27:00 AM,0.66
10066,5/12/2024 3:27:10 AM,0.66
10066,5/12/2024 3:27:20 AM,0.65
10066,5/12/2024 3:27:30 AM,0.65
10066,5/12/2024 3:27:40 AM,0.65
10066,5/12/2024 3:27:50 AM,0.64
10066,5/12/2024 3:28:00 AM,0.64
10066,5/12/2024 3:28:10 AM,0.64
10066,5/12/2024 3:28:20 AM,0.63
10066,5/12/2024 3:28:30 AM,0.63
10066,5/12/2024 3:28:40 AM,0.63
10066,5/12/2024 3:28:50 AM,0.63
10066,5/12/2024 3:29:00 AM,0.62
10066,5/12/2024 3:29:10 AM,0.62
10066,5/12/2024 3:29:20 AM,0.62
10066,5/12/2024 3:29:30 AM,0.61
10066,5/12/2024 3:29:40 AM,0.61
10066,5/12/2024 3:29:50 AM,0.61
10066,5/12/2024 3:30:00 AM,0.60
10066,5/12/2024 3:30:10 AM,0.60
10066,5/12/2024 3:30:20 AM,0.64
10066,5/12/2024 3:30:30 AM,0.70
10066,5/12/2024 3:30:40 AM,0.76
10066,5/12/2024 3:30:50 AM,0.82
10066,5/12/2024 3:31:00 AM,0.88
10066,5/12/2024 3:31:10 AM,0.93
10066,5/12/2024 3:31:20 AM,0.99
10066,5/12/2024 3:31:30 AM,1.05
10066,5/12/2024 3:31:40 AM,1.11
10066,5/12/2024 3:31:50 AM,1.17
10066,5/12/2024 3:32:00 AM,1.23
10066,5/12/2024 3:32:10 AM,1.29
10066,5/12/2024 3:32:20 AM,1.35
10066,5/12/2024 3:32:30 AM,1.41
10066,5/12/2024 3:32:40 AM,1.46
10066,5/12/2024 3:32:50 AM,1.52
10066,5/12/2024 3:33:00 AM,1.58
10066,5/12/2024 3:33:10 AM,1.48
10066,5/12/2024 3:33:20 AM,1.30
10066,5/12/2024 3:33:30 AM,1.12
10066,5/12/2024 3:33:40 AM,0.94
10066,5/12/2024 3:33:50 AM,0.76
10066,5/12/2024 3:34:00 AM,0.73
10066,5/12/2024 3:34:10 AM,0.77
10066,5/12/2024 3:34:20 AM,0.82
10066,5/12/2024 3:34:30 AM,0.86
10066,5/12/2024 3:34:40 AM,0.90
10066,5/12/2024 3:34:50 AM,0.95
10066,5/12/2024 3:35:00 AM,0.99
10066,5/12/2024 3:35:10 AM,1.03
10066,5/12/2024 3:35:20 AM,1.08
10066,5/12/2024 3:35:30 AM,1.12
10066,5/12/2024 3:35:40 AM,1.16
10066,5/12/2024 3:35:50 AM,1.21
10066,5/12/2024 3:36:00 AM,1.25
10066,5/12/2024 3:36:10 AM,1.29
10066,5/12/2024 3:36:20 AM,1.34
10066,5/12/2024 3:36:30 AM,1.38
10066,5/12/2024 3:36:40 AM,1.42
10066,5/12/2024 3:36:50 AM,1.47
10066,5/12/2024 3:37:00 AM,1.51
10066,5/12/2024 3:37:10 AM,1.55
10066,5/12/2024 3:37:20 AM,1.60
10066,5/12/2024 3:37:30 AM,1.64
10066,5/12/2024 3:37:40 AM,1.68
10066,5/12/2024 3:37:50 AM,1.73
10066,5/12/2024 3:38:00 AM,1.77
10066,5/12/2024 3:38:10 AM,1.81
10066,5/12/2024 3:38:20 AM,1.86
10066,5/12/2024 3:38:30 AM,1.90
10066,5/12/2024 3:38:40 AM,1.94
10066,5/12/2024 3:38:50 AM,1.99
10066,5/12/2024 3:39:00 AM,1.69
10066,5/12/2024 3:39:10 AM,1.24
10066,5/12/2024 3:39:20 AM,1.12
10066,5/12/2024 3:39:30 AM,1.14
10066,5/12/2024 3:39:40 AM,1.17
10066,5/12/2024 3:39:50 AM,1.19
10066,5/12/2024 3:40:00 AM,1.22
10066,5/12/2024 3:40:10 AM,1.24
10066,5/12/2024 3:40:20 AM,1.27
10066,5/12/2024 3:40:30 AM,1.29
10066,5/12/2024 3:40:40 AM,1.32
10066,5/12/2024 3:40:50 AM,1.34
10066,5/12/2024 3:41:00 AM,1.36
10066,5/12/2024 3:41:10 AM,1.39
10066,5/12/2024 3:41:20 AM,1.41
10066,5/12/2024 3:41:30 AM,1.44
10066,5/12/2024 3:41:40 AM,1.46
10066,5/12/2024 3:41:50 AM,1.49
10066,5/12/2024 3:42:00 AM,1.51
10066,5/12/2024 3:42:10 AM,1.54
10066,5/12/2024 3:42:20 AM,1.56
10066,5/12/2024 3:42:30 AM,1.59
10066,5/12/2024 3:42:40 AM,1.61
10066,5/12/2024 3:42:50 AM,1.64
10066,5/12/2024 3:43:00 AM,1.66
10066,5/12/2024 3:43:10 AM,1.69
10066,5/12/2024 3:43:20 AM,1.71
10066,5/12/2024 3:43:30 AM,1.74
10066,5/12/2024 3:43:40 AM,1.76
10066,5/12/2024 3:43:50 AM,1.78
10066,5/12/2024 3:44:00 AM,1.81
10066,5/12/2024 3:44:10 AM,1.83
10066,5/12/2024 3:44:20 AM,1.86
10066,5/12/2024 3:44:30 AM,1.88
10066,5/12/2024 3:44:40 AM,1.91
10066,5/12/2024 3:44:50 AM,1.93
10066,5/12/2024 3:45:00 AM,1.96
10066,5/12/2024 3:45:10 AM,1.98
10066,5/12/2024 3:45:20 AM,1.91
10066,5/12/2024 3:45:30 AM,1.61
10066,5/12/2024 3:45:40 AM,1.30
10066,5/12/2024 3:45:50 AM,1.00
10066,5/12/2024 3:46:00 AM,1.00
10066,5/12/2024 3:46:10 AM,1.15
10066,5/12/2024 3:46:20 AM,1.30
10066,5/12/2024 3:46:30 AM,1.45
10066,5/12/2024 3:46:40 AM,1.60
10066,5/12/2024 3:46:50 AM,1.75
10066,5/12/2024 3:47:00 AM,1.90
10066,5/12/2024 3:47:10 AM,2.05
10066,5/12/2024 3:47:20 AM,1.87
10066,5/12/2024 3:47:30 AM,1.54
10066,5/12/2024 3:47:40 AM,1.20
10066,5/12/2024 3:47:50 AM,1.07
10066,5/12/2024 3:48:00 AM,1.03
10066,5/12/2024 3:48:10 AM,0.99
10066,5/12/2024 3:48:20 AM,0.95
10066,5/12/2024 3:48:30 AM,0.91
10066,5/12/2024 3:48:40 AM,0.87
10066,5/12/2024 3:48:50 AM,0.83
10066,5/12/2024 3:49:00 AM,0.79
10066,5/12/2024 3:49:10 AM,0.75
10066,5/12/2024 3:49:20 AM,0.71
10066,5/12/2024 3:49:30 AM,0.67
10066,5/12/2024 3:49:40 AM,0.63
10066,5/12/2024 3:49:50 AM,0.59
10066,5/12/2024 3:50:00 AM,0.55
10066,5/12/2024 3:50:10 AM,0.51
10066,5/12/2024 3:50:20 AM,0.73
10066,5/12/2024 3:50:30 AM,1.06
10066,5/12/2024 3:50:40 AM,1.09
10066,5/12/2024 3:50:50 AM,1.08
10066,5/12/2024 3:51:00 AM,1.08
10066,5/12/2024 3:51:10 AM,1.07
10066,5/12/2024 3:51:20 AM,1.06
10066,5/12/2024 3:51:30 AM,1.05
10066,5/12/2024 3:51:40 AM,1.04
10066,5/12/2024 3:51:50 AM,1.03
10066,5/12/2024 3:52:00 AM,1.02
10066,5/12/2024 3:52:10 AM,1.02
10066,5/12/2024 3:52:20 AM,1.01
10066,5/12/2024 3:52:30 AM,1.00
10066,5/12/2024 3:52:40 AM,0.99
10066,5/12/2024 3:52:50 AM,0.98
10066,5/12/2024 3:53:00 AM,0.97
10066,5/12/2024 3:53:10 AM,0.96
10066,5/12/2024 3:53:20 AM,0.96
10066,5/12/2024 3:53:30 AM,0.95
10066,5/12/2024 3:53:40 AM,0.94
10066,5/12/2024 3:53:50 AM,0.93
10066,5/12/2024 3:54:00 AM,0.92
10066,5/12/2024 3:54:10 AM,0.91
10066,5/12/2024 3:54:20 AM,0.90
10066,5/12/2024 3:54:30 AM,0.90
10066,5/12/2024 3:54:40 AM,0.89
10066,5/12/2024 3:54:50 AM,0.88
10066,5/12/2024 3:55:00 AM,0.87
10066,5/12/2024 3:55:10 AM,0.86
10066,5/12/2024 3:55:20 AM,0.85
10066,5/12/2024 3:55:30 AM,0.84
10066,5/12/2024 3:55:40 AM,0.84
10066,5/12/2024 3:55:50 AM,0.83
10066,5/12/2024 3:56:00 AM,0.82
10066,5/12/2024 3:56:10 AM,0.81
10066,5/12/2024 3:56:20 AM,0.80
10066,5/12/2024 3:56:30 AM,0.79
10066,5/12/2024 3:56:40 AM,0.78
10066,5/12/2024 3:56:50 AM,0.78
10066,5/12/2024 3:57:00 AM,0.77
10066,5/12/2024 3:57:10 AM,0.76
10066,5/12/2024 3:57:20 AM,0.75
10066,5/12/2024 3:57:30 AM,0.74
10066,5/12/2024 3:57:40 AM,0.73
10066,5/12/2024 3:57:50 AM,0.72
10066,5/12/2024 3:58:00 AM,0.72
10066,5/12/2024 3:58:10 AM,0.71
10066,5/12/2024 3:58:20 AM,0.70
10066,5/12/2024 3:58:30 AM,0.69
10066,5/12/2024 3:58:40 AM,0.68
10066,5/12/2024 3:58:50 AM,0.67
10066,5/12/2024 3:59:00 AM,0.66
10066,5/12/2024 3:59:10 AM,0.66
10066,5/12/2024 3:59:20 AM,0.65
10066,5/12/2024 3:59:30 AM,0.64
10066,5/12/2024 3:59:40 AM,0.63
10066,5/12/2024 3:59:50 AM,0.62
10066,5/12/2024 4:00:00 AM,0.61
10066,5/12/2024 4:00:10 AM,0.60
10066,5/12/2024 4:00:20 AM,0.62
10066,5/12/2024 4:00:30 AM,0.65
10066,5/12/2024 4:00:40 AM,0.68
10066,5/12/2024 4:00:50 AM,0.72
10066,5/12/2024 4:01:00 AM,0.75
10066,5/12/2024 4:01:10 AM,0.78
10066,5/12/2024 4:01:20 AM,0.82
10066,5/12/2024 4:01:30 AM,0.85
10066,5/12/2024 4:01:40 AM,0.89
10066,5/12/2024 4:01:50 AM,0.92
10066,5/12/2024 4:02:00 AM,0.95
10066,5/12/2024 4:02:10 AM,0.99
10066,5/12/2024 4:02:20 AM,1.02
10066,5/12/2024 4:02:30 AM,1.05
10066,5/12/2024 4:02:40 AM,1.09
10066,5/12/2024 4:02:50 AM,1.12
10066,5/12/2024 4:03:00 AM,1.15
10066,5/12/2024 4:03:10 AM,1.19
10066,5/12/2024 4:03:20 AM,1.22
10066,5/12/2024 4:03:30 AM,1.26
10066,5/12/2024 4:03:40 AM,1.29
10066,5/12/2024 4:03:50 AM,1.32
10066,5/12/2024 4:04:00 AM,1.36
10066,5/12/2024 4:04:10 AM,1.39
10066,5/12/2024 4:04:20 AM,1.42
10066,5/12/2024 4:04:30 AM,1.46
10066,5/12/2024 4:04:40 AM,1.49
10066,5/12/2024 4:04:50 AM,1.52
10066,5/12/2024 4:05:00 AM,1.56
10066,5/12/2024 4:05:10 AM,1.59
10066,5/12/2024 4:05:20 AM,1.63
10066,5/12/2024 4:05:30 AM,1.66
10066,5/12/2024 4:05:40 AM,1.69
10066,5/12/2024 4:05:50 AM,1.73
10066,5/12/2024 4:06:00 AM,1.76
10066,5/12/2024 4:06:10 AM,1.79
10066,5/12/2024 4:06:20 AM,1.83
10066,5/12/2024 4:06:30 AM,1.86
10066,5/12/2024 4:06:40 AM,1.89
10066,5/12/2024 4:06:50 AM,1.93
10066,5/12/2024 4:07:00 AM,1.96
10066,5/12/2024 4:07:10 AM,1.99
10066,5/12/2024 4:07:20 AM,2.03
10066,5/12/2024 4:07:30 AM,2.06
10066,5/12/2024 4:07:40 AM,2.10
10066,5/12/2024 4:07:50 AM,2.13
10066,5/12/2024 4:08:00 AM,2.16
10066,5/12/2024 4:08:10 AM,2.20
10066,5/12/2024 4:08:20 AM,1.71
10066,5/12/2024 4:08:30 AM,1.16
10066,5/12/2024 4:08:40 AM,1.09
10066,5/12/2024 4:08:50 AM,1.08
10066,5/12/2024 4:09:00 AM,1.06
10066,5/12/2024 4:09:10 AM,1.05
10066,5/12/2024 4:09:20 AM,1.04
10066,5/12/2024 4:09:30 AM,1.03
10066,5/12/2024 4:09:40 AM,1.02
10066,5/12/2024 4:09:50 AM,1.00
10066,5/12/2024 4:10:00 AM,0.99
10066,5/12/2024 4:10:10 AM,0.98
10066,5/12/2024 4:10:20 AM,0.97
10066,5/12/2024 4:10:30 AM,0.95
10066,5/12/2024 4:10:40 AM,0.94
10066,5/12/2024 4:10:50 AM,0.93
10066,5/12/2024 4:11:00 AM,0.92
10066,5/12/2024 4:11:10 AM,0.90
10066,5/12/2024 4:11:20 AM,0.89
10066,5/12/2024 4:11:30 AM,0.88
10066,5/12/2024 4:11:40 AM,0.87
10066,5/12/2024 4:11:50 AM,0.85
10066,5/12/2024 4:12:00 AM,0.84
10066,5/12/2024 4:12:10 AM,0.83
10066,5/12/2024 4:12:20 AM,0.82
10066,5/12/2024 4:12:30 AM,0.80
10066,5/12/2024 4:12:40 AM,0.79
10066,5/12/2024 4:12:50 AM,0.78
10066,5/12/2024 4:13:00 AM,0.77
10066,5/12/2024 4:13:10 AM,0.76
10066,5/12/2024 4:13:20 AM,0.74
10066,5/12/2024 4:13:30 AM,0.73
10066,5/12/2024 4:13:40 AM,0.72
10066,5/12/2024 4:13:50 AM,0.71
10066,5/12/2024 4:14:00 AM,0.69
10066,5/12/2024 4:14:10 AM,0.68
10066,5/12/2024 4:14:20 AM,0.67
10066,5/12/2024 4:14:30 AM,0.66
10066,5/12/2024 4:14:40 AM,0.64
10066,5/12/2024 4:14:50 AM,0.63
10066,5/12/2024 4:15:00 AM,0.62
10066,5/12/2024 4:15:10 AM,0.61
10066,5/12/2024 4:15:20 AM,0.62
10066,5/12/2024 4:15:30 AM,0.65
10066,5/12/2024 4:15:40 AM,0.68
10066,5/12/2024 4:15:50 AM,0.71
10066,5/12/2024 4:16:00 AM,0.75
10066,5/12/2024 4:16:10 AM,0.78
10066,5/12/2024 4:16:20 AM,0.81
10066,5/12/2024 4:16:30 AM,0.85
10066,5/12/2024 4:16:40 AM,0.88
10066,5/12/2024 4:16:50 AM,0.91
10066,5/12/2024 4:17:00 AM,0.95
10066,5/12/2024 4:17:10 AM,0.98
10066,5/12/2024 4:17:20 AM,1.01
10066,5/12/2024 4:17:30 AM,1.04
10066,5/12/2024 4:17:40 AM,1.08
10066,5/12/2024 4:17:50 AM,1.11
10066,5/12/2024 4:18:00 AM,1.14
10066,5/12/2024 4:18:10 AM,1.18
10066,5/12/2024 4:18:20 AM,1.21
10066,5/12/2024 4:18:30 AM,1.24
10066,5/12/2024 4:18:40 AM,1.27
10066,5/12/2024 4:18:50 AM,1.31
10066,5/12/2024 4:19:00 AM,1.34
10066,5/12/2024 4:19:10 AM,1.37
10066,5/12/2024 4:19:20 AM,1.41
10066,5/12/2024 4:19:30 AM,1.44
10066,5/12/2024 4:19:40 AM,1.47
10066,5/12/2024 4:19:50 AM,1.50
10066,5/12/2024 4:20:00 AM,1.54
10066,5/12/2024 4:20:10 AM,1.57
10066,5/12/2024 4:20:20 AM,1.60
10066,5/12/2024 4:20:30 AM,1.64
10066,5/12/2024 4:20:40 AM,1.67
10066,5/12/2024 4:20:50 AM,1.70
10066,5/12/2024 4:21:00 AM,1.73
10066,5/12/2024 4:21:10 AM,1.77
10066,5/12/2024 4:21:20 AM,1.80
10066,5/12/2024 4:21:30 AM,1.83
10066,5/12/2024 4:21:40 AM,1.87
10066,5/12/2024 4:21:50 AM,1.90
10066,5/12/2024 4:22:00 AM,1.93
10066,5/12/2024 4:22:10 AM,1.96
10066,5/12/2024 4:22:20 AM,2.00
10066,5/12/2024 4:22:30 AM,2.03
10066,5/12/2024 4:22:40 AM,2.06
10066,5/12/2024 4:22:50 AM,2.10
10066,5/12/2024 4:23:00 AM,1.62
10066,5/12/2024 4:23:10 AM,1.08
10066,5/12/2024 4:23:20 AM,0.93
10066,5/12/2024 4:23:30 AM,0.96
10066,5/12/2024 4:23:40 AM,1.00
10066,5/12/2024 4:23:50 AM,1.04
10066,5/12/2024 4:24:00 AM,1.07
10066,5/12/2024 4:24:10 AM,1.11
10066,5/12/2024 4:24:20 AM,1.15
10066,5/12/2024 4:24:30 AM,1.19
10066,5/12/2024 4:24:40 AM,1.22
10066,5/12/2024 4:24:50 AM,1.26
10066,5/12/2024 4:25:00 AM,1.30
10066,5/12/2024 4:25:10 AM,1.34
10066,5/12/2024 4:25:20 AM,1.37
10066,5/12/2024 4:25:30 AM,1.41
10066,5/12/2024 4:25:40 AM,1.45
10066,5/12/2024 4:25:50 AM,1.49
10066,5/12/2024 4:26:00 AM,1.52
10066,5/12/2024 4:26:10 AM,1.56
10066,5/12/2024 4:26:20 AM,1.60
10066,5/12/2024 4:26:30 AM,1.64
10066,5/12/2024 4:26:40 AM,1.67
10066,5/12/2024 4:26:50 AM,1.71
10066,5/12/2024 4:27:00 AM,1.75
10066,5/12/2024 4:27:10 AM,1.78
10066,5/12/2024 4:27:20 AM,1.82
10066,5/12/2024 4:27:30 AM,1.86
10066,5/12/2024 4:27:40 AM,1.90
10066,5/12/2024 4:27:50 AM,1.93
10066,5/12/2024 4:28:00 AM,1.97
10066,5/12/2024 4:28:10 AM,2.01
10066,5/12/2024 4:28:20 AM,2.05
10066,5/12/2024 4:28:30 AM,2.08
10066,5/12/2024 4:28:40 AM,2.12
10066,5/12/2024 4:28:50 AM,2.16
10066,5/12/2024 4:29:00 AM,2.20
10066,5/12/2024 4:29:10 AM,2.85
10066,5/12/2024 4:29:20 AM,1.83
10066,5/12/2024 4:29:30 AM,1.10
10066,5/12/2024 4:29:40 AM,0.53
10066,5/12/2024 4:29:50 AM,-0.04
10066,5/12/2024 4:30:00 AM,0.16
10066,5/12/2024 4:30:10 AM,0.45
10066,5/12/2024 4:30:20 AM,-0.29
10066,5/12/2024 4:30:30 AM,-0.92
10066,5/12/2024 4:30:40 AM,-1.39
10066,5/12/2024 4:30:50 AM,-1.86
10066,5/12/2024 4:31:00 AM,-2.34
10066,5/12/2024 4:31:10 AM,-0.92
10066,5/12/2024 4:31:20 AM,-0.31
10066,5/12/2024 4:31:30 AM,0.13
10066,5/12/2024 4:31:40 AM,0.58
10066,5/12/2024 4:31:50 AM,1.03
10066,5/12/2024 4:32:00 AM,1.47
10066,5/12/2024 4:32:10 AM,1.92
10066,5/12/2024 4:32:20 AM,2.37
10066,5/12/2024 4:32:30 AM,2.81
10066,5/12/2024 4:32:40 AM,3.26
10066,5/12/2024 4:32:50 AM,4.42
10066,5/12/2024 4:33:00 AM,4.17
10066,5/12/2024 4:33:10 AM,3.69
10066,5/12/2024 4:33:20 AM,3.20
10066,5/12/2024 4:33:30 AM,2.72
10066,5/12/2024 4:33:40 AM,2.23
10066,5/12/2024 4:33:50 AM,1.75
10066,5/12/2024 4:34:00 AM,1.26
10066,5/12/2024 4:34:10 AM,1.10
10066,5/12/2024 4:34:20 AM,0.99
10066,5/12/2024 4:34:30 AM,0.88
10066,5/12/2024 4:34:40 AM,0.76
10066,5/12/2024 4:34:50 AM,0.65
10066,5/12/2024 4:35:00 AM,0.54
10066,5/12/2024 4:35:10 AM,0.43
10066,5/12/2024 4:35:20 AM,0.31
10066,5/12/2024 4:35:30 AM,0.07
10066,5/12/2024 4:35:40 AM,-0.19
10066,5/12/2024 4:35:50 AM,-0.44
10066,5/12/2024 4:36:00 AM,-0.70
10066,5/12/2024 4:36:10 AM,-0.96
10066,5/12/2024 4:36:20 AM,-1.22
10066,5/12/2024 4:36:30 AM,-0.96
10066,5/12/2024 4:36:40 AM,-0.46
10066,5/12/2024 4:36:50 AM,-0.46
10066,5/12/2024 4:37:00 AM,-0.52
10066,5/12/2024 4:37:10 AM,-0.59
10066,5/12/2024 4:37:20 AM,-0.65
10066,5/12/2024 4:37:30 AM,-0.72
10066,5/12/2024 4:37:40 AM,-0.78
10066,5/12/2024 4:37:50 AM,-0.85
10066,5/12/2024 4:38:00 AM,-0.91
10066,5/12/2024 4:38:10 AM,-0.98
10066,5/12/2024 4:38:20 AM,-0.43
10066,5/12/2024 4:38:30 AM,0.40
10066,5/12/2024 4:38:40 AM,0.53
10066,5/12/2024 4:38:50 AM,0.57
10066,5/12/2024 4:39:00 AM,0.61
10066,5/12/2024 4:39:10 AM,0.64
10066,5/12/2024 4:39:20 AM,0.68
10066,5/12/2024 4:39:30 AM,0.71
10066,5/12/2024 4:39:40 AM,0.75
10066,5/12/2024 4:39:50 AM,0.79
10066,5/12/2024 4:40:00 AM,0.82
10066,5/12/2024 4:40:10 AM,0.86
10066,5/12/2024 4:40:20 AM,0.90
10066,5/12/2024 4:40:30 AM,0.93
10066,5/12/2024 4:40:40 AM,0.97
10066,5/12/2024 4:40:50 AM,1.01
10066,5/12/2024 4:41:00 AM,1.04
10066,5/12/2024 4:41:10 AM,1.08
10066,5/12/2024 4:41:20 AM,1.11
10066,5/12/2024 4:41:30 AM,1.15
10066,5/12/2024 4:41:40 AM,1.19
10066,5/12/2024 4:41:50 AM,1.22
10066,5/12/2024 4:42:00 AM,1.26
10066,5/12/2024 4:42:10 AM,1.30
10066,5/12/2024 4:42:20 AM,1.33
10066,5/12/2024 4:42:30 AM,1.37
10066,5/12/2024 4:42:40 AM,1.41
10066,5/12/2024 4:42:50 AM,1.44
10066,5/12/2024 4:43:00 AM,1.48
10066,5/12/2024 4:43:10 AM,1.51
10066,5/12/2024 4:43:20 AM,1.55
10066,5/12/2024 4:43:30 AM,1.59
10066,5/12/2024 4:43:40 AM,1.62
10066,5/12/2024 4:43:50 AM,1.66
10066,5/12/2024 4:44:00 AM,1.70
10066,5/12/2024 4:44:10 AM,1.73
10066,5/12/2024 4:44:20 AM,1.77
10066,5/12/2024 4:44:30 AM,1.81
10066,5/12/2024 4:44:40 AM,1.84
10066,5/12/2024 4:44:50 AM,1.88
10066,5/12/2024 4:45:00 AM,1.91
10066,5/12/2024 4:45:10 AM,1.95
10066,5/12/2024 4:45:20 AM,1.99
10066,5/12/2024 4:45:30 AM,2.02
10066,5/12/2024 4:45:40 AM,2.06
10066,5/12/2024 4:45:50 AM,2.10
10066,5/12/2024 4:46:00 AM,1.75
10066,5/12/2024 4:46:10 AM,1.35
10066,5/12/2024 4:46:20 AM,0.95
10066,5/12/2024 4:46:30 AM,0.89
10066,5/12/2024 4:46:40 AM,0.87
10066,5/12/2024 4:46:50 AM,0.86
10066,5/12/2024 4:47:00 AM,0.84
10066,5/12/2024 4:47:10 AM,0.83
10066,5/12/2024 4:47:20 AM,0.81
10066,5/12/2024 4:47:30 AM,0.80
10066,5/12/2024 4:47:40 AM,0.78
10066,5/12/2024 4:47:50 AM,0.77
10066,5/12/2024 4:48:00 AM,0.75
10066,5/12/2024 4:48:10 AM,0.74
10066,5/12/2024 4:48:20 AM,0.72
10066,5/12/2024 4:48:30 AM,0.71
10066,5/12/2024 4:48:40 AM,0.69
10066,5/12/2024 4:48:50 AM,0.68
10066,5/12/2024 4:49:00 AM,0.66
10066,5/12/2024 4:49:10 AM,0.65
10066,5/12/2024 4:49:20 AM,0.63
10066,5/12/2024 4:49:30 AM,0.62
10066,5/12/2024 4:49:40 AM,0.60
10066,5/12/2024 4:49:50 AM,0.59
10066,5/12/2024 4:50:00 AM,0.57
10066,5/12/2024 4:50:10 AM,0.56
10066,5/12/2024 4:50:20 AM,0.54
10066,5/12/2024 4:50:30 AM,0.53
10066,5/12/2024 4:50:40 AM,0.51
10066,5/12/2024 4:50:50 AM,0.50
10066,5/12/2024 4:51:00 AM,0.48
10066,5/12/2024 4:51:10 AM,0.47
10066,5/12/2024 4:51:20 AM,0.45
10066,5/12/2024 4:51:30 AM,0.44
10066,5/12/2024 4:51:40 AM,0.42
10066,5/12/2024 4:51:50 AM,0.41
10066,5/12/2024 4:52:00 AM,0.39
10066,5/12/2024 4:52:10 AM,0.38
10066,5/12/2024 4:52:20 AM,0.36
10066,5/12/2024 4:52:30 AM,0.35
10066,5/12/2024 4:52:40 AM,0.33
10066,5/12/2024 4:52:50 AM,0.32
10066,5/12/2024 4:53:00 AM,0.30
10066,5/12/2024 4:53:10 AM,0.66
10066,5/12/2024 4:53:20 AM,1.07
10066,5/12/2024 4:53:30 AM,1.17
10066,5/12/2024 4:53:40 AM,1.13
10066,5/12/2024 4:53:50 AM,1.09
10066,5/12/2024 4:54:00 AM,1.05
10066,5/12/2024 4:54:10 AM,1.00
10066,5/12/2024 4:54:20 AM,0.96
10066,5/12/2024 4:54:30 AM,0.92
10066,5/12/2024 4:54:40 AM,0.88
10066,5/12/2024 4:54:50 AM,0.84
10066,5/12/2024 4:55:00 AM,0.79
10066,5/12/2024 4:55:10 AM,0.75
10066,5/12/2024 4:55:20 AM,0.71
10066,5/12/2024 4:55:30 AM,0.67
10066,5/12/2024 4:55:40 AM,0.62
10066,5/12/2024 4:55:50 AM,0.58
10066,5/12/2024 4:56:00 AM,0.54
10066,5/12/2024 4:56:10 AM,0.50
10066,5/12/2024 4:56:20 AM,0.46
10066,5/12/2024 4:56:30 AM,0.41
10066,5/12/2024 4:56:40 AM,0.47
10066,5/12/2024 4:56:50 AM,0.57
10066,5/12/2024 4:57:00 AM,0.67
10066,5/12/2024 4:57:10 AM,0.77
10066,5/12/2024 4:57:20 AM,0.87
10066,5/12/2024 4:57:30 AM,0.97
10066,5/12/2024 4:57:40 AM,1.07
10066,5/12/2024 4:57:50 AM,1.08
10066,5/12/2024 4:58:00 AM,1.06
10066,5/12/2024 4:58:10 AM,1.04
10066,5/12/2024 4:58:20 AM,1.02
10066,5/12/2024 4:58:30 AM,0.99
10066,5/12/2024 4:58:40 AM,0.97
10066,5/12/2024 4:58:50 AM,0.95
10066,5/12/2024 4:59:00 AM,0.93
10066,5/12/2024 4:59:10 AM,0.90
10066,5/12/2024 4:59:20 AM,0.88
10066,5/12/2024 4:59:30 AM,0.86
10066,5/12/2024 4:59:40 AM,0.84
10066,5/12/2024 4:59:50 AM,0.81
10066,5/12/2024 5:00:00 AM,0.79
10066,5/12/2024 5:00:10 AM,0.77
10066,5/12/2024 5:00:20 AM,0.75
10066,5/12/2024 5:00:30 AM,0.72
10066,5/12/2024 5:00:40 AM,0.70
10066,5/12/2024 5:00:50 AM,0.68
10066,5/12/2024 5:01:00 AM,0.66
10066,5/12/2024 5:01:10 AM,0.63
10066,5/12/2024 5:01:20 AM,0.61
10066,5/12/2024 5:01:30 AM,0.59
10066,5/12/2024 5:01:40 AM,0.57
10066,5/12/2024 5:01:50 AM,0.54
10066,5/12/2024 5:02:00 AM,0.52
10066,5/12/2024 5:02:10 AM,0.50
10066,5/12/2024 5:02:20 AM,0.47
10066,5/12/2024 5:02:30 AM,0.45
10066,5/12/2024 5:02:40 AM,0.43
10066,5/12/2024 5:02:50 AM,0.41
10066,5/12/2024 5:03:00 AM,0.38
10066,5/12/2024 5:03:10 AM,0.36
10066,5/12/2024 5:03:20 AM,0.34
10066,5/12/2024 5:03:30 AM,0.32
10066,5/12/2024 5:03:40 AM,0.29
10066,5/12/2024 5:03:50 AM,0.27
10066,5/12/2024 5:04:00 AM,0.25
10066,5/12/2024 5:04:10 AM,0.23
10066,5/12/2024 5:04:20 AM,0.20
10066,5/12/2024 5:04:30 AM,0.47
10066,5/12/2024 5:04:40 AM,0.79
10066,5/12/2024 5:04:50 AM,1.10
10066,5/12/2024 5:05:00 AM,1.15
10066,5/12/2024 5:05:10 AM,1.08
10066,5/12/2024 5:05:20 AM,1.00
10066,5/12/2024 5:05:30 AM,0.93
10066,5/12/2024 5:05:40 AM,0.85
10066,5/12/2024 5:05:50 AM,0.78
10066,5/12/2024 5:06:00 AM,0.70
10066,5/12/2024 5:06:10 AM,0.63
10066,5/12/2024 5:06:20 AM,0.55
10066,5/12/2024 5:06:30 AM,0.48
10066,5/12/2024 5:06:40 AM,0.41
10066,5/12/2024 5:06:50 AM,0.33
10066,5/12/2024 5:07:00 AM,0.26
10066,5/12/2024 5:07:10 AM,0.18
10066,5/12/2024 5:07:20 AM,0.11
10066,5/12/2024 5:07:30 AM,0.03
10066,5/12/2024 5:07:40 AM,-0.04
10066,5/12/2024 5:07:50 AM,-0.12
10066,5/12/2024 5:08:00 AM,-0.19
10066,5/12/2024 5:08:10 AM,0.05
10066,5/12/2024 5:08:20 AM,0.33
10066,5/12/2024 5:08:30 AM,0.61
10066,5/12/2024 5:08:40 AM,0.89
10066,5/12/2024 5:08:50 AM,1.17
10066,5/12/2024 5:09:00 AM,1.21
10066,5/12/2024 5:09:10 AM,1.22
10066,5/12/2024 5:09:20 AM,1.22
10066,5/12/2024 5:09:30 AM,1.23
10066,5/12/2024 5:09:40 AM,1.24
10066,5/12/2024 5:09:50 AM,1.25
10066,5/12/2024 5:10:00 AM,1.25
10066,5/12/2024 5:10:10 AM,1.26
10066,5/12/2024 5:10:20 AM,1.27
10066,5/12/2024 5:10:30 AM,1.28
10066,5/12/2024 5:10:40 AM,1.29
10066,5/12/2024 5:10:50 AM,1.29
10066,5/12/2024 5:11:00 AM,1.30
10066,5/12/2024 5:11:10 AM,1.31
10066,5/12/2024 5:11:20 AM,1.32
10066,5/12/2024 5:11:30 AM,1.32
10066,5/12/2024 5:11:40 AM,1.33
10066,5/12/2024 5:11:50 AM,1.34
10066,5/12/2024 5:12:00 AM,1.35
10066,5/12/2024 5:12:10 AM,1.36
10066,5/12/2024 5:12:20 AM,1.36
10066,5/12/2024 5:12:30 AM,1.37
10066,5/12/2024 5:12:40 AM,1.38
10066,5/12/2024 5:12:50 AM,1.39
10066,5/12/2024 5:13:00 AM,1.39
10066,5/12/2024 5:13:10 AM,1.40
10066,5/12/2024 5:13:20 AM,1.41
10066,5/12/2024 5:13:30 AM,1.42
10066,5/12/2024 5:13:40 AM,1.43
10066,5/12/2024 5:13:50 AM,1.43
10066,5/12/2024 5:14:00 AM,1.44
10066,5/12/2024 5:14:10 AM,1.45
10066,5/12/2024 5:14:20 AM,1.46
10066,5/12/2024 5:14:30 AM,1.47
10066,5/12/2024 5:14:40 AM,1.47
10066,5/12/2024 5:14:50 AM,1.48
10066,5/12/2024 5:15:00 AM,1.49
10066,5/12/2024 5:15:10 AM,1.50
10066,5/12/2024 5:15:20 AM,1.47
10066,5/12/2024 5:15:30 AM,1.40
10066,5/12/2024 5:15:40 AM,1.34
10066,5/12/2024 5:15:50 AM,1.28
10066,5/12/2024 5:16:00 AM,1.21
10066,5/12/2024 5:16:10 AM,1.15
10066,5/12/2024 5:16:20 AM,1.08
10066,5/12/2024 5:16:30 AM,1.02
10066,5/12/2024 5:16:40 AM,0.95
10066,5/12/2024 5:16:50 AM,0.89
10066,5/12/2024 5:17:00 AM,0.82
10066,5/12/2024 5:17:10 AM,0.76
10066,5/12/2024 5:17:20 AM,0.70
10066,5/12/2024 5:17:30 AM,0.63
10066,5/12/2024 5:17:40 AM,0.57
10066,5/12/2024 5:17:50 AM,0.50
10066,5/12/2024 5:18:00 AM,0.44
10066,5/12/2024 5:18:10 AM,0.37
10066,5/12/2024 5:18:20 AM,0.31
10066,5/12/2024 5:18:30 AM,0.24
10066,5/12/2024 5:18:40 AM,0.18
10066,5/12/2024 5:18:50 AM,0.12
10066,5/12/2024 5:19:00 AM,0.05
10066,5/12/2024 5:19:10 AM,-0.01
10066,5/12/2024 5:19:20 AM,-0.08
10066,5/12/2024 5:19:30 AM,0.03
10066,5/12/2024 5:19:40 AM,0.22
10066,5/12/2024 5:19:50 AM,0.41
10066,5/12/2024 5:20:00 AM,0.60
10066,5/12/2024 5:20:10 AM,0.79
10066,5/12/2024 5:20:20 AM,0.99
10066,5/12/2024 5:20:30 AM,1.18
10066,5/12/2024 5:20:40 AM,1.19
10066,5/12/2024 5:20:50 AM,1.17
10066,5/12/2024 5:21:00 AM,1.16
10066,5/12/2024 5:21:10 AM,1.14
10066,5/12/2024 5:21:20 AM,1.13
10066,5/12/2024 5:21:30 AM,1.11
10066,5/12/2024 5:21:40 AM,1.09
10066,5/12/2024 5:21:50 AM,1.08
10066,5/12/2024 5:22:00 AM,1.06
10066,5/12/2024 5:22:10 AM,1.05
10066,5/12/2024 5:22:20 AM,1.03
10066,5/12/2024 5:22:30 AM,1.02
10066,5/12/2024 5:22:40 AM,1.00
10066,5/12/2024 5:22:50 AM,0.99
10066,5/12/2024 5:23:00 AM,0.97
10066,5/12/2024 5:23:10 AM,0.96
10066,5/12/2024 5:23:20 AM,0.94
10066,5/12/2024 5:23:30 AM,0.93
10066,5/12/2024 5:23:40 AM,0.91
10066,5/12/2024 5:23:50 AM,0.89
10066,5/12/2024 5:24:00 AM,0.88
10066,5/12/2024 5:24:10 AM,0.86
10066,5/12/2024 5:24:20 AM,0.85
10066,5/12/2024 5:24:30 AM,0.83
10066,5/12/2024 5:24:40 AM,0.82
10066,5/12/2024 5:24:50 AM,0.80
10066,5/12/2024 5:25:00 AM,0.79
10066,5/12/2024 5:25:10 AM,0.77
10066,5/12/2024 5:25:20 AM,0.76
10066,5/12/2024 5:25:30 AM,0.74
10066,5/12/2024 5:25:40 AM,0.73
10066,5/12/2024 5:25:50 AM,0.71
10066,5/12/2024 5:26:00 AM,0.69
10066,5/12/2024 5:26:10 AM,0.68
10066,5/12/2024 5:26:20 AM,0.66
10066,5/12/2024 5:26:30 AM,0.65
10066,5/12/2024 5:26:40 AM,0.63
10066,5/12/2024 5:26:50 AM,0.62
10066,5/12/2024 5:27:00 AM,0.60
10066,5/12/2024 5:27:10 AM,0.59
10066,5/12/2024 5:27:20 AM,0.57
10066,5/12/2024 5:27:30 AM,0.56
10066,5/12/2024 5:27:40 AM,0.54
10066,5/12/2024 5:27:50 AM,0.53
10066,5/12/2024 5:28:00 AM,0.51
10066,5/12/2024 5:28:10 AM,0.49
10066,5/12/2024 5:28:20 AM,0.48
10066,5/12/2024 5:28:30 AM,0.46
10066,5/12/2024 5:28:40 AM,0.45
10066,5/12/2024 5:28:50 AM,0.43
10066,5/12/2024 5:29:00 AM,0.42
10066,5/12/2024 5:29:10 AM,0.40
10066,5/12/2024 5:29:20 AM,0.76
10066,5/12/2024 5:29:30 AM,1.16
10066,5/12/2024 5:29:40 AM,1.19
10066,5/12/2024 5:29:50 AM,1.19
10066,5/12/2024 5:30:00 AM,1.18
10066,5/12/2024 5:30:10 AM,1.18
10066,5/12/2024 5:30:20 AM,1.17
10066,5/12/2024 5:30:30 AM,1.16
10066,5/12/2024 5:30:40 AM,1.16
10066,5/12/2024 5:30:50 AM,1.15
10066,5/12/2024 5:31:00 AM,1.14
10066,5/12/2024 5:31:10 AM,1.14
10066,5/12/2024 5:31:20 AM,1.13
10066,5/12/2024 5:31:30 AM,1.12
10066,5/12/2024 5:31:40 AM,1.12
10066,5/12/2024 5:31:50 AM,1.11
10066,5/12/2024 5:32:00 AM,1.11
10066,5/12/2024 5:32:10 AM,1.10
10066,5/12/2024 5:32:20 AM,1.09
10066,5/12/2024 5:32:30 AM,1.09
10066,5/12/2024 5:32:40 AM,1.08
10066,5/12/2024 5:32:50 AM,1.07
10066,5/12/2024 5:33:00 AM,1.07
10066,5/12/2024 5:33:10 AM,1.06
10066,5/12/2024 5:33:20 AM,1.05
10066,5/12/2024 5:33:30 AM,1.05
10066,5/12/2024 5:33:40 AM,1.04
10066,5/12/2024 5:33:50 AM,1.04
10066,5/12/2024 5:34:00 AM,1.03
10066,5/12/2024 5:34:10 AM,1.02
10066,5/12/2024 5:34:20 AM,1.02
10066,5/12/2024 5:34:30 AM,1.01
10066,5/12/2024 5:34:40 AM,1.00
10066,5/12/2024 5:34:50 AM,1.00
10066,5/12/2024 5:35:00 AM,0.99
10066,5/12/2024 5:35:10 AM,0.98
10066,5/12/2024 5:35:20 AM,0.98
10066,5/12/2024 5:35:30 AM,0.97
10066,5/12/2024 5:35:40 AM,0.97
10066,5/12/2024 5:35:50 AM,0.96
10066,5/12/2024 5:36:00 AM,0.95
10066,5/12/2024 5:36:10 AM,0.95
10066,5/12/2024 5:36:20 AM,0.94
10066,5/12/2024 5:36:30 AM,0.93
10066,5/12/2024 5:36:40 AM,0.93
10066,5/12/2024 5:36:50 AM,0.92
10066,5/12/2024 5:37:00 AM,0.91
10066,5/12/2024 5:37:10 AM,0.91
10066,5/12/2024 5:37:20 AM,0.90
10066,5/12/2024 5:37:30 AM,0.90
10066,5/12/2024 5:37:40 AM,0.89
10066,5/12/2024 5:37:50 AM,0.88
10066,5/12/2024 5:38:00 AM,0.88
10066,5/12/2024 5:38:10 AM,0.87
10066,5/12/2024 5:38:20 AM,0.86
10066,5/12/2024 5:38:30 AM,0.86
10066,5/12/2024 5:38:40 AM,0.85
10066,5/12/2024 5:38:50 AM,0.84
10066,5/12/2024 5:39:00 AM,0.84
10066,5/12/2024 5:39:10 AM,0.83
10066,5/12/2024 5:39:20 AM,0.83
10066,5/12/2024 5:39:30 AM,0.82
10066,5/12/2024 5:39:40 AM,0.81
10066,5/12/2024 5:39:50 AM,0.81
10066,5/12/2024 5:40:00 AM,0.80
10066,5/12/2024 5:40:10 AM,0.79
10066,5/12/2024 5:40:20 AM,0.79
10066,5/12/2024 5:40:30 AM,0.78
10066,5/12/2024 5:40:40 AM,0.77
10066,5/12/2024 5:40:50 AM,0.77
10066,5/12/2024 5:41:00 AM,0.76
10066,5/12/2024 5:41:10 AM,0.76
10066,5/12/2024 5:41:20 AM,0.75
10066,5/12/2024 5:41:30 AM,0.74
10066,5/12/2024 5:41:40 AM,0.74
10066,5/12/2024 5:41:50 AM,0.73
10066,5/12/2024 5:42:00 AM,0.72
10066,5/12/2024 5:42:10 AM,0.72
10066,5/12/2024 5:42:20 AM,0.71
10066,5/12/2024 5:42:30 AM,0.70
10066,5/12/2024 5:42:40 AM,0.70
10066,5/12/2024 5:42:50 AM,0.69
10066,5/12/2024 5:43:00 AM,0.69
10066,5/12/2024 5:43:10 AM,0.68
10066,5/12/2024 5:43:20 AM,0.67
10066,5/12/2024 5:43:30 AM,0.67
10066,5/12/2024 5:43:40 AM,0.66
10066,5/12/2024 5:43:50 AM,0.65
10066,5/12/2024 5:44:00 AM,0.65
10066,5/12/2024 5:44:10 AM,0.64
10066,5/12/2024 5:44:20 AM,0.63
10066,5/12/2024 5:44:30 AM,0.63
10066,5/12/2024 5:44:40 AM,0.62
10066,5/12/2024 5:44:50 AM,0.62
10066,5/12/2024 5:45:00 AM,0.61
10066,5/12/2024 5:45:10 AM,0.60
10066,5/12/2024 5:45:20 AM,0.60
10066,5/12/2024 5:45:30 AM,0.61
10066,5/12/2024 5:45:40 AM,0.62
10066,5/12/2024 5:45:50 AM,0.62
10066,5/12/2024 5:46:00 AM,0.63
10066,5/12/2024 5:46:10 AM,0.64
10066,5/12/2024 5:46:20 AM,0.64
10066,5/12/2024 5:46:30 AM,0.65
10066,5/12/2024 5:46:40 AM,0.66
10066,5/12/2024 5:46:50 AM,0.66
10066,5/12/2024 5:47:00 AM,0.67
10066,5/12/2024 5:47:10 AM,0.68
10066,5/12/2024 5:47:20 AM,0.68
10066,5/12/2024 5:47:30 AM,0.69
10066,5/12/2024 5:47:40 AM,0.70
10066,5/12/2024 5:47:50 AM,0.70
10066,5/12/2024 5:48:00 AM,0.71
10066,5/12/2024 5:48:10 AM,0.72
10066,5/12/2024 5:48:20 AM,0.72
10066,5/12/2024 5:48:30 AM,0.73
10066,5/12/2024 5:48:40 AM,0.74
10066,5/12/2024 5:48:50 AM,0.74
10066,5/12/2024 5:49:00 AM,0.75
10066,5/12/2024 5:49:10 AM,0.76
10066,5/12/2024 5:49:20 AM,0.76
10066,5/12/2024 5:49:30 AM,0.77
10066,5/12/2024 5:49:40 AM,0.78
10066,5/12/2024 5:49:50 AM,0.78
10066,5/12/2024 5:50:00 AM,0.79
10066,5/12/2024 5:50:10 AM,0.80
10066,5/12/2024 5:50:20 AM,0.81
10066,5/12/2024 5:50:30 AM,0.81
10066,5/12/2024 5:50:40 AM,0.82
10066,5/12/2024 5:50:50 AM,0.83
10066,5/12/2024 5:51:00 AM,0.83
10066,5/12/2024 5:51:10 AM,0.84
10066,5/12/2024 5:51:20 AM,0.85
10066,5/12/2024 5:51:30 AM,0.85
10066,5/12/2024 5:51:40 AM,0.86
10066,5/12/2024 5:51:50 AM,0.87
10066,5/12/2024 5:52:00 AM,0.87
10066,5/12/2024 5:52:10 AM,0.88
10066,5/12/2024 5:52:20 AM,0.89
10066,5/12/2024 5:52:30 AM,0.89
10066,5/12/2024 5:52:40 AM,0.90
10066,5/12/2024 5:52:50 AM,0.91
10066,5/12/2024 5:53:00 AM,0.91
10066,5/12/2024 5:53:10 AM,0.92
10066,5/12/2024 5:53:20 AM,0.93
10066,5/12/2024 5:53:30 AM,0.93
10066,5/12/2024 5:53:40 AM,0.94
10066,5/12/2024 5:53:50 AM,0.95
10066,5/12/2024 5:54:00 AM,0.95
10066,5/12/2024 5:54:10 AM,0.96
10066,5/12/2024 5:54:20 AM,0.97
10066,5/12/2024 5:54:30 AM,0.97
10066,5/12/2024 5:54:40 AM,0.98
10066,5/12/2024 5:54:50 AM,0.99
10066,5/12/2024 5:55:00 AM,0.99
10066,5/12/2024 5:55:10 AM,1.00
10066,5/12/2024 5:55:20 AM,1.01
10066,5/12/2024 5:55:30 AM,1.01
10066,5/12/2024 5:55:40 AM,1.02
10066,5/12/2024 5:55:50 AM,1.03
10066,5/12/2024 5:56:00 AM,1.03
10066,5/12/2024 5:56:10 AM,1.04
10066,5/12/2024 5:56:20 AM,1.05
10066,5/12/2024 5:56:30 AM,1.05
10066,5/12/2024 5:56:40 AM,1.06
10066,5/12/2024 5:56:50 AM,1.07
10066,5/12/2024 5:57:00 AM,1.07
10066,5/12/2024 5:57:10 AM,1.08
10066,5/12/2024 5:57:20 AM,1.09
10066,5/12/2024 5:57:30 AM,1.09
10066,5/12/2024 5:57:40 AM,1.10
10066,5/12/2024 5:57:50 AM,1.11
10066,5/12/2024 5:58:00 AM,1.11
10066,5/12/2024 5:58:10 AM,1.12
10066,5/12/2024 5:58:20 AM,1.13
10066,5/12/2024 5:58:30 AM,1.13
10066,5/12/2024 5:58:40 AM,1.14
10066,5/12/2024 5:58:50 AM,1.15
10066,5/12/2024 5:59:00 AM,1.15
10066,5/12/2024 5:59:10 AM,1.16
10066,5/12/2024 5:59:20 AM,1.17
10066,5/12/2024 5:59:30 AM,1.17
10066,5/12/2024 5:59:40 AM,1.18
10066,5/12/2024 5:59:50 AM,1.19
10066,5/12/2024 6:00:00 AM,1.19
10066,5/12/2024 6:00:10 AM,1.20
10066,5/12/2024 6:00:20 AM,1.19
10066,5/12/2024 6:00:30 AM,1.16
10066,5/12/2024 6:00:40 AM,1.14
10066,5/12/2024 6:00:50 AM,1.12
10066,5/12/2024 6:01:00 AM,1.10
10066,5/12/2024 6:01:10 AM,1.08
10066,5/12/2024 6:01:20 AM,1.06
10066,5/12/2024 6:01:30 AM,1.04
10066,5/12/2024 6:01:40 AM,1.02
10066,5/12/2024 6:01:50 AM,0.99
10066,5/12/2024 6:02:00 AM,0.97
10066,5/12/2024 6:02:10 AM,0.95
10066,5/12/2024 6:02:20 AM,0.93
10066,5/12/2024 6:02:30 AM,0.91
10066,5/12/2024 6:02:40 AM,0.89
10066,5/12/2024 6:02:50 AM,0.87
10066,5/12/2024 6:03:00 AM,0.85
10066,5/12/2024 6:03:10 AM,0.82
10066,5/12/2024 6:03:20 AM,0.80
10066,5/12/2024 6:03:30 AM,0.78
10066,5/12/2024 6:03:40 AM,0.76
10066,5/12/2024 6:03:50 AM,0.74
10066,5/12/2024 6:04:00 AM,0.72
10066,5/12/2024 6:04:10 AM,0.70
10066,5/12/2024 6:04:20 AM,0.68
10066,5/12/2024 6:04:30 AM,0.65
10066,5/12/2024 6:04:40 AM,0.63
10066,5/12/2024 6:04:50 AM,0.61
10066,5/12/2024 6:05:00 AM,0.59
10066,5/12/2024 6:05:10 AM,0.57
10066,5/12/2024 6:05:20 AM,0.55
10066,5/12/2024 6:05:30 AM,0.53
10066,5/12/2024 6:05:40 AM,0.51
10066,5/12/2024 6:05:50 AM,0.48
10066,5/12/2024 6:06:00 AM,0.46
10066,5/12/2024 6:06:10 AM,0.44
10066,5/12/2024 6:06:20 AM,0.42
10066,5/12/2024 6:06:30 AM,0.40
10066,5/12/2024 6:06:40 AM,0.38
10066,5/12/2024 6:06:50 AM,0.36
10066,5/12/2024 6:07:00 AM,0.33
10066,5/12/2024 6:07:10 AM,0.31
10066,5/12/2024 6:07:20 AM,0.29
10066,5/12/2024 6:07:30 AM,0.27
10066,5/12/2024 6:07:40 AM,0.25
10066,5/12/2024 6:07:50 AM,0.23
10066,5/12/2024 6:08:00 AM,0.21
10066,5/12/2024 6:08:10 AM,0.61
10066,5/12/2024 6:08:20 AM,1.20
10066,5/12/2024 6:08:30 AM,1.40
10066,5/12/2024 6:08:40 AM,1.39
10066,5/12/2024 6:08:50 AM,1.38
10066,5/12/2024 6:09:00 AM,1.38
10066,5/12/2024 6:09:10 AM,1.37
10066,5/12/2024 6:09:20 AM,1.36
10066,5/12/2024 6:09:30 AM,1.36
10066,5/12/2024 6:09:40 AM,1.35
10066,5/12/2024 6:09:50 AM,1.34
10066,5/12/2024 6:10:00 AM,1.34
10066,5/12/2024 6:10:10 AM,1.33
10066,5/12/2024 6:10:20 AM,1.32
10066,5/12/2024 6:10:30 AM,1.32
10066,5/12/2024 6:10:40 AM,1.31
10066,5/12/2024 6:10:50 AM,1.30
10066,5/12/2024 6:11:00 AM,1.30
10066,5/12/2024 6:11:10 AM,1.29
10066,5/12/2024 6:11:20 AM,1.28
10066,5/12/2024 6:11:30 AM,1.28
10066,5/12/2024 6:11:40 AM,1.27
10066,5/12/2024 6:11:50 AM,1.26
10066,5/12/2024 6:12:00 AM,1.26
10066,5/12/2024 6:12:10 AM,1.25
10066,5/12/2024 6:12:20 AM,1.24
10066,5/12/2024 6:12:30 AM,1.24
10066,5/12/2024 6:12:40 AM,1.23
10066,5/12/2024 6:12:50 AM,1.23
10066,5/12/2024 6:13:00 AM,1.22
10066,5/12/2024 6:13:10 AM,1.21
10066,5/12/2024 6:13:20 AM,1.21
10066,5/12/2024 6:13:30 AM,1.20
10066,5/12/2024 6:13:40 AM,1.19
10066,5/12/2024 6:13:50 AM,1.19
10066,5/12/2024 6:14:00 AM,1.18
10066,5/12/2024 6:14:10 AM,1.17
10066,5/12/2024 6:14:20 AM,1.17
10066,5/12/2024 6:14:30 AM,1.16
10066,5/12/2024 6:14:40 AM,1.15
10066,5/12/2024 6:14:50 AM,1.15
10066,5/12/2024 6:15:00 AM,1.14
10066,5/12/2024 6:15:10 AM,1.13
10066,5/12/2024 6:15:20 AM,1.13
10066,5/12/2024 6:15:30 AM,1.12
10066,5/12/2024 6:15:40 AM,1.11
10066,5/12/2024 6:15:50 AM,1.11
10066,5/12/2024 6:16:00 AM,1.10
10066,5/12/2024 6:16:10 AM,1.09
10066,5/12/2024 6:16:20 AM,1.09
10066,5/12/2024 6:16:30 AM,1.08
10066,5/12/2024 6:16:40 AM,1.07
10066,5/12/2024 6:16:50 AM,1.07
10066,5/12/2024 6:17:00 AM,1.06
10066,5/12/2024 6:17:10 AM,1.05
10066,5/12/2024 6:17:20 AM,1.05
10066,5/12/2024 6:17:30 AM,1.04
10066,5/12/2024 6:17:40 AM,1.03
10066,5/12/2024 6:17:50 AM,1.03
10066,5/12/2024 6:18:00 AM,1.02
10066,5/12/2024 6:18:10 AM,1.01
10066,5/12/2024 6:18:20 AM,1.01
10066,5/12/2024 6:18:30 AM,1.00
10066,5/12/2024 6:18:40 AM,0.99
10066,5/12/2024 6:18:50 AM,0.99
10066,5/12/2024 6:19:00 AM,0.98
10066,5/12/2024 6:19:10 AM,0.98
10066,5/12/2024 6:19:20 AM,0.97
10066,5/12/2024 6:19:30 AM,0.96
10066,5/12/2024 6:19:40 AM,0.96
10066,5/12/2024 6:19:50 AM,0.95
10066,5/12/2024 6:20:00 AM,0.94
10066,5/12/2024 6:20:10 AM,0.94
10066,5/12/2024 6:20:20 AM,0.93
10066,5/12/2024 6:20:30 AM,0.92
10066,5/12/2024 6:20:40 AM,0.92
10066,5/12/2024 6:20:50 AM,0.91
10066,5/12/2024 6:21:00 AM,0.90
10066,5/12/2024 6:21:10 AM,0.90
10066,5/12/2024 6:21:20 AM,0.89
10066,5/12/2024 6:21:30 AM,0.88
10066,5/12/2024 6:21:40 AM,0.88
10066,5/12/2024 6:21:50 AM,0.87
10066,5/12/2024 6:22:00 AM,0.86
10066,5/12/2024 6:22:10 AM,0.86
10066,5/12/2024 6:22:20 AM,0.85
10066,5/12/2024 6:22:30 AM,0.84
10066,5/12/2024 6:22:40 AM,0.84
10066,5/12/2024 6:22:50 AM,0.83
10066,5/12/2024 6:23:00 AM,0.82
10066,5/12/2024 6:23:10 AM,0.82
10066,5/12/2024 6:23:20 AM,0.81
10066,5/12/2024 6:23:30 AM,0.80
10066,5/12/2024 6:23:40 AM,0.80
10066,5/12/2024 6:23:50 AM,0.79
10066,5/12/2024 6:24:00 AM,0.78
10066,5/12/2024 6:24:10 AM,0.78
10066,5/12/2024 6:24:20 AM,0.77
10066,5/12/2024 6:24:30 AM,0.76
10066,5/12/2024 6:24:40 AM,0.76
10066,5/12/2024 6:24:50 AM,0.75
10066,5/12/2024 6:25:00 AM,0.74
10066,5/12/2024 6:25:10 AM,0.74
10066,5/12/2024 6:25:20 AM,0.73
10066,5/12/2024 6:25:30 AM,0.73
10066,5/12/2024 6:25:40 AM,0.72
10066,5/12/2024 6:25:50 AM,0.71
10066,5/12/2024 6:26:00 AM,0.71
10066,5/12/2024 6:26:10 AM,0.70
10066,5/12/2024 6:26:20 AM,0.69
10066,5/12/2024 6:26:30 AM,0.69
10066,5/12/2024 6:26:40 AM,0.68
10066,5/12/2024 6:26:50 AM,0.67
10066,5/12/2024 6:27:00 AM,0.67
10066,5/12/2024 6:27:10 AM,0.66
10066,5/12/2024 6:27:20 AM,0.65
10066,5/12/2024 6:27:30 AM,0.65
10066,5/12/2024 6:27:40 AM,0.64
10066,5/12/2024 6:27:50 AM,0.63
10066,5/12/2024 6:28:00 AM,0.63
10066,5/12/2024 6:28:10 AM,0.62
10066,5/12/2024 6:28:20 AM,0.61
10066,5/12/2024 6:28:30 AM,0.61
10066,5/12/2024 6:28:40 AM,0.60
10066,5/12/2024 6:28:50 AM,0.59
10066,5/12/2024 6:29:00 AM,0.59
10066,5/12/2024 6:29:10 AM,0.58
10066,5/12/2024 6:29:20 AM,0.57
10066,5/12/2024 6:29:30 AM,0.57
10066,5/12/2024 6:29:40 AM,0.56
10066,5/12/2024 6:29:50 AM,0.55
10066,5/12/2024 6:30:00 AM,0.55
10066,5/12/2024 6:30:10 AM,0.54
10066,5/12/2024 6:30:20 AM,0.53
10066,5/12/2024 6:30:30 AM,0.53
10066,5/12/2024 6:30:40 AM,0.52
10066,5/12/2024 6:30:50 AM,0.51
10066,5/12/2024 6:31:00 AM,0.51
10066,5/12/2024 6:31:10 AM,0.50
10066,5/12/2024 6:31:20 AM,0.61
10066,5/12/2024 6:31:30 AM,0.74
10066,5/12/2024 6:31:40 AM,0.87
10066,5/12/2024 6:31:50 AM,1.00
10066,5/12/2024 6:32:00 AM,1.13
10066,5/12/2024 6:32:10 AM,1.26
10066,5/12/2024 6:32:20 AM,1.30
10066,5/12/2024 6:32:30 AM,1.30
10066,5/12/2024 6:32:40 AM,1.30
10066,5/12/2024 6:32:50 AM,1.31
10066,5/12/2024 6:33:00 AM,1.31
10066,5/12/2024 6:33:10 AM,1.31
10066,5/12/2024 6:33:20 AM,1.31
10066,5/12/2024 6:33:30 AM,1.31
10066,5/12/2024 6:33:40 AM,1.31
10066,5/12/2024 6:33:50 AM,1.31
10066,5/12/2024 6:34:00 AM,1.32
10066,5/12/2024 6:34:10 AM,1.32
10066,5/12/2024 6:34:20 AM,1.32
10066,5/12/2024 6:34:30 AM,1.32
10066,5/12/2024 6:34:40 AM,1.32
10066,5/12/2024 6:34:50 AM,1.32
10066,5/12/2024 6:35:00 AM,1.32
10066,5/12/2024 6:35:10 AM,1.33
10066,5/12/2024 6:35:20 AM,1.33
10066,5/12/2024 6:35:30 AM,1.33
10066,5/12/2024 6:35:40 AM,1.33
10066,5/12/2024 6:35:50 AM,1.33
10066,5/12/2024 6:36:00 AM,1.33
10066,5/12/2024 6:36:10 AM,1.33
10066,5/12/2024 6:36:20 AM,1.34
10066,5/12/2024 6:36:30 AM,1.34
10066,5/12/2024 6:36:40 AM,1.34
10066,5/12/2024 6:36:50 AM,1.34
10066,5/12/2024 6:37:00 AM,1.34
10066,5/12/2024 6:37:10 AM,1.34
10066,5/12/2024 6:37:20 AM,1.34
10066,5/12/2024 6:37:30 AM,1.35
10066,5/12/2024 6:37:40 AM,1.35
10066,5/12/2024 6:37:50 AM,1.35
10066,5/12/2024 6:38:00 AM,1.35
10066,5/12/2024 6:38:10 AM,1.35
10066,5/12/2024 6:38:20 AM,1.35
10066,5/12/2024 6:38:30 AM,1.35
10066,5/12/2024 6:38:40 AM,1.36
10066,5/12/2024 6:38:50 AM,1.36
10066,5/12/2024 6:39:00 AM,1.36
10066,5/12/2024 6:39:10 AM,1.36
10066,5/12/2024 6:39:20 AM,1.36
10066,5/12/2024 6:39:30 AM,1.36
10066,5/12/2024 6:39:40 AM,1.36
10066,5/12/2024 6:39:50 AM,1.37
10066,5/12/2024 6:40:00 AM,1.37
10066,5/12/2024 6:40:10 AM,1.37
10066,5/12/2024 6:40:20 AM,1.37
10066,5/12/2024 6:40:30 AM,1.37
10066,5/12/2024 6:40:40 AM,1.37
10066,5/12/2024 6:40:50 AM,1.38
10066,5/12/2024 6:41:00 AM,1.38
10066,5/12/2024 6:41:10 AM,1.38
10066,5/12/2024 6:41:20 AM,1.38
10066,5/12/2024 6:41:30 AM,1.38
10066,5/12/2024 6:41:40 AM,1.38
10066,5/12/2024 6:41:50 AM,1.38
10066,5/12/2024 6:42:00 AM,1.39
10066,5/12/2024 6:42:10 AM,1.39
10066,5/12/2024 6:42:20 AM,1.39
10066,5/12/2024 6:42:30 AM,1.39
10066,5/12/2024 6:42:40 AM,1.39
10066,5/12/2024 6:42:50 AM,1.39
10066,5/12/2024 6:43:00 AM,1.39
10066,5/12/2024 6:43:10 AM,1.40
10066,5/12/2024 6:43:20 AM,1.40
10066,5/12/2024 6:43:30 AM,1.40
10066,5/12/2024 6:43:40 AM,1.40
10066,5/12/2024 6:43:50 AM,1.40
10066,5/12/2024 6:44:00 AM,1.40
10066,5/12/2024 6:44:10 AM,1.40
10066,5/12/2024 6:44:20 AM,1.41
10066,5/12/2024 6:44:30 AM,1.41
10066,5/12/2024 6:44:40 AM,1.41
10066,5/12/2024 6:44:50 AM,1.41
10066,5/12/2024 6:45:00 AM,1.41
10066,5/12/2024 6:45:10 AM,1.41
10066,5/12/2024 6:45:20 AM,1.41
10066,5/12/2024 6:45:30 AM,1.42
10066,5/12/2024 6:45:40 AM,1.42
10066,5/12/2024 6:45:50 AM,1.42
10066,5/12/2024 6:46:00 AM,1.42
10066,5/12/2024 6:46:10 AM,1.42
10066,5/12/2024 6:46:20 AM,1.42
10066,5/12/2024 6:46:30 AM,1.42
10066,5/12/2024 6:46:40 AM,1.43
10066,5/12/2024 6:46:50 AM,1.43
10066,5/12/2024 6:47:00 AM,1.43
10066,5/12/2024 6:47:10 AM,1.43
10066,5/12/2024 6:47:20 AM,1.43
10066,5/12/2024 6:47:30 AM,1.43
10066,5/12/2024 6:47:40 AM,1.43
10066,5/12/2024 6:47:50 AM,1.44
10066,5/12/2024 6:48:00 AM,1.44
10066,5/12/2024 6:48:10 AM,1.44
10066,5/12/2024 6:48:20 AM,1.44
10066,5/12/2024 6:48:30 AM,1.44
10066,5/12/2024 6:48:40 AM,1.44
10066,5/12/2024 6:48:50 AM,1.44
10066,5/12/2024 6:49:00 AM,1.45
10066,5/12/2024 6:49:10 AM,1.45
10066,5/12/2024 6:49:20 AM,1.45
10066,5/12/2024 6:49:30 AM,1.45
10066,5/12/2024 6:49:40 AM,1.45
10066,5/12/2024 6:49:50 AM,1.45
10066,5/12/2024 6:50:00 AM,1.45
10066,5/12/2024 6:50:10 AM,1.46
10066,5/12/2024 6:50:20 AM,1.46
10066,5/12/2024 6:50:30 AM,1.46
10066,5/12/2024 6:50:40 AM,1.46
10066,5/12/2024 6:50:50 AM,1.46
10066,5/12/2024 6:51:00 AM,1.46
10066,5/12/2024 6:51:10 AM,1.46
10066,5/12/2024 6:51:20 AM,1.47
10066,5/12/2024 6:51:30 AM,1.47
10066,5/12/2024 6:51:40 AM,1.47
10066,5/12/2024 6:51:50 AM,1.47
10066,5/12/2024 6:52:00 AM,1.47
10066,5/12/2024 6:52:10 AM,1.47
10066,5/12/2024 6:52:20 AM,1.47
10066,5/12/2024 6:52:30 AM,1.48
10066,5/12/2024 6:52:40 AM,1.48
10066,5/12/2024 6:52:50 AM,1.48
10066,5/12/2024 6:53:00 AM,1.48
10066,5/12/2024 6:53:10 AM,1.48
10066,5/12/2024 6:53:20 AM,1.48
10066,5/12/2024 6:53:30 AM,1.48
10066,5/12/2024 6:53:40 AM,1.49
10066,5/12/2024 6:53:50 AM,1.49
10066,5/12/2024 6:54:00 AM,1.49
10066,5/12/2024 6:54:10 AM,1.49
10066,5/12/2024 6:54:20 AM,1.49
10066,5/12/2024 6:54:30 AM,1.49
10066,5/12/2024 6:54:40 AM,1.49
10066,5/12/2024 6:54:50 AM,1.50
10066,5/12/2024 6:55:00 AM,1.50
10066,5/12/2024 6:55:10 AM,1.50
10066,5/12/2024 6:55:20 AM,1.50
10066,5/12/2024 6:55:30 AM,1.50
10066,5/12/2024 6:55:40 AM,1.50
10066,5/12/2024 6:55:50 AM,1.50
10066,5/12/2024 6:56:00 AM,1.51
10066,5/12/2024 6:56:10 AM,1.51
10066,5/12/2024 6:56:20 AM,1.51
10066,5/12/2024 6:56:30 AM,1.51
10066,5/12/2024 6:56:40 AM,1.51
10066,5/12/2024 6:56:50 AM,1.51
10066,5/12/2024 6:57:00 AM,1.52
10066,5/12/2024 6:57:10 AM,1.52
10066,5/12/2024 6:57:20 AM,1.52
10066,5/12/2024 6:57:30 AM,1.52
10066,5/12/2024 6:57:40 AM,1.52
10066,5/12/2024 6:57:50 AM,1.52
10066,5/12/2024 6:58:00 AM,1.52
10066,5/12/2024 6:58:10 AM,1.53
10066,5/12/2024 6:58:20 AM,1.53
10066,5/12/2024 6:58:30 AM,1.53
10066,5/12/2024 6:58:40 AM,1.53
10066,5/12/2024 6:58:50 AM,1.53
10066,5/12/2024 6:59:00 AM,1.53
10066,5/12/2024 6:59:10 AM,1.53
10066,5/12/2024 6:59:20 AM,1.54
10066,5/12/2024 6:59:30 AM,1.54
10066,5/12/2024 6:59:40 AM,1.54
10066,5/12/2024 6:59:50 AM,1.54
10066,5/12/2024 7:00:00 AM,1.54
10066,5/12/2024 7:00:10 AM,1.54
10066,5/12/2024 7:00:20 AM,1.54
10066,5/12/2024 7:00:30 AM,1.55
10066,5/12/2024 7:00:40 AM,1.55
10066,5/12/2024 7:00:50 AM,1.55
10066,5/12/2024 7:01:00 AM,1.55
10066,5/12/2024 7:01:10 AM,1.55
10066,5/12/2024 7:01:20 AM,1.55
10066,5/12/2024 7:01:30 AM,1.55
10066,5/12/2024 7:01:40 AM,1.56
10066,5/12/2024 7:01:50 AM,1.56
10066,5/12/2024 7:02:00 AM,1.56
10066,5/12/2024 7:02:10 AM,1.56
10066,5/12/2024 7:02:20 AM,1.56
10066,5/12/2024 7:02:30 AM,1.56
10066,5/12/2024 7:02:40 AM,1.56
10066,5/12/2024 7:02:50 AM,1.57
10066,5/12/2024 7:03:00 AM,1.57
10066,5/12/2024 7:03:10 AM,1.57
10066,5/12/2024 7:03:20 AM,1.57
10066,5/12/2024 7:03:30 AM,1.57
10066,5/12/2024 7:03:40 AM,1.57
10066,5/12/2024 7:03:50 AM,1.57
10066,5/12/2024 7:04:00 AM,1.58
10066,5/12/2024 7:04:10 AM,1.58
10066,5/12/2024 7:04:20 AM,1.58
10066,5/12/2024 7:04:30 AM,1.58
10066,5/12/2024 7:04:40 AM,1.58
10066,5/12/2024 7:04:50 AM,1.58
10066,5/12/2024 7:05:00 AM,1.58
10066,5/12/2024 7:05:10 AM,1.59
10066,5/12/2024 7:05:20 AM,1.59
10066,5/12/2024 7:05:30 AM,1.59
10066,5/12/2024 7:05:40 AM,1.59
10066,5/12/2024 7:05:50 AM,1.59
10066,5/12/2024 7:06:00 AM,1.59
10066,5/12/2024 7:06:10 AM,1.59
10066,5/12/2024 7:06:20 AM,1.60
10066,5/12/2024 7:06:30 AM,1.60
10066,5/12/2024 7:06:40 AM,1.60
10066,5/12/2024 7:06:50 AM,1.60
10066,5/12/2024 7:07:00 AM,1.60
10066,5/12/2024 7:07:10 AM,1.60
10066,5/12/2024 7:07:20 AM,1.60
10066,5/12/2024 7:07:30 AM,1.61
10066,5/12/2024 7:07:40 AM,1.61
10066,5/12/2024 7:07:50 AM,1.61
10066,5/12/2024 7:08:00 AM,1.61
10066,5/12/2024 7:08:10 AM,1.61
10066,5/12/2024 7:08:20 AM,1.61
10066,5/12/2024 7:08:30 AM,1.61
10066,5/12/2024 7:08:40 AM,1.62
10066,5/12/2024 7:08:50 AM,1.62
10066,5/12/2024 7:09:00 AM,1.62
10066,5/12/2024 7:09:10 AM,1.62
10066,5/12/2024 7:09:20 AM,1.62
10066,5/12/2024 7:09:30 AM,1.62
10066,5/12/2024 7:09:40 AM,1.62
10066,5/12/2024 7:09:50 AM,1.63
10066,5/12/2024 7:10:00 AM,1.63
10066,5/12/2024 7:10:10 AM,1.63
10066,5/12/2024 7:10:20 AM,1.63
10066,5/12/2024 7:10:30 AM,1.63
10066,5/12/2024 7:10:40 AM,1.63
10066,5/12/2024 7:10:50 AM,1.63
10066,5/12/2024 7:11:00 AM,1.64
10066,5/12/2024 7:11:10 AM,1.64
10066,5/12/2024 7:11:20 AM,1.64
10066,5/12/2024 7:11:30 AM,1.64
10066,5/12/2024 7:11:40 AM,1.64
10066,5/12/2024 7:11:50 AM,1.64
10066,5/12/2024 7:12:00 AM,1.64
10066,5/12/2024 7:12:10 AM,1.65
10066,5/12/2024 7:12:20 AM,1.65
10066,5/12/2024 7:12:30 AM,1.65
10066,5/12/2024 7:12:40 AM,1.65
10066,5/12/2024 7:12:50 AM,1.65
10066,5/12/2024 7:13:00 AM,1.65
10066,5/12/2024 7:13:10 AM,1.66
10066,5/12/2024 7:13:20 AM,1.66
10066,5/12/2024 7:13:30 AM,1.66
10066,5/12/2024 7:13:40 AM,1.66
10066,5/12/2024 7:13:50 AM,1.66
10066,5/12/2024 7:14:00 AM,1.66
10066,5/12/2024 7:14:10 AM,1.66
10066,5/12/2024 7:14:20 AM,1.67
10066,5/12/2024 7:14:30 AM,1.67
10066,5/12/2024 7:14:40 AM,1.67
10066,5/12/2024 7:14:50 AM,1.67
10066,5/12/2024 7:15:00 AM,1.67
10066,5/12/2024 7:15:10 AM,1.67
10066,5/12/2024 7:15:20 AM,1.67
10066,5/12/2024 7:15:30 AM,1.68
10066,5/12/2024 7:15:40 AM,1.68
10066,5/12/2024 7:15:50 AM,1.68
10066,5/12/2024 7:16:00 AM,1.68
10066,5/12/2024 7:16:10 AM,1.68
10066,5/12/2024 7:16:20 AM,1.68
10066,5/12/2024 7:16:30 AM,1.68
10066,5/12/2024 7:16:40 AM,1.69
10066,5/12/2024 7:16:50 AM,1.69
10066,5/12/2024 7:17:00 AM,1.69
10066,5/12/2024 7:17:10 AM,1.69
10066,5/12/2024 7:17:20 AM,1.69
10066,5/12/2024 7:17:30 AM,1.69
10066,5/12/2024 7:17:40 AM,1.69
10066,5/12/2024 7:17:50 AM,1.70
10066,5/12/2024 7:18:00 AM,1.70
10066,5/12/2024 7:18:10 AM,1.70
10066,5/12/2024 7:18:20 AM,1.70
10066,5/12/2024 7:18:30 AM,1.70
10066,5/12/2024 7:18:40 AM,1.70
10066,5/12/2024 7:18:50 AM,1.70
10066,5/12/2024 7:19:00 AM,1.71
10066,5/12/2024 7:19:10 AM,1.71
10066,5/12/2024 7:19:20 AM,1.71
10066,5/12/2024 7:19:30 AM,1.71
10066,5/12/2024 7:19:40 AM,1.71
10066,5/12/2024 7:19:50 AM,1.71
10066,5/12/2024 7:20:00 AM,1.71
10066,5/12/2024 7:20:10 AM,1.72
10066,5/12/2024 7:20:20 AM,1.72
10066,5/12/2024 7:20:30 AM,1.72
10066,5/12/2024 7:20:40 AM,1.72
10066,5/12/2024 7:20:50 AM,1.72
10066,5/12/2024 7:21:00 AM,1.72
10066,5/12/2024 7:21:10 AM,1.72
10066,5/12/2024 7:21:20 AM,1.73
10066,5/12/2024 7:21:30 AM,1.73
10066,5/12/2024 7:21:40 AM,1.73
10066,5/12/2024 7:21:50 AM,1.73
10066,5/12/2024 7:22:00 AM,1.73
10066,5/12/2024 7:22:10 AM,1.73
10066,5/12/2024 7:22:20 AM,1.73
10066,5/12/2024 7:22:30 AM,1.74
10066,5/12/2024 7:22:40 AM,1.74
10066,5/12/2024 7:22:50 AM,1.74
10066,5/12/2024 7:23:00 AM,1.74
10066,5/12/2024 7:23:10 AM,1.74
10066,5/12/2024 7:23:20 AM,1.74
10066,5/12/2024 7:23:30 AM,1.74
10066,5/12/2024 7:23:40 AM,1.75
10066,5/12/2024 7:23:50 AM,1.75
10066,5/12/2024 7:24:00 AM,1.75
10066,5/12/2024 7:24:10 AM,1.75
10066,5/12/2024 7:24:20 AM,1.75
10066,5/12/2024 7:24:30 AM,1.75
10066,5/12/2024 7:24:40 AM,1.75
10066,5/12/2024 7:24:50 AM,1.76
10066,5/12/2024 7:25:00 AM,1.76
10066,5/12/2024 7:25:10 AM,1.76
10066,5/12/2024 7:25:20 AM,1.76
10066,5/12/2024 7:25:30 AM,1.76
10066,5/12/2024 7:25:40 AM,1.76
10066,5/12/2024 7:25:50 AM,1.76
10066,5/12/2024 7:26:00 AM,1.77
10066,5/12/2024 7:26:10 AM,1.77
10066,5/12/2024 7:26:20 AM,1.77
10066,5/12/2024 7:26:30 AM,1.77
10066,5/12/2024 7:26:40 AM,1.77
10066,5/12/2024 7:26:50 AM,1.77
10066,5/12/2024 7:27:00 AM,1.77
10066,5/12/2024 7:27:10 AM,1.78
10066,5/12/2024 7:27:20 AM,1.78
10066,5/12/2024 7:27:30 AM,1.78
10066,5/12/2024 7:27:40 AM,1.78
10066,5/12/2024 7:27:50 AM,1.78
10066,5/12/2024 7:28:00 AM,1.78
10066,5/12/2024 7:28:10 AM,1.78
10066,5/12/2024 7:28:20 AM,1.79
10066,5/12/2024 7:28:30 AM,1.79
10066,5/12/2024 7:28:40 AM,1.79
10066,5/12/2024 7:28:50 AM,1.79
10066,5/12/2024 7:29:00 AM,1.79
10066,5/12/2024 7:29:10 AM,1.79
10066,5/12/2024 7:29:20 AM,1.79
10066,5/12/2024 7:29:30 AM,1.80
10066,5/12/2024 7:29:40 AM,1.80
10066,5/12/2024 7:29:50 AM,1.80
10066,5/12/2024 7:30:00 AM,1.80
10066,5/12/2024 7:30:10 AM,1.80
10066,5/12/2024 7:30:20 AM,1.80
10066,5/12/2024 7:30:30 AM,1.81
10066,5/12/2024 7:30:40 AM,1.81
10066,5/12/2024 7:30:50 AM,1.81
10066,5/12/2024 7:31:00 AM,1.81
10066,5/12/2024 7:31:10 AM,1.81
10066,5/12/2024 7:31:20 AM,1.81
10066,5/12/2024 7:31:30 AM,1.81
10066,5/12/2024 7:31:40 AM,1.82
10066,5/12/2024 7:31:50 AM,1.82
10066,5/12/2024 7:32:00 AM,1.82
10066,5/12/2024 7:32:10 AM,1.82
10066,5/12/2024 7:32:20 AM,1.82
10066,5/12/2024 7:32:30 AM,1.82
10066,5/12/2024 7:32:40 AM,1.82
10066,5/12/2024 7:32:50 AM,1.83
10066,5/12/2024 7:33:00 AM,1.83
10066,5/12/2024 7:33:10 AM,1.83
10066,5/12/2024 7:33:20 AM,1.83
10066,5/12/2024 7:33:30 AM,1.83
10066,5/12/2024 7:33:40 AM,1.83
10066,5/12/2024 7:33:50 AM,1.83
10066,5/12/2024 7:34:00 AM,1.84
10066,5/12/2024 7:34:10 AM,1.84
10066,5/12/2024 7:34:20 AM,1.84
10066,5/12/2024 7:34:30 AM,1.84
10066,5/12/2024 7:34:40 AM,1.84
10066,5/12/2024 7:34:50 AM,1.84
10066,5/12/2024 7:35:00 AM,1.84
10066,5/12/2024 7:35:10 AM,1.85
10066,5/12/2024 7:35:20 AM,1.85
10066,5/12/2024 7:35:30 AM,1.85
10066,5/12/2024 7:35:40 AM,1.85
10066,5/12/2024 7:35:50 AM,1.85
10066,5/12/2024 7:36:00 AM,1.85
10066,5/12/2024 7:36:10 AM,1.85
10066,5/12/2024 7:36:20 AM,1.86
10066,5/12/2024 7:36:30 AM,1.86
10066,5/12/2024 7:36:40 AM,1.86
10066,5/12/2024 7:36:50 AM,1.86
10066,5/12/2024 7:37:00 AM,1.86
10066,5/12/2024 7:37:10 AM,1.86
10066,5/12/2024 7:37:20 AM,1.86
10066,5/12/2024 7:37:30 AM,1.87
10066,5/12/2024 7:37:40 AM,1.87
10066,5/12/2024 7:37:50 AM,1.87
10066,5/12/2024 7:38:00 AM,1.87
10066,5/12/2024 7:38:10 AM,1.87
10066,5/12/2024 7:38:20 AM,1.87
10066,5/12/2024 7:38:30 AM,1.87
10066,5/12/2024 7:38:40 AM,1.88
10066,5/12/2024 7:38:50 AM,1.88
10066,5/12/2024 7:39:00 AM,1.88
10066,5/12/2024 7:39:10 AM,1.88
10066,5/12/2024 7:39:20 AM,1.88
10066,5/12/2024 7:39:30 AM,1.88
10066,5/12/2024 7:39:40 AM,1.88
10066,5/12/2024 7:39:50 AM,1.89
10066,5/12/2024 7:40:00 AM,1.89
10066,5/12/2024 7:40:10 AM,1.89
10066,5/12/2024 7:40:20 AM,1.89
10066,5/12/2024 7:40:30 AM,1.89
10066,5/12/2024 7:40:40 AM,1.89
10066,5/12/2024 7:40:50 AM,1.89
10066,5/12/2024 7:41:00 AM,1.90
10066,5/12/2024 7:41:10 AM,1.90
10066,5/12/2024 7:41:20 AM,1.90
10066,5/12/2024 7:41:30 AM,1.90
10066,5/12/2024 7:41:40 AM,1.75
10066,5/12/2024 7:41:50 AM,1.57
10066,5/12/2024 7:42:00 AM,1.40
10066,5/12/2024 7:42:10 AM,1.22
10066,5/12/2024 7:42:20 AM,1.20
10066,5/12/2024 7:42:30 AM,1.21
10066,5/12/2024 7:42:40 AM,1.21
10066,5/12/2024 7:42:50 AM,1.21
10066,5/12/2024 7:43:00 AM,1.22
10066,5/12/2024 7:43:10 AM,1.22
10066,5/12/2024 7:43:20 AM,1.22
10066,5/12/2024 7:43:30 AM,1.22
10066,5/12/2024 7:43:40 AM,1.23
10066,5/12/2024 7:43:50 AM,1.23
10066,5/12/2024 7:44:00 AM,1.23
10066,5/12/2024 7:44:10 AM,1.24
10066,5/12/2024 7:44:20 AM,1.24
10066,5/12/2024 7:44:30 AM,1.24
10066,5/12/2024 7:44:40 AM,1.25
10066,5/12/2024 7:44:50 AM,1.25
10066,5/12/2024 7:45:00 AM,1.25
10066,5/12/2024 7:45:10 AM,1.25
10066,5/12/2024 7:45:20 AM,1.26
10066,5/12/2024 7:45:30 AM,1.26
10066,5/12/2024 7:45:40 AM,1.26
10066,5/12/2024 7:45:50 AM,1.27
10066,5/12/2024 7:46:00 AM,1.27
10066,5/12/2024 7:46:10 AM,1.27
10066,5/12/2024 7:46:20 AM,1.28
10066,5/12/2024 7:46:30 AM,1.28
10066,5/12/2024 7:46:40 AM,1.28
10066,5/12/2024 7:46:50 AM,1.28
10066,5/12/2024 7:47:00 AM,1.29
10066,5/12/2024 7:47:10 AM,1.29
10066,5/12/2024 7:47:20 AM,1.29
10066,5/12/2024 7:47:30 AM,1.30
10066,5/12/2024 7:47:40 AM,1.30
10066,5/12/2024 7:47:50 AM,1.30
10066,5/12/2024 7:48:00 AM,1.31
10066,5/12/2024 7:48:10 AM,1.31
10066,5/12/2024 7:48:20 AM,1.31
10066,5/12/2024 7:48:30 AM,1.31
10066,5/12/2024 7:48:40 AM,1.32
10066,5/12/2024 7:48:50 AM,1.32
10066,5/12/2024 7:49:00 AM,1.32
10066,5/12/2024 7:49:10 AM,1.33
10066,5/12/2024 7:49:20 AM,1.33
10066,5/12/2024 7:49:30 AM,1.33
10066,5/12/2024 7:49:40 AM,1.34
10066,5/12/2024 7:49:50 AM,1.34
10066,5/12/2024 7:50:00 AM,1.34
10066,5/12/2024 7:50:10 AM,1.34
10066,5/12/2024 7:50:20 AM,1.35
10066,5/12/2024 7:50:30 AM,1.35
10066,5/12/2024 7:50:40 AM,1.35
10066,5/12/2024 7:50:50 AM,1.36
10066,5/12/2024 7:51:00 AM,1.36
10066,5/12/2024 7:51:10 AM,1.36
10066,5/12/2024 7:51:20 AM,1.37
10066,5/12/2024 7:51:30 AM,1.37
10066,5/12/2024 7:51:40 AM,1.37
10066,5/12/2024 7:51:50 AM,1.37
10066,5/12/2024 7:52:00 AM,1.38
10066,5/12/2024 7:52:10 AM,1.38
10066,5/12/2024 7:52:20 AM,1.38
10066,5/12/2024 7:52:30 AM,1.39
10066,5/12/2024 7:52:40 AM,1.39
10066,5/12/2024 7:52:50 AM,1.39
10066,5/12/2024 7:53:00 AM,1.40
10066,5/12/2024 7:53:10 AM,1.40
10066,5/12/2024 7:53:20 AM,1.40
10066,5/12/2024 7:53:30 AM,1.40
10066,5/12/2024 7:53:40 AM,1.41
10066,5/12/2024 7:53:50 AM,1.41
10066,5/12/2024 7:54:00 AM,1.41
10066,5/12/2024 7:54:10 AM,1.42
10066,5/12/2024 7:54:20 AM,1.42
10066,5/12/2024 7:54:30 AM,1.42
10066,5/12/2024 7:54:40 AM,1.43
10066,5/12/2024 7:54:50 AM,1.43
10066,5/12/2024 7:55:00 AM,1.43
10066,5/12/2024 7:55:10 AM,1.43
10066,5/12/2024 7:55:20 AM,1.44
10066,5/12/2024 7:55:30 AM,1.44
10066,5/12/2024 7:55:40 AM,1.44
10066,5/12/2024 7:55:50 AM,1.45
10066,5/12/2024 7:56:00 AM,1.45
10066,5/12/2024 7:56:10 AM,1.45
10066,5/12/2024 7:56:20 AM,1.46
10066,5/12/2024 7:56:30 AM,1.46
10066,5/12/2024 7:56:40 AM,1.46
10066,5/12/2024 7:56:50 AM,1.46
10066,5/12/2024 7:57:00 AM,1.47
10066,5/12/2024 7:57:10 AM,1.47
10066,5/12/2024 7:57:20 AM,1.47
10066,5/12/2024 7:57:30 AM,1.48
10066,5/12/2024 7:57:40 AM,1.48
10066,5/12/2024 7:57:50 AM,1.48
10066,5/12/2024 7:58:00 AM,1.49
10066,5/12/2024 7:58:10 AM,1.49
10066,5/12/2024 7:58:20 AM,1.49
10066,5/12/2024 7:58:30 AM,1.49
10066,5/12/2024 7:58:40 AM,1.50
10066,5/12/2024 7:58:50 AM,1.50
10066,5/12/2024 7:59:00 AM,1.50
10066,5/12/2024 7:59:10 AM,1.51
10066,5/12/2024 7:59:20 AM,1.51
10066,5/12/2024 7:59:30 AM,1.51
10066,5/12/2024 7:59:40 AM,1.52
10066,5/12/2024 7:59:50 AM,1.52
10066,5/12/2024 8:00:00 AM,1.52
10066,5/12/2024 8:00:10 AM,1.52
10066,5/12/2024 8:00:20 AM,1.53
10066,5/12/2024 8:00:30 AM,1.53
10066,5/12/2024 8:00:40 AM,1.53
10066,5/12/2024 8:00:50 AM,1.54
10066,5/12/2024 8:01:00 AM,1.54
10066,5/12/2024 8:01:10 AM,1.54
10066,5/12/2024 8:01:20 AM,1.55
10066,5/12/2024 8:01:30 AM,1.55
10066,5/12/2024 8:01:40 AM,1.55
10066,5/12/2024 8:01:50 AM,1.55
10066,5/12/2024 8:02:00 AM,1.56
10066,5/12/2024 8:02:10 AM,1.56
10066,5/12/2024 8:02:20 AM,1.56
10066,5/12/2024 8:02:30 AM,1.57
10066,5/12/2024 8:02:40 AM,1.57
10066,5/12/2024 8:02:50 AM,1.57
10066,5/12/2024 8:03:00 AM,1.58
10066,5/12/2024 8:03:10 AM,1.58
10066,5/12/2024 8:03:20 AM,1.58
10066,5/12/2024 8:03:30 AM,1.58
10066,5/12/2024 8:03:40 AM,1.59
10066,5/12/2024 8:03:50 AM,1.59
10066,5/12/2024 8:04:00 AM,1.59
10066,5/12/2024 8:04:10 AM,1.60
10066,5/12/2024 8:04:20 AM,1.60
10066,5/12/2024 8:04:30 AM,1.60
10066,5/12/2024 8:04:40 AM,1.61
10066,5/12/2024 8:04:50 AM,1.61
10066,5/12/2024 8:05:00 AM,1.61
10066,5/12/2024 8:05:10 AM,1.61
10066,5/12/2024 8:05:20 AM,1.62
10066,5/12/2024 8:05:30 AM,1.62
10066,5/12/2024 8:05:40 AM,1.62
10066,5/12/2024 8:05:50 AM,1.63
10066,5/12/2024 8:06:00 AM,1.63
10066,5/12/2024 8:06:10 AM,1.63
10066,5/12/2024 8:06:20 AM,1.64
10066,5/12/2024 8:06:30 AM,1.64
10066,5/12/2024 8:06:40 AM,1.64
10066,5/12/2024 8:06:50 AM,1.64
10066,5/12/2024 8:07:00 AM,1.65
10066,5/12/2024 8:07:10 AM,1.65
10066,5/12/2024 8:07:20 AM,1.65
10066,5/12/2024 8:07:30 AM,1.66
10066,5/12/2024 8:07:40 AM,1.66
10066,5/12/2024 8:07:50 AM,1.66
10066,5/12/2024 8:08:00 AM,1.67
10066,5/12/2024 8:08:10 AM,1.67
10066,5/12/2024 8:08:20 AM,1.67
10066,5/12/2024 8:08:30 AM,1.67
10066,5/12/2024 8:08:40 AM,1.68
10066,5/12/2024 8:08:50 AM,1.68
10066,5/12/2024 8:09:00 AM,1.68
10066,5/12/2024 8:09:10 AM,1.69
10066,5/12/2024 8:09:20 AM,1.69
10066,5/12/2024 8:09:30 AM,1.69
10066,5/12/2024 8:09:40 AM,1.70
10066,5/12/2024 8:09:50 AM,1.70
10066,5/12/2024 8:10:00 AM,1.70
10066,5/12/2024 8:10:10 AM,1.70
10066,5/12/2024 8:10:20 AM,1.71
10066,5/12/2024 8:10:30 AM,1.71
10066,5/12/2024 8:10:40 AM,1.71
10066,5/12/2024 8:10:50 AM,1.72
10066,5/12/2024 8:11:00 AM,1.72
10066,5/12/2024 8:11:10 AM,1.72
10066,5/12/2024 8:11:20 AM,1.73
10066,5/12/2024 8:11:30 AM,1.73
10066,5/12/2024 8:11:40 AM,1.73
10066,5/12/2024 8:11:50 AM,1.73
10066,5/12/2024 8:12:00 AM,1.74
10066,5/12/2024 8:12:10 AM,1.74
10066,5/12/2024 8:12:20 AM,1.74
10066,5/12/2024 8:12:30 AM,1.75
10066,5/12/2024 8:12:40 AM,1.75
10066,5/12/2024 8:12:50 AM,1.75
10066,5/12/2024 8:13:00 AM,1.76
10066,5/12/2024 8:13:10 AM,1.76
10066,5/12/2024 8:13:20 AM,1.76
10066,5/12/2024 8:13:30 AM,1.76
10066,5/12/2024 8:13:40 AM,1.77
10066,5/12/2024 8:13:50 AM,1.77
10066,5/12/2024 8:14:00 AM,1.77
10066,5/12/2024 8:14:10 AM,1.78
10066,5/12/2024 8:14:20 AM,1.78
10066,5/12/2024 8:14:30 AM,1.78
10066,5/12/2024 8:14:40 AM,1.79
10066,5/12/2024 8:14:50 AM,1.79
10066,5/12/2024 8:15:00 AM,1.79
10066,5/12/2024 8:15:10 AM,1.79
10066,5/12/2024 8:15:20 AM,1.80
10066,5/12/2024 8:15:30 AM,1.80
10066,5/12/2024 8:15:40 AM,1.80
10066,5/12/2024 8:15:50 AM,1.81
10066,5/12/2024 8:16:00 AM,1.81
10066,5/12/2024 8:16:10 AM,1.81
10066,5/12/2024 8:16:20 AM,1.82
10066,5/12/2024 8:16:30 AM,1.82
10066,5/12/2024 8:16:40 AM,1.82
10066,5/12/2024 8:16:50 AM,1.82
10066,5/12/2024 8:17:00 AM,1.83
10066,5/12/2024 8:17:10 AM,1.83
10066,5/12/2024 8:17:20 AM,1.83
10066,5/12/2024 8:17:30 AM,1.84
10066,5/12/2024 8:17:40 AM,1.84
10066,5/12/2024 8:17:50 AM,1.84
10066,5/12/2024 8:18:00 AM,1.85
10066,5/12/2024 8:18:10 AM,1.85
10066,5/12/2024 8:18:20 AM,1.85
10066,5/12/2024 8:18:30 AM,1.85
10066,5/12/2024 8:18:40 AM,1.86
10066,5/12/2024 8:18:50 AM,1.86
10066,5/12/2024 8:19:00 AM,1.86
10066,5/12/2024 8:19:10 AM,1.87
10066,5/12/2024 8:19:20 AM,1.87
10066,5/12/2024 8:19:30 AM,1.87
10066,5/12/2024 8:19:40 AM,1.88
10066,5/12/2024 8:19:50 AM,1.88
10066,5/12/2024 8:20:00 AM,1.88
10066,5/12/2024 8:20:10 AM,1.88
10066,5/12/2024 8:20:20 AM,1.89
10066,5/12/2024 8:20:30 AM,1.89
10066,5/12/2024 8:20:40 AM,1.89
10066,5/12/2024 8:20:50 AM,1.90
10066,5/12/2024 8:21:00 AM,1.90
10066,5/12/2024 8:21:10 AM,1.59
10066,5/12/2024 8:21:20 AM,1.12
10066,5/12/2024 8:21:30 AM,0.65
10066,5/12/2024 8:21:40 AM,0.61
10066,5/12/2024 8:21:50 AM,0.62
10066,5/12/2024 8:22:00 AM,0.63
10066,5/12/2024 8:22:10 AM,0.64
10066,5/12/2024 8:22:20 AM,0.65
10066,5/12/2024 8:22:30 AM,0.66
10066,5/12/2024 8:22:40 AM,0.67
10066,5/12/2024 8:22:50 AM,0.68
10066,5/12/2024 8:23:00 AM,0.69
10066,5/12/2024 8:23:10 AM,0.70
10066,5/12/2024 8:23:20 AM,0.71
10066,5/12/2024 8:23:30 AM,0.72
10066,5/12/2024 8:23:40 AM,0.73
10066,5/12/2024 8:23:50 AM,0.74
10066,5/12/2024 8:24:00 AM,0.75
10066,5/12/2024 8:24:10 AM,0.76
10066,5/12/2024 8:24:20 AM,0.77
10066,5/12/2024 8:24:30 AM,0.78
10066,5/12/2024 8:24:40 AM,0.79
10066,5/12/2024 8:24:50 AM,0.80
10066,5/12/2024 8:25:00 AM,0.81
10066,5/12/2024 8:25:10 AM,0.82
10066,5/12/2024 8:25:20 AM,0.83
10066,5/12/2024 8:25:30 AM,0.84
10066,5/12/2024 8:25:40 AM,0.86
10066,5/12/2024 8:25:50 AM,0.87
10066,5/12/2024 8:26:00 AM,0.88
10066,5/12/2024 8:26:10 AM,0.89
10066,5/12/2024 8:26:20 AM,0.90
10066,5/12/2024 8:26:30 AM,0.91
10066,5/12/2024 8:26:40 AM,0.92
10066,5/12/2024 8:26:50 AM,0.93
10066,5/12/2024 8:27:00 AM,0.94
10066,5/12/2024 8:27:10 AM,0.95
10066,5/12/2024 8:27:20 AM,0.96
10066,5/12/2024 8:27:30 AM,0.97
10066,5/12/2024 8:27:40 AM,0.98
10066,5/12/2024 8:27:50 AM,0.99
10066,5/12/2024 8:28:00 AM,1.00
10066,5/12/2024 8:28:10 AM,1.01
10066,5/12/2024 8:28:20 AM,1.02
10066,5/12/2024 8:28:30 AM,1.03
10066,5/12/2024 8:28:40 AM,1.04
10066,5/12/2024 8:28:50 AM,1.05
10066,5/12/2024 8:29:00 AM,1.06
10066,5/12/2024 8:29:10 AM,1.07
10066,5/12/2024 8:29:20 AM,1.08
10066,5/12/2024 8:29:30 AM,1.09
10066,5/12/2024 8:29:40 AM,1.10
10066,5/12/2024 8:29:50 AM,1.11
10066,5/12/2024 8:30:00 AM,1.12
10066,5/12/2024 8:30:10 AM,1.13
10066,5/12/2024 8:30:20 AM,1.14
10066,5/12/2024 8:30:30 AM,1.15
10066,5/12/2024 8:30:40 AM,1.16
10066,5/12/2024 8:30:50 AM,1.17
10066,5/12/2024 8:31:00 AM,1.18
10066,5/12/2024 8:31:10 AM,1.19
10066,5/12/2024 8:31:20 AM,1.20
10066,5/12/2024 8:31:30 AM,1.21
10066,5/12/2024 8:31:40 AM,1.22
10066,5/12/2024 8:31:50 AM,1.23
10066,5/12/2024 8:32:00 AM,1.24
10066,5/12/2024 8:32:10 AM,1.25
10066,5/12/2024 8:32:20 AM,1.26
10066,5/12/2024 8:32:30 AM,1.27
10066,5/12/2024 8:32:40 AM,1.29
10066,5/12/2024 8:32:50 AM,1.30
10066,5/12/2024 8:33:00 AM,1.31
10066,5/12/2024 8:33:10 AM,1.32
10066,5/12/2024 8:33:20 AM,1.33
10066,5/12/2024 8:33:30 AM,1.34
10066,5/12/2024 8:33:40 AM,1.35
10066,5/12/2024 8:33:50 AM,1.36
10066,5/12/2024 8:34:00 AM,1.37
10066,5/12/2024 8:34:10 AM,1.38
10066,5/12/2024 8:34:20 AM,1.39
10066,5/12/2024 8:34:30 AM,1.40
10066,5/12/2024 8:34:40 AM,1.41
10066,5/12/2024 8:34:50 AM,1.42
10066,5/12/2024 8:35:00 AM,1.43
10066,5/12/2024 8:35:10 AM,1.44
10066,5/12/2024 8:35:20 AM,1.45
10066,5/12/2024 8:35:30 AM,1.46
10066,5/12/2024 8:35:40 AM,1.47
10066,5/12/2024 8:35:50 AM,1.48
10066,5/12/2024 8:36:00 AM,1.49
10066,5/12/2024 8:36:10 AM,1.50
10066,5/12/2024 8:36:20 AM,1.51
10066,5/12/2024 8:36:30 AM,1.52
10066,5/12/2024 8:36:40 AM,1.53
10066,5/12/2024 8:36:50 AM,1.54
10066,5/12/2024 8:37:00 AM,1.55
10066,5/12/2024 8:37:10 AM,1.56
10066,5/12/2024 8:37:20 AM,1.57
10066,5/12/2024 8:37:30 AM,1.58
10066,5/12/2024 8:37:40 AM,1.59
10066,5/12/2024 8:37:50 AM,1.60
10066,5/12/2024 8:38:00 AM,1.61
10066,5/12/2024 8:38:10 AM,1.62
10066,5/12/2024 8:38:20 AM,1.63
10066,5/12/2024 8:38:30 AM,1.64
10066,5/12/2024 8:38:40 AM,1.65
10066,5/12/2024 8:38:50 AM,1.66
10066,5/12/2024 8:39:00 AM,1.67
10066,5/12/2024 8:39:10 AM,1.68
10066,5/12/2024 8:39:20 AM,1.69
10066,5/12/2024 8:39:30 AM,1.70
10066,5/12/2024 8:39:40 AM,1.72
10066,5/12/2024 8:39:50 AM,1.73
10066,5/12/2024 8:40:00 AM,1.74
10066,5/12/2024 8:40:10 AM,1.75
10066,5/12/2024 8:40:20 AM,1.76
10066,5/12/2024 8:40:30 AM,1.77
10066,5/12/2024 8:40:40 AM,1.78
10066,5/12/2024 8:40:50 AM,1.79
10066,5/12/2024 8:41:00 AM,1.80
10066,5/12/2024 8:41:10 AM,1.81
10066,5/12/2024 8:41:20 AM,1.82
10066,5/12/2024 8:41:30 AM,1.83
10066,5/12/2024 8:41:40 AM,1.84
10066,5/12/2024 8:41:50 AM,1.85
10066,5/12/2024 8:42:00 AM,1.86
10066,5/12/2024 8:42:10 AM,1.87
10066,5/12/2024 8:42:20 AM,1.88
10066,5/12/2024 8:42:30 AM,1.89
10066,5/12/2024 8:42:40 AM,1.90
10066,5/12/2024 8:42:50 AM,1.63
10066,5/12/2024 8:43:00 AM,1.33
10066,5/12/2024 8:43:10 AM,1.03
10066,5/12/2024 8:43:20 AM,1.00
10066,5/12/2024 8:43:30 AM,1.00
10066,5/12/2024 8:43:40 AM,1.00
10066,5/12/2024 8:43:50 AM,1.00
10066,5/12/2024 8:44:00 AM,1.01
10066,5/12/2024 8:44:10 AM,1.01
10066,5/12/2024 8:44:20 AM,1.01
10066,5/12/2024 8:44:30 AM,1.01
10066,5/12/2024 8:44:40 AM,1.01
10066,5/12/2024 8:44:50 AM,1.01
10066,5/12/2024 8:45:00 AM,1.01
10066,5/12/2024 8:45:10 AM,1.01
10066,5/12/2024 8:45:20 AM,1.01
10066,5/12/2024 8:45:30 AM,1.01
10066,5/12/2024 8:45:40 AM,1.02
10066,5/12/2024 8:45:50 AM,1.02
10066,5/12/2024 8:46:00 AM,1.02
10066,5/12/2024 8:46:10 AM,1.02
10066,5/12/2024 8:46:20 AM,1.02
10066,5/12/2024 8:46:30 AM,1.02
10066,5/12/2024 8:46:40 AM,1.02
10066,5/12/2024 8:46:50 AM,1.02
10066,5/12/2024 8:47:00 AM,1.02
10066,5/12/2024 8:47:10 AM,1.02
10066,5/12/2024 8:47:20 AM,1.02
10066,5/12/2024 8:47:30 AM,1.03
10066,5/12/2024 8:47:40 AM,1.03
10066,5/12/2024 8:47:50 AM,1.03
10066,5/12/2024 8:48:00 AM,1.03
10066,5/12/2024 8:48:10 AM,1.03
10066,5/12/2024 8:48:20 AM,1.03
10066,5/12/2024 8:48:30 AM,1.03
10066,5/12/2024 8:48:40 AM,1.03
10066,5/12/2024 8:48:50 AM,1.03
10066,5/12/2024 8:49:00 AM,1.03
10066,5/12/2024 8:49:10 AM,1.04
10066,5/12/2024 8:49:20 AM,1.04
10066,5/12/2024 8:49:30 AM,1.04
10066,5/12/2024 8:49:40 AM,1.04
10066,5/12/2024 8:49:50 AM,1.04
10066,5/12/2024 8:50:00 AM,1.04
10066,5/12/2024 8:50:10 AM,1.04
10066,5/12/2024 8:50:20 AM,1.04
10066,5/12/2024 8:50:30 AM,1.04
10066,5/12/2024 8:50:40 AM,1.04
10066,5/12/2024 8:50:50 AM,1.05
10066,5/12/2024 8:51:00 AM,1.05
10066,5/12/2024 8:51:10 AM,1.05
10066,5/12/2024 8:51:20 AM,1.05
10066,5/12/2024 8:51:30 AM,1.05
10066,5/12/2024 8:51:40 AM,1.05
10066,5/12/2024 8:51:50 AM,1.05
10066,5/12/2024 8:52:00 AM,1.05
10066,5/12/2024 8:52:10 AM,1.05
10066,5/12/2024 8:52:20 AM,1.05
10066,5/12/2024 8:52:30 AM,1.06
10066,5/12/2024 8:52:40 AM,1.06
10066,5/12/2024 8:52:50 AM,1.06
10066,5/12/2024 8:53:00 AM,1.06
10066,5/12/2024 8:53:10 AM,1.06
10066,5/12/2024 8:53:20 AM,1.06
10066,5/12/2024 8:53:30 AM,1.06
10066,5/12/2024 8:53:40 AM,1.06
10066,5/12/2024 8:53:50 AM,1.06
10066,5/12/2024 8:54:00 AM,1.06
10066,5/12/2024 8:54:10 AM,1.06
10066,5/12/2024 8:54:20 AM,1.07
10066,5/12/2024 8:54:30 AM,1.07
10066,5/12/2024 8:54:40 AM,1.07
10066,5/12/2024 8:54:50 AM,1.07
10066,5/12/2024 8:55:00 AM,1.07
10066,5/12/2024 8:55:10 AM,1.07
10066,5/12/2024 8:55:20 AM,1.07
10066,5/12/2024 8:55:30 AM,1.07
10066,5/12/2024 8:55:40 AM,1.07
10066,5/12/2024 8:55:50 AM,1.07
10066,5/12/2024 8:56:00 AM,1.08
10066,5/12/2024 8:56:10 AM,1.08
10066,5/12/2024 8:56:20 AM,1.08
10066,5/12/2024 8:56:30 AM,1.08
10066,5/12/2024 8:56:40 AM,1.08
10066,5/12/2024 8:56:50 AM,1.08
10066,5/12/2024 8:57:00 AM,1.08
10066,5/12/2024 8:57:10 AM,1.08
10066,5/12/2024 8:57:20 AM,1.08
10066,5/12/2024 8:57:30 AM,1.08
10066,5/12/2024 8:57:40 AM,1.09
10066,5/12/2024 8:57:50 AM,1.09
10066,5/12/2024 8:58:00 AM,1.09
10066,5/12/2024 8:58:10 AM,1.09
10066,5/12/2024 8:58:20 AM,1.09
10066,5/12/2024 8:58:30 AM,1.09
10066,5/12/2024 8:58:40 AM,1.09
10066,5/12/2024 8:58:50 AM,1.09
10066,5/12/2024 8:59:00 AM,1.09
10066,5/12/2024 8:59:10 AM,1.09
10066,5/12/2024 8:59:20 AM,1.10
10066,5/12/2024 8:59:30 AM,1.10
10066,5/12/2024 8:59:40 AM,1.10
10066,5/12/2024 8:59:50 AM,1.10
10066,5/12/2024 9:00:00 AM,1.10
10066,5/12/2024 9:00:10 AM,1.10
10066,5/12/2024 9:00:20 AM,1.12
10066,5/12/2024 9:00:30 AM,1.16
10066,5/12/2024 9:00:40 AM,1.21
10066,5/12/2024 9:00:50 AM,1.25
10066,5/12/2024 9:01:00 AM,1.29
10066,5/12/2024 9:01:10 AM,1.33
10066,5/12/2024 9:01:20 AM,1.38
10066,5/12/2024 9:01:30 AM,1.42
10066,5/12/2024 9:01:40 AM,1.46
10066,5/12/2024 9:01:50 AM,1.50
10066,5/12/2024 9:02:00 AM,1.55
10066,5/12/2024 9:02:10 AM,1.59
10066,5/12/2024 9:02:20 AM,1.63
10066,5/12/2024 9:02:30 AM,1.67
10066,5/12/2024 9:02:40 AM,1.72
10066,5/12/2024 9:02:50 AM,1.76
10066,5/12/2024 9:03:00 AM,1.80
10066,5/12/2024 9:03:10 AM,1.84
10066,5/12/2024 9:03:20 AM,1.89
10066,5/12/2024 9:03:30 AM,1.80
10066,5/12/2024 9:03:40 AM,1.65
10066,5/12/2024 9:03:50 AM,1.50
10066,5/12/2024 9:04:00 AM,1.35
10066,5/12/2024 9:04:10 AM,1.34
10066,5/12/2024 9:04:20 AM,1.39
10066,5/12/2024 9:04:30 AM,1.45
10066,5/12/2024 9:04:40 AM,1.50
10066,5/12/2024 9:04:50 AM,1.56
10066,5/12/2024 9:05:00 AM,1.61
10066,5/12/2024 9:05:10 AM,1.67
10066,5/12/2024 9:05:20 AM,1.72
10066,5/12/2024 9:05:30 AM,1.77
10066,5/12/2024 9:05:40 AM,1.83
10066,5/12/2024 9:05:50 AM,1.88
10066,5/12/2024 9:06:00 AM,1.94
10066,5/12/2024 9:06:10 AM,1.99
10066,5/12/2024 9:06:20 AM,1.83
10066,5/12/2024 9:06:30 AM,1.63
10066,5/12/2024 9:06:40 AM,1.42
10066,5/12/2024 9:06:50 AM,1.22
10066,5/12/2024 9:07:00 AM,1.20
10066,5/12/2024 9:07:10 AM,1.20
10066,5/12/2024 9:07:20 AM,1.20
10066,5/12/2024 9:07:30 AM,1.21
10066,5/12/2024 9:07:40 AM,1.21
10066,5/12/2024 9:07:50 AM,1.21
10066,5/12/2024 9:08:00 AM,1.21
10066,5/12/2024 9:08:10 AM,1.21
10066,5/12/2024 9:08:20 AM,1.21
10066,5/12/2024 9:08:30 AM,1.21
10066,5/12/2024 9:08:40 AM,1.21
10066,5/12/2024 9:08:50 AM,1.22
10066,5/12/2024 9:09:00 AM,1.22
10066,5/12/2024 9:09:10 AM,1.22
10066,5/12/2024 9:09:20 AM,1.22
10066,5/12/2024 9:09:30 AM,1.22
10066,5/12/2024 9:09:40 AM,1.22
10066,5/12/2024 9:09:50 AM,1.22
10066,5/12/2024 9:10:00 AM,1.23
10066,5/12/2024 9:10:10 AM,1.23
10066,5/12/2024 9:10:20 AM,1.23
10066,5/12/2024 9:10:30 AM,1.23
10066,5/12/2024 9:10:40 AM,1.23
10066,5/12/2024 9:10:50 AM,1.23
10066,5/12/2024 9:11:00 AM,1.23
10066,5/12/2024 9:11:10 AM,1.23
10066,5/12/2024 9:11:20 AM,1.24
10066,5/12/2024 9:11:30 AM,1.24
10066,5/12/2024 9:11:40 AM,1.24
10066,5/12/2024 9:11:50 AM,1.24
10066,5/12/2024 9:12:00 AM,1.24
10066,5/12/2024 9:12:10 AM,1.24
10066,5/12/2024 9:12:20 AM,1.24
10066,5/12/2024 9:12:30 AM,1.24
10066,5/12/2024 9:12:40 AM,1.25
10066,5/12/2024 9:12:50 AM,1.25
10066,5/12/2024 9:13:00 AM,1.25
10066,5/12/2024 9:13:10 AM,1.25
10066,5/12/2024 9:13:20 AM,1.25
10066,5/12/2024 9:13:30 AM,1.25
10066,5/12/2024 9:13:40 AM,1.25
10066,5/12/2024 9:13:50 AM,1.26
10066,5/12/2024 9:14:00 AM,1.26
10066,5/12/2024 9:14:10 AM,1.26
10066,5/12/2024 9:14:20 AM,1.26
10066,5/12/2024 9:14:30 AM,1.26
10066,5/12/2024 9:14:40 AM,1.26
10066,5/12/2024 9:14:50 AM,1.26
10066,5/12/2024 9:15:00 AM,1.26
10066,5/12/2024 9:15:10 AM,1.27
10066,5/12/2024 9:15:20 AM,1.27
10066,5/12/2024 9:15:30 AM,1.27
10066,5/12/2024 9:15:40 AM,1.27
10066,5/12/2024 9:15:50 AM,1.27
10066,5/12/2024 9:16:00 AM,1.27
10066,5/12/2024 9:16:10 AM,1.27
10066,5/12/2024 9:16:20 AM,1.27
10066,5/12/2024 9:16:30 AM,1.28
10066,5/12/2024 9:16:40 AM,1.28
10066,5/12/2024 9:16:50 AM,1.28
10066,5/12/2024 9:17:00 AM,1.28
10066,5/12/2024 9:17:10 AM,1.28
10066,5/12/2024 9:17:20 AM,1.28
10066,5/12/2024 9:17:30 AM,1.28
10066,5/12/2024 9:17:40 AM,1.29
10066,5/12/2024 9:17:50 AM,1.29
10066,5/12/2024 9:18:00 AM,1.29
10066,5/12/2024 9:18:10 AM,1.29
10066,5/12/2024 9:18:20 AM,1.29
10066,5/12/2024 9:18:30 AM,1.29
10066,5/12/2024 9:18:40 AM,1.29
10066,5/12/2024 9:18:50 AM,1.29
10066,5/12/2024 9:19:00 AM,1.30
10066,5/12/2024 9:19:10 AM,1.30
10066,5/12/2024 9:19:20 AM,1.30
10066,5/12/2024 9:19:30 AM,1.30
10066,5/12/2024 9:19:40 AM,1.30
10066,5/12/2024 9:19:50 AM,1.30
10066,5/12/2024 9:20:00 AM,1.30
10066,5/12/2024 9:20:10 AM,1.30
10066,5/12/2024 9:20:20 AM,1.31
10066,5/12/2024 9:20:30 AM,1.31
10066,5/12/2024 9:20:40 AM,1.31
10066,5/12/2024 9:20:50 AM,1.31
10066,5/12/2024 9:21:00 AM,1.31
10066,5/12/2024 9:21:10 AM,1.31
10066,5/12/2024 9:21:20 AM,1.31
10066,5/12/2024 9:21:30 AM,1.32
10066,5/12/2024 9:21:40 AM,1.32
10066,5/12/2024 9:21:50 AM,1.32
10066,5/12/2024 9:22:00 AM,1.32
10066,5/12/2024 9:22:10 AM,1.32
10066,5/12/2024 9:22:20 AM,1.32
10066,5/12/2024 9:22:30 AM,1.32
10066,5/12/2024 9:22:40 AM,1.32
10066,5/12/2024 9:22:50 AM,1.33
10066,5/12/2024 9:23:00 AM,1.33
10066,5/12/2024 9:23:10 AM,1.33
10066,5/12/2024 9:23:20 AM,1.33
10066,5/12/2024 9:23:30 AM,1.33
10066,5/12/2024 9:23:40 AM,1.33
10066,5/12/2024 9:23:50 AM,1.33
10066,5/12/2024 9:24:00 AM,1.33
10066,5/12/2024 9:24:10 AM,1.34
10066,5/12/2024 9:24:20 AM,1.34
10066,5/12/2024 9:24:30 AM,1.34
10066,5/12/2024 9:24:40 AM,1.34
10066,5/12/2024 9:24:50 AM,1.34
10066,5/12/2024 9:25:00 AM,1.34
10066,5/12/2024 9:25:10 AM,1.34
10066,5/12/2024 9:25:20 AM,1.34
10066,5/12/2024 9:25:30 AM,1.35
10066,5/12/2024 9:25:40 AM,1.35
10066,5/12/2024 9:25:50 AM,1.35
10066,5/12/2024 9:26:00 AM,1.35
10066,5/12/2024 9:26:10 AM,1.35
10066,5/12/2024 9:26:20 AM,1.35
10066,5/12/2024 9:26:30 AM,1.35
10066,5/12/2024 9:26:40 AM,1.36
10066,5/12/2024 9:26:50 AM,1.36
10066,5/12/2024 9:27:00 AM,1.36
10066,5/12/2024 9:27:10 AM,1.36
10066,5/12/2024 9:27:20 AM,1.36
10066,5/12/2024 9:27:30 AM,1.36
10066,5/12/2024 9:27:40 AM,1.36
10066,5/12/2024 9:27:50 AM,1.36
10066,5/12/2024 9:28:00 AM,1.37
10066,5/12/2024 9:28:10 AM,1.37
10066,5/12/2024 9:28:20 AM,1.37
10066,5/12/2024 9:28:30 AM,1.37
10066,5/12/2024 9:28:40 AM,1.37
10066,5/12/2024 9:28:50 AM,1.37
10066,5/12/2024 9:29:00 AM,1.37
10066,5/12/2024 9:29:10 AM,1.37
10066,5/12/2024 9:29:20 AM,1.38
10066,5/12/2024 9:29:30 AM,1.38
10066,5/12/2024 9:29:40 AM,1.38
10066,5/12/2024 9:29:50 AM,1.38
10066,5/12/2024 9:30:00 AM,1.38
10066,5/12/2024 9:30:10 AM,1.38
10066,5/12/2024 9:30:20 AM,1.38
10066,5/12/2024 9:30:30 AM,1.39
10066,5/12/2024 9:30:40 AM,1.39
10066,5/12/2024 9:30:50 AM,1.39
10066,5/12/2024 9:31:00 AM,1.39
10066,5/12/2024 9:31:10 AM,1.39
10066,5/12/2024 9:31:20 AM,1.39
10066,5/12/2024 9:31:30 AM,1.39
10066,5/12/2024 9:31:40 AM,1.39
10066,5/12/2024 9:31:50 AM,1.40
10066,5/12/2024 9:32:00 AM,1.40
10066,5/12/2024 9:32:10 AM,1.40
10066,5/12/2024 9:32:20 AM,1.40
10066,5/12/2024 9:32:30 AM,1.40
10066,5/12/2024 9:32:40 AM,1.40
10066,5/12/2024 9:32:50 AM,1.40
10066,5/12/2024 9:33:00 AM,1.40
10066,5/12/2024 9:33:10 AM,1.41
10066,5/12/2024 9:33:20 AM,1.41
10066,5/12/2024 9:33:30 AM,1.41
10066,5/12/2024 9:33:40 AM,1.41
10066,5/12/2024 9:33:50 AM,1.41
10066,5/12/2024 9:34:00 AM,1.41
10066,5/12/2024 9:34:10 AM,1.41
10066,5/12/2024 9:34:20 AM,1.42
10066,5/12/2024 9:34:30 AM,1.42
10066,5/12/2024 9:34:40 AM,1.42
10066,5/12/2024 9:34:50 AM,1.42
10066,5/12/2024 9:35:00 AM,1.42
10066,5/12/2024 9:35:10 AM,1.42
10066,5/12/2024 9:35:20 AM,1.42
10066,5/12/2024 9:35:30 AM,1.42
10066,5/12/2024 9:35:40 AM,1.43
10066,5/12/2024 9:35:50 AM,1.43
10066,5/12/2024 9:36:00 AM,1.43
10066,5/12/2024 9:36:10 AM,1.43
10066,5/12/2024 9:36:20 AM,1.43
10066,5/12/2024 9:36:30 AM,1.43
10066,5/12/2024 9:36:40 AM,1.43
10066,5/12/2024 9:36:50 AM,1.43
10066,5/12/2024 9:37:00 AM,1.44
10066,5/12/2024 9:37:10 AM,1.44
10066,5/12/2024 9:37:20 AM,1.44
10066,5/12/2024 9:37:30 AM,1.44
10066,5/12/2024 9:37:40 AM,1.44
10066,5/12/2024 9:37:50 AM,1.44
10066,5/12/2024 9:38:00 AM,1.44
10066,5/12/2024 9:38:10 AM,1.45
10066,5/12/2024 9:38:20 AM,1.45
10066,5/12/2024 9:38:30 AM,1.45
10066,5/12/2024 9:38:40 AM,1.45
10066,5/12/2024 9:38:50 AM,1.45
10066,5/12/2024 9:39:00 AM,1.45
10066,5/12/2024 9:39:10 AM,1.45
10066,5/12/2024 9:39:20 AM,1.45
10066,5/12/2024 9:39:30 AM,1.46
10066,5/12/2024 9:39:40 AM,1.46
10066,5/12/2024 9:39:50 AM,1.46
10066,5/12/2024 9:40:00 AM,1.46
10066,5/12/2024 9:40:10 AM,1.46
10066,5/12/2024 9:40:20 AM,1.46
10066,5/12/2024 9:40:30 AM,1.46
10066,5/12/2024 9:40:40 AM,1.46
10066,5/12/2024 9:40:50 AM,1.47
10066,5/12/2024 9:41:00 AM,1.47
10066,5/12/2024 9:41:10 AM,1.47
10066,5/12/2024 9:41:20 AM,1.47
10066,5/12/2024 9:41:30 AM,1.47
10066,5/12/2024 9:41:40 AM,1.47
10066,5/12/2024 9:41:50 AM,1.47
10066,5/12/2024 9:42:00 AM,1.48
10066,5/12/2024 9:42:10 AM,1.48
10066,5/12/2024 9:42:20 AM,1.48
10066,5/12/2024 9:42:30 AM,1.48
10066,5/12/2024 9:42:40 AM,1.48
10066,5/12/2024 9:42:50 AM,1.48
10066,5/12/2024 9:43:00 AM,1.48
10066,5/12/2024 9:43:10 AM,1.48
10066,5/12/2024 9:43:20 AM,1.49
10066,5/12/2024 9:43:30 AM,1.49
10066,5/12/2024 9:43:40 AM,1.49
10066,5/12/2024 9:43:50 AM,1.49
10066,5/12/2024 9:44:00 AM,1.49
10066,5/12/2024 9:44:10 AM,1.49
10066,5/12/2024 9:44:20 AM,1.49
10066,5/12/2024 9:44:30 AM,1.49
10066,5/12/2024 9:44:40 AM,1.50
10066,5/12/2024 9:44:50 AM,1.50
10066,5/12/2024 9:45:00 AM,1.50
10066,5/12/2024 9:45:10 AM,1.50
10066,5/12/2024 9:45:20 AM,1.49
10066,5/12/2024 9:45:30 AM,1.47
10066,5/12/2024 9:45:40 AM,1.45
10066,5/12/2024 9:45:50 AM,1.43
10066,5/12/2024 9:46:00 AM,1.40
10066,5/12/2024 9:46:10 AM,1.38
10066,5/12/2024 9:46:20 AM,1.36
10066,5/12/2024 9:46:30 AM,1.34
10066,5/12/2024 9:46:40 AM,1.32
10066,5/12/2024 9:46:50 AM,1.30
10066,5/12/2024 9:47:00 AM,1.28
10066,5/12/2024 9:47:10 AM,1.26
10066,5/12/2024 9:47:20 AM,1.24
10066,5/12/2024 9:47:30 AM,1.22
10066,5/12/2024 9:47:40 AM,1.20
10066,5/12/2024 9:47:50 AM,1.18
10066,5/12/2024 9:48:00 AM,1.16
10066,5/12/2024 9:48:10 AM,1.14
10066,5/12/2024 9:48:20 AM,1.12
10066,5/12/2024 9:48:30 AM,1.10
10066,5/12/2024 9:48:40 AM,1.08
10066,5/12/2024 9:48:50 AM,1.06
10066,5/12/2024 9:49:00 AM,1.04
10066,5/12/2024 9:49:10 AM,1.02
10066,5/12/2024 9:49:20 AM,1.00
10066,5/12/2024 9:49:30 AM,0.98
10066,5/12/2024 9:49:40 AM,0.96
10066,5/12/2024 9:49:50 AM,0.93
10066,5/12/2024 9:50:00 AM,0.91
10066,5/12/2024 9:50:10 AM,0.89
10066,5/12/2024 9:50:20 AM,0.87
10066,5/12/2024 9:50:30 AM,0.85
10066,5/12/2024 9:50:40 AM,0.83
10066,5/12/2024 9:50:50 AM,0.81
10066,5/12/2024 9:51:00 AM,0.79
10066,5/12/2024 9:51:10 AM,0.77
10066,5/12/2024 9:51:20 AM,0.75
10066,5/12/2024 9:51:30 AM,0.73
10066,5/12/2024 9:51:40 AM,0.71
10066,5/12/2024 9:51:50 AM,0.69
10066,5/12/2024 9:52:00 AM,0.67
10066,5/12/2024 9:52:10 AM,0.65
10066,5/12/2024 9:52:20 AM,0.63
10066,5/12/2024 9:52:30 AM,0.61
10066,5/12/2024 9:52:40 AM,0.59
10066,5/12/2024 9:52:50 AM,0.57
10066,5/12/2024 9:53:00 AM,0.55
10066,5/12/2024 9:53:10 AM,0.53
10066,5/12/2024 9:53:20 AM,0.51
10066,5/12/2024 9:53:30 AM,0.48
10066,5/12/2024 9:53:40 AM,0.46
10066,5/12/2024 9:53:50 AM,0.44
10066,5/12/2024 9:54:00 AM,0.42
10066,5/12/2024 9:54:10 AM,0.40
10066,5/12/2024 9:54:20 AM,0.57
10066,5/12/2024 9:54:30 AM,0.75
10066,5/12/2024 9:54:40 AM,0.94
10066,5/12/2024 9:54:50 AM,0.95
10066,5/12/2024 9:55:00 AM,0.88
10066,5/12/2024 9:55:10 AM,0.81
10066,5/12/2024 9:55:20 AM,0.74
10066,5/12/2024 9:55:30 AM,0.67
10066,5/12/2024 9:55:40 AM,0.59
10066,5/12/2024 9:55:50 AM,0.52
10066,5/12/2024 9:56:00 AM,0.45
10066,5/12/2024 9:56:10 AM,0.38
10066,5/12/2024 9:56:20 AM,0.31
10066,5/12/2024 9:56:30 AM,0.60
10066,5/12/2024 9:56:40 AM,0.93
10066,5/12/2024 9:56:50 AM,1.26
10066,5/12/2024 9:57:00 AM,1.30
10066,5/12/2024 9:57:10 AM,1.31
10066,5/12/2024 9:57:20 AM,1.31
10066,5/12/2024 9:57:30 AM,1.31
10066,5/12/2024 9:57:40 AM,1.31
10066,5/12/2024 9:57:50 AM,1.32
10066,5/12/2024 9:58:00 AM,1.32
10066,5/12/2024 9:58:10 AM,1.32
10066,5/12/2024 9:58:20 AM,1.32
10066,5/12/2024 9:58:30 AM,1.33
10066,5/12/2024 9:58:40 AM,1.33
10066,5/12/2024 9:58:50 AM,1.33
10066,5/12/2024 9:59:00 AM,1.34
10066,5/12/2024 9:59:10 AM,1.34
10066,5/12/2024 9:59:20 AM,1.34
10066,5/12/2024 9:59:30 AM,1.34
10066,5/12/2024 9:59:40 AM,1.35
10066,5/12/2024 9:59:50 AM,1.35
10066,5/12/2024 10:00:00 AM,1.35
10066,5/12/2024 10:00:10 AM,1.35
10066,5/12/2024 10:00:20 AM,1.36
10066,5/12/2024 10:00:30 AM,1.36
10066,5/12/2024 10:00:40 AM,1.36
10066,5/12/2024 10:00:50 AM,1.37
10066,5/12/2024 10:01:00 AM,1.37
10066,5/12/2024 10:01:10 AM,1.37
10066,5/12/2024 10:01:20 AM,1.37
10066,5/12/2024 10:01:30 AM,1.38
10066,5/12/2024 10:01:40 AM,1.38
10066,5/12/2024 10:01:50 AM,1.38
10066,5/12/2024 10:02:00 AM,1.38
10066,5/12/2024 10:02:10 AM,1.39
10066,5/12/2024 10:02:20 AM,1.39
10066,5/12/2024 10:02:30 AM,1.39
10066,5/12/2024 10:02:40 AM,1.40
10066,5/12/2024 10:02:50 AM,1.40
10066,5/12/2024 10:03:00 AM,1.40
10066,5/12/2024 10:03:10 AM,1.40
10066,5/12/2024 10:03:20 AM,1.41
10066,5/12/2024 10:03:30 AM,1.41
10066,5/12/2024 10:03:40 AM,1.41
10066,5/12/2024 10:03:50 AM,1.41
10066,5/12/2024 10:04:00 AM,1.42
10066,5/12/2024 10:04:10 AM,1.42
10066,5/12/2024 10:04:20 AM,1.42
10066,5/12/2024 10:04:30 AM,1.43
10066,5/12/2024 10:04:40 AM,1.43
10066,5/12/2024 10:04:50 AM,1.43
10066,5/12/2024 10:05:00 AM,1.43
10066,5/12/2024 10:05:10 AM,1.44
10066,5/12/2024 10:05:20 AM,1.44
10066,5/12/2024 10:05:30 AM,1.44
10066,5/12/2024 10:05:40 AM,1.44
10066,5/12/2024 10:05:50 AM,1.45
10066,5/12/2024 10:06:00 AM,1.45
10066,5/12/2024 10:06:10 AM,1.45
10066,5/12/2024 10:06:20 AM,1.46
10066,5/12/2024 10:06:30 AM,1.46
10066,5/12/2024 10:06:40 AM,1.46
10066,5/12/2024 10:06:50 AM,1.46
10066,5/12/2024 10:07:00 AM,1.47
10066,5/12/2024 10:07:10 AM,1.47
10066,5/12/2024 10:07:20 AM,1.47
10066,5/12/2024 10:07:30 AM,1.47
10066,5/12/2024 10:07:40 AM,1.48
10066,5/12/2024 10:07:50 AM,1.48
10066,5/12/2024 10:08:00 AM,1.48
10066,5/12/2024 10:08:10 AM,1.48
10066,5/12/2024 10:08:20 AM,1.49
10066,5/12/2024 10:08:30 AM,1.49
10066,5/12/2024 10:08:40 AM,1.49
10066,5/12/2024 10:08:50 AM,1.50
10066,5/12/2024 10:09:00 AM,1.50
10066,5/12/2024 10:09:10 AM,1.50
10066,5/12/2024 10:09:20 AM,1.50
10066,5/12/2024 10:09:30 AM,1.51
10066,5/12/2024 10:09:40 AM,1.51
10066,5/12/2024 10:09:50 AM,1.51
10066,5/12/2024 10:10:00 AM,1.51
10066,5/12/2024 10:10:10 AM,1.52
10066,5/12/2024 10:10:20 AM,1.52
10066,5/12/2024 10:10:30 AM,1.52
10066,5/12/2024 10:10:40 AM,1.53
10066,5/12/2024 10:10:50 AM,1.53
10066,5/12/2024 10:11:00 AM,1.53
10066,5/12/2024 10:11:10 AM,1.53
10066,5/12/2024 10:11:20 AM,1.54
10066,5/12/2024 10:11:30 AM,1.54
10066,5/12/2024 10:11:40 AM,1.54
10066,5/12/2024 10:11:50 AM,1.54
10066,5/12/2024 10:12:00 AM,1.55
10066,5/12/2024 10:12:10 AM,1.55
10066,5/12/2024 10:12:20 AM,1.55
10066,5/12/2024 10:12:30 AM,1.56
10066,5/12/2024 10:12:40 AM,1.56
10066,5/12/2024 10:12:50 AM,1.56
10066,5/12/2024 10:13:00 AM,1.56
10066,5/12/2024 10:13:10 AM,1.57
10066,5/12/2024 10:13:20 AM,1.57
10066,5/12/2024 10:13:30 AM,1.57
10066,5/12/2024 10:13:40 AM,1.57
10066,5/12/2024 10:13:50 AM,1.58
10066,5/12/2024 10:14:00 AM,1.58
10066,5/12/2024 10:14:10 AM,1.58
10066,5/12/2024 10:14:20 AM,1.59
10066,5/12/2024 10:14:30 AM,1.59
10066,5/12/2024 10:14:40 AM,1.59
10066,5/12/2024 10:14:50 AM,1.59
10066,5/12/2024 10:15:00 AM,1.60
10066,5/12/2024 10:15:10 AM,1.60
10066,5/12/2024 10:15:20 AM,1.60
10066,5/12/2024 10:15:30 AM,1.59
10066,5/12/2024 10:15:40 AM,1.58
10066,5/12/2024 10:15:50 AM,1.57
10066,5/12/2024 10:16:00 AM,1.56
10066,5/12/2024 10:16:10 AM,1.55
10066,5/12/2024 10:16:20 AM,1.54
10066,5/12/2024 10:16:30 AM,1.53
10066,5/12/2024 10:16:40 AM,1.52
10066,5/12/2024 10:16:50 AM,1.52
10066,5/12/2024 10:17:00 AM,1.51
10066,5/12/2024 10:17:10 AM,1.50
10066,5/12/2024 10:17:20 AM,1.49
10066,5/12/2024 10:17:30 AM,1.48
10066,5/12/2024 10:17:40 AM,1.47
10066,5/12/2024 10:17:50 AM,1.46
10066,5/12/2024 10:18:00 AM,1.45
10066,5/12/2024 10:18:10 AM,1.44
10066,5/12/2024 10:18:20 AM,1.44
10066,5/12/2024 10:18:30 AM,1.43
10066,5/12/2024 10:18:40 AM,1.42
10066,5/12/2024 10:18:50 AM,1.41
10066,5/12/2024 10:19:00 AM,1.40
10066,5/12/2024 10:19:10 AM,1.39
10066,5/12/2024 10:19:20 AM,1.38
10066,5/12/2024 10:19:30 AM,1.37
10066,5/12/2024 10:19:40 AM,1.36
10066,5/12/2024 10:19:50 AM,1.36
10066,5/12/2024 10:20:00 AM,1.35
10066,5/12/2024 10:20:10 AM,1.34
10066,5/12/2024 10:20:20 AM,1.33
10066,5/12/2024 10:20:30 AM,1.32
10066,5/12/2024 10:20:40 AM,1.31
10066,5/12/2024 10:20:50 AM,1.30
10066,5/12/2024 10:21:00 AM,1.29
10066,5/12/2024 10:21:10 AM,1.28
10066,5/12/2024 10:21:20 AM,1.28
10066,5/12/2024 10:21:30 AM,1.27
10066,5/12/2024 10:21:40 AM,1.26
10066,5/12/2024 10:21:50 AM,1.25
10066,5/12/2024 10:22:00 AM,1.24
10066,5/12/2024 10:22:10 AM,1.23
10066,5/12/2024 10:22:20 AM,1.22
10066,5/12/2024 10:22:30 AM,1.21
10066,5/12/2024 10:22:40 AM,1.20
10066,5/12/2024 10:22:50 AM,1.20
10066,5/12/2024 10:23:00 AM,1.19
10066,5/12/2024 10:23:10 AM,1.18
10066,5/12/2024 10:23:20 AM,1.17
10066,5/12/2024 10:23:30 AM,1.16
10066,5/12/2024 10:23:40 AM,1.15
10066,5/12/2024 10:23:50 AM,1.14
10066,5/12/2024 10:24:00 AM,1.13
10066,5/12/2024 10:24:10 AM,1.12
10066,5/12/2024 10:24:20 AM,1.12
10066,5/12/2024 10:24:30 AM,1.11
10066,5/12/2024 10:24:40 AM,1.10
10066,5/12/2024 10:24:50 AM,1.09
10066,5/12/2024 10:25:00 AM,1.08
10066,5/12/2024 10:25:10 AM,1.07
10066,5/12/2024 10:25:20 AM,1.06
10066,5/12/2024 10:25:30 AM,1.05
10066,5/12/2024 10:25:40 AM,1.04
10066,5/12/2024 10:25:50 AM,1.04
10066,5/12/2024 10:26:00 AM,1.03
10066,5/12/2024 10:26:10 AM,1.02
10066,5/12/2024 10:26:20 AM,1.01
10066,5/12/2024 10:26:30 AM,1.00
10066,5/12/2024 10:26:40 AM,0.99
10066,5/12/2024 10:26:50 AM,0.98
10066,5/12/2024 10:27:00 AM,0.97
10066,5/12/2024 10:27:10 AM,0.96
10066,5/12/2024 10:27:20 AM,0.96
10066,5/12/2024 10:27:30 AM,0.95
10066,5/12/2024 10:27:40 AM,0.94
10066,5/12/2024 10:27:50 AM,0.93
10066,5/12/2024 10:28:00 AM,0.92
10066,5/12/2024 10:28:10 AM,0.91
10066,5/12/2024 10:28:20 AM,0.90
10066,5/12/2024 10:28:30 AM,0.89
10066,5/12/2024 10:28:40 AM,0.88
10066,5/12/2024 10:28:50 AM,0.88
10066,5/12/2024 10:29:00 AM,0.87
10066,5/12/2024 10:29:10 AM,0.86
10066,5/12/2024 10:29:20 AM,0.85
10066,5/12/2024 10:29:30 AM,0.84
10066,5/12/2024 10:29:40 AM,0.83
10066,5/12/2024 10:29:50 AM,0.82
10066,5/12/2024 10:30:00 AM,0.81
10066,5/12/2024 10:30:10 AM,0.80
10066,5/12/2024 10:30:20 AM,0.79
10066,5/12/2024 10:30:30 AM,0.79
10066,5/12/2024 10:30:40 AM,0.78
10066,5/12/2024 10:30:50 AM,0.77
10066,5/12/2024 10:31:00 AM,0.76
10066,5/12/2024 10:31:10 AM,0.75
10066,5/12/2024 10:31:20 AM,0.74
10066,5/12/2024 10:31:30 AM,0.73
10066,5/12/2024 10:31:40 AM,0.72
10066,5/12/2024 10:31:50 AM,0.71
10066,5/12/2024 10:32:00 AM,0.71
10066,5/12/2024 10:32:10 AM,0.70
10066,5/12/2024 10:32:20 AM,0.69
10066,5/12/2024 10:32:30 AM,0.68
10066,5/12/2024 10:32:40 AM,0.67
10066,5/12/2024 10:32:50 AM,0.66
10066,5/12/2024 10:33:00 AM,0.65
10066,5/12/2024 10:33:10 AM,0.64
10066,5/12/2024 10:33:20 AM,0.63
10066,5/12/2024 10:33:30 AM,0.63
10066,5/12/2024 10:33:40 AM,0.62
10066,5/12/2024 10:33:50 AM,0.61
10066,5/12/2024 10:34:00 AM,0.60
10066,5/12/2024 10:34:10 AM,0.59
10066,5/12/2024 10:34:20 AM,0.58
10066,5/12/2024 10:34:30 AM,0.57
10066,5/12/2024 10:34:40 AM,0.56
10066,5/12/2024 10:34:50 AM,0.55
10066,5/12/2024 10:35:00 AM,0.55
10066,5/12/2024 10:35:10 AM,0.54
10066,5/12/2024 10:35:20 AM,0.53
10066,5/12/2024 10:35:30 AM,0.52
10066,5/12/2024 10:35:40 AM,0.51
10066,5/12/2024 10:35:50 AM,0.50
10066,5/12/2024 10:36:00 AM,0.49
10066,5/12/2024 10:36:10 AM,0.48
10066,5/12/2024 10:36:20 AM,0.47
10066,5/12/2024 10:36:30 AM,0.47
10066,5/12/2024 10:36:40 AM,0.46
10066,5/12/2024 10:36:50 AM,0.45
10066,5/12/2024 10:37:00 AM,0.44
10066,5/12/2024 10:37:10 AM,0.43
10066,5/12/2024 10:37:20 AM,0.42
10066,5/12/2024 10:37:30 AM,0.41
10066,5/12/2024 10:37:40 AM,0.40
10066,5/12/2024 10:37:50 AM,0.67
10066,5/12/2024 10:38:00 AM,1.07
10066,5/12/2024 10:38:10 AM,1.18
10066,5/12/2024 10:38:20 AM,1.16
10066,5/12/2024 10:38:30 AM,1.14
10066,5/12/2024 10:38:40 AM,1.11
10066,5/12/2024 10:38:50 AM,1.09
10066,5/12/2024 10:39:00 AM,1.06
10066,5/12/2024 10:39:10 AM,1.04
10066,5/12/2024 10:39:20 AM,1.01
10066,5/12/2024 10:39:30 AM,0.99
10066,5/12/2024 10:39:40 AM,0.96
10066,5/12/2024 10:39:50 AM,0.94
10066,5/12/2024 10:40:00 AM,0.92
10066,5/12/2024 10:40:10 AM,0.89
10066,5/12/2024 10:40:20 AM,0.87
10066,5/12/2024 10:40:30 AM,0.84
10066,5/12/2024 10:40:40 AM,0.82
10066,5/12/2024 10:40:50 AM,0.79
10066,5/12/2024 10:41:00 AM,0.77
10066,5/12/2024 10:41:10 AM,0.74
10066,5/12/2024 10:41:20 AM,0.72
10066,5/12/2024 10:41:30 AM,0.70
10066,5/12/2024 10:41:40 AM,0.67
10066,5/12/2024 10:41:50 AM,0.65
10066,5/12/2024 10:42:00 AM,0.62
10066,5/12/2024 10:42:10 AM,0.60
10066,5/12/2024 10:42:20 AM,0.57
10066,5/12/2024 10:42:30 AM,0.55
10066,5/12/2024 10:42:40 AM,0.53
10066,5/12/2024 10:42:50 AM,0.50
10066,5/12/2024 10:43:00 AM,0.48
10066,5/12/2024 10:43:10 AM,0.45
10066,5/12/2024 10:43:20 AM,0.43
10066,5/12/2024 10:43:30 AM,0.40
10066,5/12/2024 10:43:40 AM,0.45
10066,5/12/2024 10:43:50 AM,0.51
10066,5/12/2024 10:44:00 AM,0.57
10066,5/12/2024 10:44:10 AM,0.63
10066,5/12/2024 10:44:20 AM,0.69
10066,5/12/2024 10:44:30 AM,0.75
10066,5/12/2024 10:44:40 AM,0.80
10066,5/12/2024 10:44:50 AM,0.86
10066,5/12/2024 10:45:00 AM,0.92
10066,5/12/2024 10:45:10 AM,0.98
10066,5/12/2024 10:45:20 AM,0.97
10066,5/12/2024 10:45:30 AM,0.92
10066,5/12/2024 10:45:40 AM,0.88
10066,5/12/2024 10:45:50 AM,0.83
10066,5/12/2024 10:46:00 AM,0.78
10066,5/12/2024 10:46:10 AM,0.74
10066,5/12/2024 10:46:20 AM,0.69
10066,5/12/2024 10:46:30 AM,0.64
10066,5/12/2024 10:46:40 AM,0.60
10066,5/12/2024 10:46:50 AM,0.55
10066,5/12/2024 10:47:00 AM,0.51
10066,5/12/2024 10:47:10 AM,0.90
10066,5/12/2024 10:47:20 AM,1.36
10066,5/12/2024 10:47:30 AM,1.47
10066,5/12/2024 10:47:40 AM,1.42
10066,5/12/2024 10:47:50 AM,1.36
10066,5/12/2024 10:48:00 AM,1.31
10066,5/12/2024 10:48:10 AM,1.26
10066,5/12/2024 10:48:20 AM,1.21
10066,5/12/2024 10:48:30 AM,1.16
10066,5/12/2024 10:48:40 AM,1.11
10066,5/12/2024 10:48:50 AM,1.06
10066,5/12/2024 10:49:00 AM,1.01
10066,5/12/2024 10:49:10 AM,0.96
10066,5/12/2024 10:49:20 AM,0.91
10066,5/12/2024 10:49:30 AM,0.86
10066,5/12/2024 10:49:40 AM,0.81
10066,5/12/2024 10:49:50 AM,0.90
10066,5/12/2024 10:50:00 AM,1.01
10066,5/12/2024 10:50:10 AM,1.12
10066,5/12/2024 10:50:20 AM,1.23
10066,5/12/2024 10:50:30 AM,1.34
10066,5/12/2024 10:50:40 AM,1.45
10066,5/12/2024 10:50:50 AM,1.57
10066,5/12/2024 10:51:00 AM,1.51
10066,5/12/2024 10:51:10 AM,1.38
10066,5/12/2024 10:51:20 AM,1.26
10066,5/12/2024 10:51:30 AM,1.13
10066,5/12/2024 10:51:40 AM,1.00
10066,5/12/2024 10:51:50 AM,0.87
10066,5/12/2024 10:52:00 AM,0.74
10066,5/12/2024 10:52:10 AM,0.62
10066,5/12/2024 10:52:20 AM,0.70
10066,5/12/2024 10:52:30 AM,0.82
10066,5/12/2024 10:52:40 AM,0.93
10066,5/12/2024 10:52:50 AM,1.05
10066,5/12/2024 10:53:00 AM,1.16
10066,5/12/2024 10:53:10 AM,1.18
10066,5/12/2024 10:53:20 AM,1.15
10066,5/12/2024 10:53:30 AM,1.13
10066,5/12/2024 10:53:40 AM,1.10
10066,5/12/2024 10:53:50 AM,1.07
10066,5/12/2024 10:54:00 AM,1.05
10066,5/12/2024 10:54:10 AM,1.02
10066,5/12/2024 10:54:20 AM,0.99
10066,5/12/2024 10:54:30 AM,0.97
10066,5/12/2024 10:54:40 AM,0.94
10066,5/12/2024 10:54:50 AM,0.91
10066,5/12/2024 10:55:00 AM,0.88
10066,5/12/2024 10:55:10 AM,0.86
10066,5/12/2024 10:55:20 AM,0.83
10066,5/12/2024 10:55:30 AM,0.80
10066,5/12/2024 10:55:40 AM,0.86
10066,5/12/2024 10:55:50 AM,0.92
10066,5/12/2024 10:56:00 AM,0.98
10066,5/12/2024 10:56:10 AM,1.04
10066,5/12/2024 10:56:20 AM,1.11
10066,5/12/2024 10:56:30 AM,1.17
10066,5/12/2024 10:56:40 AM,1.23
10066,5/12/2024 10:56:50 AM,1.29
10066,5/12/2024 10:57:00 AM,1.36
10066,5/12/2024 10:57:10 AM,1.42
10066,5/12/2024 10:57:20 AM,1.48
10066,5/12/2024 10:57:30 AM,1.26
10066,5/12/2024 10:57:40 AM,0.90
10066,5/12/2024 10:57:50 AM,0.54
10066,5/12/2024 10:58:00 AM,0.55
10066,5/12/2024 10:58:10 AM,0.61
10066,5/12/2024 10:58:20 AM,0.66
10066,5/12/2024 10:58:30 AM,0.72
10066,5/12/2024 10:58:40 AM,0.77
10066,5/12/2024 10:58:50 AM,0.83
10066,5/12/2024 10:59:00 AM,0.88
10066,5/12/2024 10:59:10 AM,0.94
10066,5/12/2024 10:59:20 AM,0.99
10066,5/12/2024 10:59:30 AM,1.05
10066,5/12/2024 10:59:40 AM,1.10
10066,5/12/2024 10:59:50 AM,1.16
10066,5/12/2024 11:00:00 AM,1.22
10066,5/12/2024 11:00:10 AM,1.27
10066,5/12/2024 11:00:20 AM,1.30
10066,5/12/2024 11:00:30 AM,1.30
10066,5/12/2024 11:00:40 AM,1.31
10066,5/12/2024 11:00:50 AM,1.31
10066,5/12/2024 11:01:00 AM,1.31
10066,5/12/2024 11:01:10 AM,1.31
10066,5/12/2024 11:01:20 AM,1.31
10066,5/12/2024 11:01:30 AM,1.32
10066,5/12/2024 11:01:40 AM,1.32
10066,5/12/2024 11:01:50 AM,1.32
10066,5/12/2024 11:02:00 AM,1.32
10066,5/12/2024 11:02:10 AM,1.33
10066,5/12/2024 11:02:20 AM,1.33
10066,5/12/2024 11:02:30 AM,1.33
10066,5/12/2024 11:02:40 AM,1.33
10066,5/12/2024 11:02:50 AM,1.33
10066,5/12/2024 11:03:00 AM,1.34
10066,5/12/2024 11:03:10 AM,1.34
10066,5/12/2024 11:03:20 AM,1.34
10066,5/12/2024 11:03:30 AM,1.34
10066,5/12/2024 11:03:40 AM,1.34
10066,5/12/2024 11:03:50 AM,1.35
10066,5/12/2024 11:04:00 AM,1.35
10066,5/12/2024 11:04:10 AM,1.35
10066,5/12/2024 11:04:20 AM,1.35
10066,5/12/2024 11:04:30 AM,1.35
10066,5/12/2024 11:04:40 AM,1.36
10066,5/12/2024 11:04:50 AM,1.36
10066,5/12/2024 11:05:00 AM,1.36
10066,5/12/2024 11:05:10 AM,1.36
10066,5/12/2024 11:05:20 AM,1.37
10066,5/12/2024 11:05:30 AM,1.37
10066,5/12/2024 11:05:40 AM,1.37
10066,5/12/2024 11:05:50 AM,1.37
10066,5/12/2024 11:06:00 AM,1.37
10066,5/12/2024 11:06:10 AM,1.38
10066,5/12/2024 11:06:20 AM,1.38
10066,5/12/2024 11:06:30 AM,1.38
10066,5/12/2024 11:06:40 AM,1.38
10066,5/12/2024 11:06:50 AM,1.38
10066,5/12/2024 11:07:00 AM,1.39
10066,5/12/2024 11:07:10 AM,1.39
10066,5/12/2024 11:07:20 AM,1.39
10066,5/12/2024 11:07:30 AM,1.39
10066,5/12/2024 11:07:40 AM,1.40
10066,5/12/2024 11:07:50 AM,1.40
10066,5/12/2024 11:08:00 AM,1.40
10066,5/12/2024 11:08:10 AM,1.17
10066,5/12/2024 11:08:20 AM,0.84
10066,5/12/2024 11:08:30 AM,0.51
10066,5/12/2024 11:08:40 AM,0.40
10066,5/12/2024 11:08:50 AM,0.41
10066,5/12/2024 11:09:00 AM,0.42
10066,5/12/2024 11:09:10 AM,0.42
10066,5/12/2024 11:09:20 AM,0.43
10066,5/12/2024 11:09:30 AM,0.44
10066,5/12/2024 11:09:40 AM,0.44
10066,5/12/2024 11:09:50 AM,0.45
10066,5/12/2024 11:10:00 AM,0.45
10066,5/12/2024 11:10:10 AM,0.46
10066,5/12/2024 11:10:20 AM,0.47
10066,5/12/2024 11:10:30 AM,0.47
10066,5/12/2024 11:10:40 AM,0.48
10066,5/12/2024 11:10:50 AM,0.48
10066,5/12/2024 11:11:00 AM,0.49
10066,5/12/2024 11:11:10 AM,0.50
10066,5/12/2024 11:11:20 AM,0.50
10066,5/12/2024 11:11:30 AM,0.51
10066,5/12/2024 11:11:40 AM,0.52
10066,5/12/2024 11:11:50 AM,0.52
10066,5/12/2024 11:12:00 AM,0.53
10066,5/12/2024 11:12:10 AM,0.53
10066,5/12/2024 11:12:20 AM,0.54
10066,5/12/2024 11:12:30 AM,0.55
10066,5/12/2024 11:12:40 AM,0.55
10066,5/12/2024 11:12:50 AM,0.56
10066,5/12/2024 11:13:00 AM,0.56
10066,5/12/2024 11:13:10 AM,0.57
10066,5/12/2024 11:13:20 AM,0.58
10066,5/12/2024 11:13:30 AM,0.58
10066,5/12/2024 11:13:40 AM,0.59
10066,5/12/2024 11:13:50 AM,0.60
10066,5/12/2024 11:14:00 AM,0.60
10066,5/12/2024 11:14:10 AM,0.61
10066,5/12/2024 11:14:20 AM,0.61
10066,5/12/2024 11:14:30 AM,0.62
10066,5/12/2024 11:14:40 AM,0.63
10066,5/12/2024 11:14:50 AM,0.63
10066,5/12/2024 11:15:00 AM,0.64
10066,5/12/2024 11:15:10 AM,0.64
10066,5/12/2024 11:15:20 AM,0.65
10066,5/12/2024 11:15:30 AM,0.66
10066,5/12/2024 11:15:40 AM,0.66
10066,5/12/2024 11:15:50 AM,0.67
10066,5/12/2024 11:16:00 AM,0.68
10066,5/12/2024 11:16:10 AM,0.68
10066,5/12/2024 11:16:20 AM,0.69
10066,5/12/2024 11:16:30 AM,0.69
10066,5/12/2024 11:16:40 AM,0.70
10066,5/12/2024 11:16:50 AM,0.71
10066,5/12/2024 11:17:00 AM,0.71
10066,5/12/2024 11:17:10 AM,0.72
10066,5/12/2024 11:17:20 AM,0.72
10066,5/12/2024 11:17:30 AM,0.73
10066,5/12/2024 11:17:40 AM,0.74
10066,5/12/2024 11:17:50 AM,0.74
10066,5/12/2024 11:18:00 AM,0.75
10066,5/12/2024 11:18:10 AM,0.76
10066,5/12/2024 11:18:20 AM,0.76
10066,5/12/2024 11:18:30 AM,0.77
10066,5/12/2024 11:18:40 AM,0.77
10066,5/12/2024 11:18:50 AM,0.78
10066,5/12/2024 11:19:00 AM,0.79
10066,5/12/2024 11:19:10 AM,0.79
10066,5/12/2024 11:19:20 AM,0.80
10066,5/12/2024 11:19:30 AM,0.80
10066,5/12/2024 11:19:40 AM,0.81
10066,5/12/2024 11:19:50 AM,0.82
10066,5/12/2024 11:20:00 AM,0.82
10066,5/12/2024 11:20:10 AM,0.83
10066,5/12/2024 11:20:20 AM,0.84
10066,5/12/2024 11:20:30 AM,0.84
10066,5/12/2024 11:20:40 AM,0.85
10066,5/12/2024 11:20:50 AM,0.85
10066,5/12/2024 11:21:00 AM,0.86
10066,5/12/2024 11:21:10 AM,0.87
10066,5/12/2024 11:21:20 AM,0.87
10066,5/12/2024 11:21:30 AM,0.88
10066,5/12/2024 11:21:40 AM,0.88
10066,5/12/2024 11:21:50 AM,0.89
10066,5/12/2024 11:22:00 AM,0.90
10066,5/12/2024 11:22:10 AM,0.90
10066,5/12/2024 11:22:20 AM,0.91
10066,5/12/2024 11:22:30 AM,0.92
10066,5/12/2024 11:22:40 AM,0.92
10066,5/12/2024 11:22:50 AM,0.93
10066,5/12/2024 11:23:00 AM,0.93
10066,5/12/2024 11:23:10 AM,0.94
10066,5/12/2024 11:23:20 AM,0.95
10066,5/12/2024 11:23:30 AM,0.95
10066,5/12/2024 11:23:40 AM,0.96
10066,5/12/2024 11:23:50 AM,0.96
10066,5/12/2024 11:24:00 AM,0.97
10066,5/12/2024 11:24:10 AM,0.98
10066,5/12/2024 11:24:20 AM,0.98
10066,5/12/2024 11:24:30 AM,0.99
10066,5/12/2024 11:24:40 AM,1.00
10066,5/12/2024 11:24:50 AM,1.00
10066,5/12/2024 11:25:00 AM,1.01
10066,5/12/2024 11:25:10 AM,1.01
10066,5/12/2024 11:25:20 AM,1.02
10066,5/12/2024 11:25:30 AM,1.03
10066,5/12/2024 11:25:40 AM,1.03
10066,5/12/2024 11:25:50 AM,1.04
10066,5/12/2024 11:26:00 AM,1.04
10066,5/12/2024 11:26:10 AM,1.05
10066,5/12/2024 11:26:20 AM,1.06
10066,5/12/2024 11:26:30 AM,1.06
10066,5/12/2024 11:26:40 AM,1.07
10066,5/12/2024 11:26:50 AM,1.08
10066,5/12/2024 11:27:00 AM,1.08
10066,5/12/2024 11:27:10 AM,1.09
10066,5/12/2024 11:27:20 AM,1.09
10066,5/12/2024 11:27:30 AM,1.10
10066,5/12/2024 11:27:40 AM,1.11
10066,5/12/2024 11:27:50 AM,1.11
10066,5/12/2024 11:28:00 AM,1.12
10066,5/12/2024 11:28:10 AM,1.12
10066,5/12/2024 11:28:20 AM,1.13
10066,5/12/2024 11:28:30 AM,1.14
10066,5/12/2024 11:28:40 AM,1.14
10066,5/12/2024 11:28:50 AM,1.15
10066,5/12/2024 11:29:00 AM,1.16
10066,5/12/2024 11:29:10 AM,1.16
10066,5/12/2024 11:29:20 AM,1.17
10066,5/12/2024 11:29:30 AM,1.17
10066,5/12/2024 11:29:40 AM,1.18
10066,5/12/2024 11:29:50 AM,1.19
10066,5/12/2024 11:30:00 AM,1.19
10066,5/12/2024 11:30:10 AM,1.20
10066,5/12/2024 11:30:20 AM,1.16
10066,5/12/2024 11:30:30 AM,1.11
10066,5/12/2024 11:30:40 AM,1.05
10066,5/12/2024 11:30:50 AM,1.00
10066,5/12/2024 11:31:00 AM,0.95
10066,5/12/2024 11:31:10 AM,0.89
10066,5/12/2024 11:31:20 AM,0.84
10066,5/12/2024 11:31:30 AM,0.78
10066,5/12/2024 11:31:40 AM,0.73
10066,5/12/2024 11:31:50 AM,0.67
10066,5/12/2024 11:32:00 AM,0.62
10066,5/12/2024 11:32:10 AM,0.56
10066,5/12/2024 11:32:20 AM,0.51
10066,5/12/2024 11:32:30 AM,0.45
10066,5/12/2024 11:32:40 AM,0.40
10066,5/12/2024 11:32:50 AM,0.35
10066,5/12/2024 11:33:00 AM,0.29
10066,5/12/2024 11:33:10 AM,0.24
10066,5/12/2024 11:33:20 AM,0.18
10066,5/12/2024 11:33:30 AM,0.13
10066,5/12/2024 11:33:40 AM,0.07
10066,5/12/2024 11:33:50 AM,0.02
10066,5/12/2024 11:34:00 AM,0.18
10066,5/12/2024 11:34:10 AM,0.44
10066,5/12/2024 11:34:20 AM,0.71
10066,5/12/2024 11:34:30 AM,0.97
10066,5/12/2024 11:34:40 AM,1.00
10066,5/12/2024 11:34:50 AM,1.00
10066,5/12/2024 11:35:00 AM,1.00
10066,5/12/2024 11:35:10 AM,1.00
10066,5/12/2024 11:35:20 AM,1.00
10066,5/12/2024 11:35:30 AM,1.00
10066,5/12/2024 11:35:40 AM,1.00
10066,5/12/2024 11:35:50 AM,1.00
10066,5/12/2024 11:36:00 AM,0.99
10066,5/12/2024 11:36:10 AM,0.99
10066,5/12/2024 11:36:20 AM,0.99
10066,5/12/2024 11:36:30 AM,0.99
10066,5/12/2024 11:36:40 AM,0.99
10066,5/12/2024 11:36:50 AM,0.99
10066,5/12/2024 11:37:00 AM,0.99
10066,5/12/2024 11:37:10 AM,0.99
10066,5/12/2024 11:37:20 AM,0.99
10066,5/12/2024 11:37:30 AM,0.99
10066,5/12/2024 11:37:40 AM,0.99
10066,5/12/2024 11:37:50 AM,0.99
10066,5/12/2024 11:38:00 AM,0.99
10066,5/12/2024 11:38:10 AM,0.99
10066,5/12/2024 11:38:20 AM,0.99
10066,5/12/2024 11:38:30 AM,0.99
10066,5/12/2024 11:38:40 AM,0.98
10066,5/12/2024 11:38:50 AM,0.98
10066,5/12/2024 11:39:00 AM,0.98
10066,5/12/2024 11:39:10 AM,0.98
10066,5/12/2024 11:39:20 AM,0.98
10066,5/12/2024 11:39:30 AM,0.98
10066,5/12/2024 11:39:40 AM,0.98
10066,5/12/2024 11:39:50 AM,0.98
10066,5/12/2024 11:40:00 AM,0.98
10066,5/12/2024 11:40:10 AM,0.98
10066,5/12/2024 11:40:20 AM,0.98
10066,5/12/2024 11:40:30 AM,0.98
10066,5/12/2024 11:40:40 AM,0.98
10066,5/12/2024 11:40:50 AM,0.98
10066,5/12/2024 11:41:00 AM,0.98
10066,5/12/2024 11:41:10 AM,0.97
10066,5/12/2024 11:41:20 AM,0.97
10066,5/12/2024 11:41:30 AM,0.97
10066,5/12/2024 11:41:40 AM,0.97
10066,5/12/2024 11:41:50 AM,0.97
10066,5/12/2024 11:42:00 AM,0.97
10066,5/12/2024 11:42:10 AM,0.97
10066,5/12/2024 11:42:20 AM,0.97
10066,5/12/2024 11:42:30 AM,0.97
10066,5/12/2024 11:42:40 AM,0.97
10066,5/12/2024 11:42:50 AM,0.97
10066,5/12/2024 11:43:00 AM,0.97
10066,5/12/2024 11:43:10 AM,0.97
10066,5/12/2024 11:43:20 AM,0.97
10066,5/12/2024 11:43:30 AM,0.97
10066,5/12/2024 11:43:40 AM,0.96
10066,5/12/2024 11:43:50 AM,0.96
10066,5/12/2024 11:44:00 AM,0.96
10066,5/12/2024 11:44:10 AM,0.96
10066,5/12/2024 11:44:20 AM,0.96
10066,5/12/2024 11:44:30 AM,0.96
10066,5/12/2024 11:44:40 AM,0.96
10066,5/12/2024 11:44:50 AM,0.96
10066,5/12/2024 11:45:00 AM,0.96
10066,5/12/2024 11:45:10 AM,0.96
10066,5/12/2024 11:45:20 AM,0.96
10066,5/12/2024 11:45:30 AM,0.96
10066,5/12/2024 11:45:40 AM,0.96
10066,5/12/2024 11:45:50 AM,0.96
10066,5/12/2024 11:46:00 AM,0.96
10066,5/12/2024 11:46:10 AM,0.96
10066,5/12/2024 11:46:20 AM,0.95
10066,5/12/2024 11:46:30 AM,0.95
10066,5/12/2024 11:46:40 AM,0.95
10066,5/12/2024 11:46:50 AM,0.95
10066,5/12/2024 11:47:00 AM,0.95
10066,5/12/2024 11:47:10 AM,0.95
10066,5/12/2024 11:47:20 AM,0.95
10066,5/12/2024 11:47:30 AM,0.95
10066,5/12/2024 11:47:40 AM,0.95
10066,5/12/2024 11:47:50 AM,0.95
10066,5/12/2024 11:48:00 AM,0.95
10066,5/12/2024 11:48:10 AM,0.95
10066,5/12/2024 11:48:20 AM,0.95
10066,5/12/2024 11:48:30 AM,0.95
10066,5/12/2024 11:48:40 AM,0.95
10066,5/12/2024 11:48:50 AM,0.94
10066,5/12/2024 11:49:00 AM,0.94
10066,5/12/2024 11:49:10 AM,0.94
10066,5/12/2024 11:49:20 AM,0.94
10066,5/12/2024 11:49:30 AM,0.94
10066,5/12/2024 11:49:40 AM,0.94
10066,5/12/2024 11:49:50 AM,0.94
10066,5/12/2024 11:50:00 AM,0.94
10066,5/12/2024 11:50:10 AM,0.94
10066,5/12/2024 11:50:20 AM,0.94
10066,5/12/2024 11:50:30 AM,0.94
10066,5/12/2024 11:50:40 AM,0.94
10066,5/12/2024 11:50:50 AM,0.94
10066,5/12/2024 11:51:00 AM,0.94
10066,5/12/2024 11:51:10 AM,0.94
10066,5/12/2024 11:51:20 AM,0.94
10066,5/12/2024 11:51:30 AM,0.93
10066,5/12/2024 11:51:40 AM,0.93
10066,5/12/2024 11:51:50 AM,0.93
10066,5/12/2024 11:52:00 AM,0.93
10066,5/12/2024 11:52:10 AM,0.93
10066,5/12/2024 11:52:20 AM,0.93
10066,5/12/2024 11:52:30 AM,0.93
10066,5/12/2024 11:52:40 AM,0.93
10066,5/12/2024 11:52:50 AM,0.93
10066,5/12/2024 11:53:00 AM,0.93
10066,5/12/2024 11:53:10 AM,0.93
10066,5/12/2024 11:53:20 AM,0.93
10066,5/12/2024 11:53:30 AM,0.93
10066,5/12/2024 11:53:40 AM,0.93
10066,5/12/2024 11:53:50 AM,0.93
10066,5/12/2024 11:54:00 AM,0.92
10066,5/12/2024 11:54:10 AM,0.92
10066,5/12/2024 11:54:20 AM,0.92
10066,5/12/2024 11:54:30 AM,0.92
10066,5/12/2024 11:54:40 AM,0.92
10066,5/12/2024 11:54:50 AM,0.92
10066,5/12/2024 11:55:00 AM,0.92
10066,5/12/2024 11:55:10 AM,0.92
10066,5/12/2024 11:55:20 AM,0.92
10066,5/12/2024 11:55:30 AM,0.92
10066,5/12/2024 11:55:40 AM,0.92
10066,5/12/2024 11:55:50 AM,0.92
10066,5/12/2024 11:56:00 AM,0.92
10066,5/12/2024 11:56:10 AM,0.92
10066,5/12/2024 11:56:20 AM,0.92
10066,5/12/2024 11:56:30 AM,0.92
10066,5/12/2024 11:56:40 AM,0.91
10066,5/12/2024 11:56:50 AM,0.91
10066,5/12/2024 11:57:00 AM,0.91
10066,5/12/2024 11:57:10 AM,0.91
10066,5/12/2024 11:57:20 AM,0.91
10066,5/12/2024 11:57:30 AM,0.91
10066,5/12/2024 11:57:40 AM,0.91
10066,5/12/2024 11:57:50 AM,0.91
10066,5/12/2024 11:58:00 AM,0.91
10066,5/12/2024 11:58:10 AM,0.91
10066,5/12/2024 11:58:20 AM,0.91
10066,5/12/2024 11:58:30 AM,0.91
10066,5/12/2024 11:58:40 AM,0.91
10066,5/12/2024 11:58:50 AM,0.91
10066,5/12/2024 11:59:00 AM,0.91
10066,5/12/2024 11:59:10 AM,0.90
10066,5/12/2024 11:59:20 AM,0.90
10066,5/12/2024 11:59:30 AM,0.90
10066,5/12/2024 11:59:40 AM,0.90
10066,5/12/2024 11:59:50 AM,0.90
10066,5/12/2024 12:00:00 PM,0.90
10066,5/12/2024 12:00:10 PM,0.90
10066,5/12/2024 12:00:20 PM,0.91
10066,5/12/2024 12:00:30 PM,0.92
10066,5/12/2024 12:00:40 PM,0.93
10066,5/12/2024 12:00:50 PM,0.94
10066,5/12/2024 12:01:00 PM,0.96
10066,5/12/2024 12:01:10 PM,0.97
10066,5/12/2024 12:01:20 PM,0.98
10066,5/12/2024 12:01:30 PM,0.99
10066,5/12/2024 12:01:40 PM,1.01
10066,5/12/2024 12:01:50 PM,1.02
10066,5/12/2024 12:02:00 PM,1.03
10066,5/12/2024 12:02:10 PM,1.04
10066,5/12/2024 12:02:20 PM,1.05
10066,5/12/2024 12:02:30 PM,1.07
10066,5/12/2024 12:02:40 PM,1.08
10066,5/12/2024 12:02:50 PM,1.09
10066,5/12/2024 12:03:00 PM,1.10
10066,5/12/2024 12:03:10 PM,1.12
10066,5/12/2024 12:03:20 PM,1.13
10066,5/12/2024 12:03:30 PM,1.14
10066,5/12/2024 12:03:40 PM,1.15
10066,5/12/2024 12:03:50 PM,1.17
10066,5/12/2024 12:04:00 PM,1.18
10066,5/12/2024 12:04:10 PM,1.19
10066,5/12/2024 12:04:20 PM,1.20
10066,5/12/2024 12:04:30 PM,1.22
10066,5/12/2024 12:04:40 PM,1.23
10066,5/12/2024 12:04:50 PM,1.24
10066,5/12/2024 12:05:00 PM,1.25
10066,5/12/2024 12:05:10 PM,1.27
10066,5/12/2024 12:05:20 PM,1.28
10066,5/12/2024 12:05:30 PM,1.29
10066,5/12/2024 12:05:40 PM,1.30
10066,5/12/2024 12:05:50 PM,1.31
10066,5/12/2024 12:06:00 PM,1.33
10066,5/12/2024 12:06:10 PM,1.34
10066,5/12/2024 12:06:20 PM,1.35
10066,5/12/2024 12:06:30 PM,1.36
10066,5/12/2024 12:06:40 PM,1.38
10066,5/12/2024 12:06:50 PM,1.39
10066,5/12/2024 12:07:00 PM,1.40
10066,5/12/2024 12:07:10 PM,1.41
10066,5/12/2024 12:07:20 PM,1.43
10066,5/12/2024 12:07:30 PM,1.44
10066,5/12/2024 12:07:40 PM,1.45
10066,5/12/2024 12:07:50 PM,1.46
10066,5/12/2024 12:08:00 PM,1.48
10066,5/12/2024 12:08:10 PM,1.49
10066,5/12/2024 12:08:20 PM,1.50
10066,5/12/2024 12:08:30 PM,1.51
10066,5/12/2024 12:08:40 PM,1.53
10066,5/12/2024 12:08:50 PM,1.54
10066,5/12/2024 12:09:00 PM,1.55
10066,5/12/2024 12:09:10 PM,1.56
10066,5/12/2024 12:09:20 PM,1.58
10066,5/12/2024 12:09:30 PM,1.59
10066,5/12/2024 12:09:40 PM,1.60
10066,5/12/2024 12:09:50 PM,1.61
10066,5/12/2024 12:10:00 PM,1.62
10066,5/12/2024 12:10:10 PM,1.64
10066,5/12/2024 12:10:20 PM,1.65
10066,5/12/2024 12:10:30 PM,1.66
10066,5/12/2024 12:10:40 PM,1.67
10066,5/12/2024 12:10:50 PM,1.69
10066,5/12/2024 12:11:00 PM,1.70
10066,5/12/2024 12:11:10 PM,1.48
10066,5/12/2024 12:11:20 PM,1.23
10066,5/12/2024 12:11:30 PM,0.98
10066,5/12/2024 12:11:40 PM,0.99
10066,5/12/2024 12:11:50 PM,1.11
10066,5/12/2024 12:12:00 PM,1.23
10066,5/12/2024 12:12:10 PM,1.36
10066,5/12/2024 12:12:20 PM,1.48
10066,5/12/2024 12:12:30 PM,1.61
10066,5/12/2024 12:12:40 PM,1.73
10066,5/12/2024 12:12:50 PM,1.86
10066,5/12/2024 12:13:00 PM,1.98
10066,5/12/2024 12:13:10 PM,1.75
10066,5/12/2024 12:13:20 PM,1.46
10066,5/12/2024 12:13:30 PM,1.18
10066,5/12/2024 12:13:40 PM,0.89
10066,5/12/2024 12:13:50 PM,1.00
10066,5/12/2024 12:14:00 PM,1.29
10066,5/12/2024 12:14:10 PM,1.57
10066,5/12/2024 12:14:20 PM,1.86
10066,5/12/2024 12:14:30 PM,1.84
10066,5/12/2024 12:14:40 PM,1.76
10066,5/12/2024 12:14:50 PM,1.69
10066,5/12/2024 12:15:00 PM,1.62
10066,5/12/2024 12:15:10 PM,1.54
10066,5/12/2024 12:15:20 PM,1.47
10066,5/12/2024 12:15:30 PM,1.40
10066,5/12/2024 12:15:40 PM,1.32
10066,5/12/2024 12:15:50 PM,1.30
10066,5/12/2024 12:16:00 PM,1.29
10066,5/12/2024 12:16:10 PM,1.28
10066,5/12/2024 12:16:20 PM,1.28
10066,5/12/2024 12:16:30 PM,1.27
10066,5/12/2024 12:16:40 PM,1.27
10066,5/12/2024 12:16:50 PM,1.26
10066,5/12/2024 12:17:00 PM,1.25
10066,5/12/2024 12:17:10 PM,1.25
10066,5/12/2024 12:17:20 PM,1.24
10066,5/12/2024 12:17:30 PM,1.24
10066,5/12/2024 12:17:40 PM,1.23
10066,5/12/2024 12:17:50 PM,1.22
10066,5/12/2024 12:18:00 PM,1.22
10066,5/12/2024 12:18:10 PM,1.21
10066,5/12/2024 12:18:20 PM,1.21
10066,5/12/2024 12:18:30 PM,1.20
10066,5/12/2024 12:18:40 PM,1.19
10066,5/12/2024 12:18:50 PM,1.19
10066,5/12/2024 12:19:00 PM,1.18
10066,5/12/2024 12:19:10 PM,1.18
10066,5/12/2024 12:19:20 PM,1.17
10066,5/12/2024 12:19:30 PM,1.16
10066,5/12/2024 12:19:40 PM,1.16
10066,5/12/2024 12:19:50 PM,1.15
10066,5/12/2024 12:20:00 PM,1.15
10066,5/12/2024 12:20:10 PM,1.14
10066,5/12/2024 12:20:20 PM,1.13
10066,5/12/2024 12:20:30 PM,1.13
10066,5/12/2024 12:20:40 PM,1.12
10066,5/12/2024 12:20:50 PM,1.12
10066,5/12/2024 12:21:00 PM,1.11
10066,5/12/2024 12:21:10 PM,1.10
10066,5/12/2024 12:21:20 PM,1.10
10066,5/12/2024 12:21:30 PM,1.09
10066,5/12/2024 12:21:40 PM,1.09
10066,5/12/2024 12:21:50 PM,1.08
10066,5/12/2024 12:22:00 PM,1.07
10066,5/12/2024 12:22:10 PM,1.07
10066,5/12/2024 12:22:20 PM,1.06
10066,5/12/2024 12:22:30 PM,1.06
10066,5/12/2024 12:22:40 PM,1.05
10066,5/12/2024 12:22:50 PM,1.04
10066,5/12/2024 12:23:00 PM,1.04
10066,5/12/2024 12:23:10 PM,1.03
10066,5/12/2024 12:23:20 PM,1.03
10066,5/12/2024 12:23:30 PM,1.02
10066,5/12/2024 12:23:40 PM,1.01
10066,5/12/2024 12:23:50 PM,1.01
10066,5/12/2024 12:24:00 PM,1.00
10066,5/12/2024 12:24:10 PM,1.00
10066,5/12/2024 12:24:20 PM,0.99
10066,5/12/2024 12:24:30 PM,0.98
10066,5/12/2024 12:24:40 PM,0.98
10066,5/12/2024 12:24:50 PM,0.97
10066,5/12/2024 12:25:00 PM,0.97
10066,5/12/2024 12:25:10 PM,0.96
10066,5/12/2024 12:25:20 PM,0.95
10066,5/12/2024 12:25:30 PM,0.95
10066,5/12/2024 12:25:40 PM,0.94
10066,5/12/2024 12:25:50 PM,0.94
10066,5/12/2024 12:26:00 PM,0.93
10066,5/12/2024 12:26:10 PM,0.92
10066,5/12/2024 12:26:20 PM,0.92
10066,5/12/2024 12:26:30 PM,0.91
10066,5/12/2024 12:26:40 PM,0.91
10066,5/12/2024 12:26:50 PM,0.90
10066,5/12/2024 12:27:00 PM,0.89
10066,5/12/2024 12:27:10 PM,0.89
10066,5/12/2024 12:27:20 PM,0.88
10066,5/12/2024 12:27:30 PM,0.88
10066,5/12/2024 12:27:40 PM,0.87
10066,5/12/2024 12:27:50 PM,0.86
10066,5/12/2024 12:28:00 PM,0.86
10066,5/12/2024 12:28:10 PM,0.85
10066,5/12/2024 12:28:20 PM,0.85
10066,5/12/2024 12:28:30 PM,0.84
10066,5/12/2024 12:28:40 PM,0.83
10066,5/12/2024 12:28:50 PM,0.83
10066,5/12/2024 12:29:00 PM,0.82
10066,5/12/2024 12:29:10 PM,0.82
10066,5/12/2024 12:29:20 PM,0.81
10066,5/12/2024 12:29:30 PM,0.80
10066,5/12/2024 12:29:40 PM,0.80
10066,5/12/2024 12:29:50 PM,0.79
10066,5/12/2024 12:30:00 PM,0.79
10066,5/12/2024 12:30:10 PM,0.78
10066,5/12/2024 12:30:20 PM,0.77
10066,5/12/2024 12:30:30 PM,0.77
10066,5/12/2024 12:30:40 PM,0.76
10066,5/12/2024 12:30:50 PM,0.76
10066,5/12/2024 12:31:00 PM,0.75
10066,5/12/2024 12:31:10 PM,0.74
10066,5/12/2024 12:31:20 PM,0.74
10066,5/12/2024 12:31:30 PM,0.73
10066,5/12/2024 12:31:40 PM,0.72
10066,5/12/2024 12:31:50 PM,0.72
10066,5/12/2024 12:32:00 PM,0.71
10066,5/12/2024 12:32:10 PM,0.71
10066,5/12/2024 12:32:20 PM,0.70
10066,5/12/2024 12:32:30 PM,0.69
10066,5/12/2024 12:32:40 PM,0.69
10066,5/12/2024 12:32:50 PM,0.68
10066,5/12/2024 12:33:00 PM,0.68
10066,5/12/2024 12:33:10 PM,0.67
10066,5/12/2024 12:33:20 PM,0.66
10066,5/12/2024 12:33:30 PM,0.66
10066,5/12/2024 12:33:40 PM,0.65
10066,5/12/2024 12:33:50 PM,0.65
10066,5/12/2024 12:34:00 PM,0.64
10066,5/12/2024 12:34:10 PM,0.63
10066,5/12/2024 12:34:20 PM,0.63
10066,5/12/2024 12:34:30 PM,0.62
10066,5/12/2024 12:34:40 PM,0.62
10066,5/12/2024 12:34:50 PM,0.61
10066,5/12/2024 12:35:00 PM,0.60
10066,5/12/2024 12:35:10 PM,0.60
10066,5/12/2024 12:35:20 PM,0.59
10066,5/12/2024 12:35:30 PM,0.59
10066,5/12/2024 12:35:40 PM,0.58
10066,5/12/2024 12:35:50 PM,0.57
10066,5/12/2024 12:36:00 PM,0.57
10066,5/12/2024 12:36:10 PM,0.56
10066,5/12/2024 12:36:20 PM,0.56
10066,5/12/2024 12:36:30 PM,0.55
10066,5/12/2024 12:36:40 PM,0.54
10066,5/12/2024 12:36:50 PM,0.54
10066,5/12/2024 12:37:00 PM,0.53
10066,5/12/2024 12:37:10 PM,0.53
10066,5/12/2024 12:37:20 PM,0.52
10066,5/12/2024 12:37:30 PM,0.51
10066,5/12/2024 12:37:40 PM,0.51
10066,5/12/2024 12:37:50 PM,0.50
10066,5/12/2024 12:38:00 PM,1.11
10066,5/12/2024 12:38:10 PM,1.32
10066,5/12/2024 12:38:20 PM,1.20
10066,5/12/2024 12:38:30 PM,1.08
10066,5/12/2024 12:38:40 PM,0.97
10066,5/12/2024 12:38:50 PM,0.85
10066,5/12/2024 12:39:00 PM,0.73
10066,5/12/2024 12:39:10 PM,0.61
10066,5/12/2024 12:39:20 PM,1.41
10066,5/12/2024 12:39:30 PM,1.15
10066,5/12/2024 12:39:40 PM,0.35
10066,5/12/2024 12:39:50 PM,0.43
10066,5/12/2024 12:40:00 PM,0.91
10066,5/12/2024 12:40:10 PM,1.39
10066,5/12/2024 12:40:20 PM,1.87
10066,5/12/2024 12:40:30 PM,2.35
10066,5/12/2024 12:40:40 PM,1.08
10066,5/12/2024 12:40:50 PM,1.12
10066,5/12/2024 12:41:00 PM,0.95
10066,5/12/2024 12:41:10 PM,0.58
10066,5/12/2024 12:41:20 PM,0.22
10066,5/12/2024 12:41:30 PM,1.01
10066,5/12/2024 12:41:40 PM,2.34
10066,5/12/2024 12:41:50 PM,2.19
10066,5/12/2024 12:42:00 PM,1.84
10066,5/12/2024 12:42:10 PM,1.49
10066,5/12/2024 12:42:20 PM,1.14
10066,5/12/2024 12:42:30 PM,1.10
10066,5/12/2024 12:42:40 PM,1.10
10066,5/12/2024 12:42:50 PM,1.10
10066,5/12/2024 12:43:00 PM,1.10
10066,5/12/2024 12:43:10 PM,1.10
10066,5/12/2024 12:43:20 PM,1.10
10066,5/12/2024 12:43:30 PM,1.10
10066,5/12/2024 12:43:40 PM,1.10
10066,5/12/2024 12:43:50 PM,1.10
10066,5/12/2024 12:44:00 PM,1.10
10066,5/12/2024 12:44:10 PM,1.10
10066,5/12/2024 12:44:20 PM,1.48
10066,5/12/2024 12:44:30 PM,2.03
10066,5/12/2024 12:44:40 PM,1.78
10066,5/12/2024 12:44:50 PM,1.17
10066,5/12/2024 12:45:00 PM,1.29
10066,5/12/2024 12:45:10 PM,1.49
10066,5/12/2024 12:45:20 PM,1.47
10066,5/12/2024 12:45:30 PM,1.21
10066,5/12/2024 12:45:40 PM,0.95
10066,5/12/2024 12:45:50 PM,0.68
10066,5/12/2024 12:46:00 PM,0.74
10066,5/12/2024 12:46:10 PM,0.94
10066,5/12/2024 12:46:20 PM,1.14
10066,5/12/2024 12:46:30 PM,1.34
10066,5/12/2024 12:46:40 PM,1.54
10066,5/12/2024 12:46:50 PM,1.74
10066,5/12/2024 12:47:00 PM,1.94
10066,5/12/2024 12:47:10 PM,1.75
10066,5/12/2024 12:47:20 PM,1.38
10066,5/12/2024 12:47:30 PM,1.01
10066,5/12/2024 12:47:40 PM,0.64
10066,5/12/2024 12:47:50 PM,0.71
10066,5/12/2024 12:48:00 PM,0.84
10066,5/12/2024 12:48:10 PM,0.96
10066,5/12/2024 12:48:20 PM,1.09
10066,5/12/2024 12:48:30 PM,1.21
10066,5/12/2024 12:48:40 PM,1.33
10066,5/12/2024 12:48:50 PM,1.46
10066,5/12/2024 12:49:00 PM,1.58
10066,5/12/2024 12:49:10 PM,1.40
10066,5/12/2024 12:49:20 PM,1.16
10066,5/12/2024 12:49:30 PM,0.93
10066,5/12/2024 12:49:40 PM,0.98
10066,5/12/2024 12:49:50 PM,1.06
10066,5/12/2024 12:50:00 PM,1.15
10066,5/12/2024 12:50:10 PM,1.23
10066,5/12/2024 12:50:20 PM,1.32
10066,5/12/2024 12:50:30 PM,1.40
10066,5/12/2024 12:50:40 PM,1.49
10066,5/12/2024 12:50:50 PM,1.57
10066,5/12/2024 12:51:00 PM,1.60
10066,5/12/2024 12:51:10 PM,1.60
10066,5/12/2024 12:51:20 PM,1.60
10066,5/12/2024 12:51:30 PM,1.59
10066,5/12/2024 12:51:40 PM,1.59
10066,5/12/2024 12:51:50 PM,1.59
10066,5/12/2024 12:52:00 PM,1.59
10066,5/12/2024 12:52:10 PM,1.59
10066,5/12/2024 12:52:20 PM,1.59
10066,5/12/2024 12:52:30 PM,1.59
10066,5/12/2024 12:52:40 PM,1.58
10066,5/12/2024 12:52:50 PM,1.58
10066,5/12/2024 12:53:00 PM,1.58
10066,5/12/2024 12:53:10 PM,1.58
10066,5/12/2024 12:53:20 PM,1.58
10066,5/12/2024 12:53:30 PM,1.58
10066,5/12/2024 12:53:40 PM,1.57
10066,5/12/2024 12:53:50 PM,1.57
10066,5/12/2024 12:54:00 PM,1.57
10066,5/12/2024 12:54:10 PM,1.57
10066,5/12/2024 12:54:20 PM,1.57
10066,5/12/2024 12:54:30 PM,1.57
10066,5/12/2024 12:54:40 PM,1.57
10066,5/12/2024 12:54:50 PM,1.56
10066,5/12/2024 12:55:00 PM,1.56
10066,5/12/2024 12:55:10 PM,1.56
10066,5/12/2024 12:55:20 PM,1.56
10066,5/12/2024 12:55:30 PM,1.56
10066,5/12/2024 12:55:40 PM,1.56
10066,5/12/2024 12:55:50 PM,1.55
10066,5/12/2024 12:56:00 PM,1.55
10066,5/12/2024 12:56:10 PM,1.55
10066,5/12/2024 12:56:20 PM,1.55
10066,5/12/2024 12:56:30 PM,1.55
10066,5/12/2024 12:56:40 PM,1.55
10066,5/12/2024 12:56:50 PM,1.54
10066,5/12/2024 12:57:00 PM,1.54
10066,5/12/2024 12:57:10 PM,1.54
10066,5/12/2024 12:57:20 PM,1.54
10066,5/12/2024 12:57:30 PM,1.54
10066,5/12/2024 12:57:40 PM,1.54
10066,5/12/2024 12:57:50 PM,1.54
10066,5/12/2024 12:58:00 PM,1.53
10066,5/12/2024 12:58:10 PM,1.53
10066,5/12/2024 12:58:20 PM,1.53
10066,5/12/2024 12:58:30 PM,1.53
10066,5/12/2024 12:58:40 PM,1.53
10066,5/12/2024 12:58:50 PM,1.53
10066,5/12/2024 12:59:00 PM,1.52
10066,5/12/2024 12:59:10 PM,1.52
10066,5/12/2024 12:59:20 PM,1.52
10066,5/12/2024 12:59:30 PM,1.52
10066,5/12/2024 12:59:40 PM,1.52
10066,5/12/2024 12:59:50 PM,1.52
10066,5/12/2024 1:00:00 PM,1.52
10066,5/12/2024 1:00:10 PM,1.51
10066,5/12/2024 1:00:20 PM,1.51
10066,5/12/2024 1:00:30 PM,1.51
10066,5/12/2024 1:00:40 PM,1.51
10066,5/12/2024 1:00:50 PM,1.51
10066,5/12/2024 1:01:00 PM,1.51
10066,5/12/2024 1:01:10 PM,1.50
10066,5/12/2024 1:01:20 PM,1.50
10066,5/12/2024 1:01:30 PM,1.50
10066,5/12/2024 1:01:40 PM,1.32
10066,5/12/2024 1:01:50 PM,1.05
10066,5/12/2024 1:02:00 PM,0.78
10066,5/12/2024 1:02:10 PM,0.71
10066,5/12/2024 1:02:20 PM,0.73
10066,5/12/2024 1:02:30 PM,0.75
10066,5/12/2024 1:02:40 PM,0.76
10066,5/12/2024 1:02:50 PM,0.78
10066,5/12/2024 1:03:00 PM,0.80
10066,5/12/2024 1:03:10 PM,0.82
10066,5/12/2024 1:03:20 PM,0.83
10066,5/12/2024 1:03:30 PM,0.85
10066,5/12/2024 1:03:40 PM,0.87
10066,5/12/2024 1:03:50 PM,0.89
10066,5/12/2024 1:04:00 PM,0.90
10066,5/12/2024 1:04:10 PM,0.92
10066,5/12/2024 1:04:20 PM,0.94
10066,5/12/2024 1:04:30 PM,0.96
10066,5/12/2024 1:04:40 PM,0.97
10066,5/12/2024 1:04:50 PM,0.99
10066,5/12/2024 1:05:00 PM,1.01
10066,5/12/2024 1:05:10 PM,1.03
10066,5/12/2024 1:05:20 PM,1.04
10066,5/12/2024 1:05:30 PM,1.06
10066,5/12/2024 1:05:40 PM,1.08
10066,5/12/2024 1:05:50 PM,1.09
10066,5/12/2024 1:06:00 PM,1.11
10066,5/12/2024 1:06:10 PM,1.13
10066,5/12/2024 1:06:20 PM,1.15
10066,5/12/2024 1:06:30 PM,1.16
10066,5/12/2024 1:06:40 PM,1.18
10066,5/12/2024 1:06:50 PM,1.20
10066,5/12/2024 1:07:00 PM,1.22
10066,5/12/2024 1:07:10 PM,1.23
10066,5/12/2024 1:07:20 PM,1.25
10066,5/12/2024 1:07:30 PM,1.27
10066,5/12/2024 1:07:40 PM,1.29
10066,5/12/2024 1:07:50 PM,1.30
10066,5/12/2024 1:08:00 PM,1.32
10066,5/12/2024 1:08:10 PM,1.34
10066,5/12/2024 1:08:20 PM,1.36
10066,5/12/2024 1:08:30 PM,1.37
10066,5/12/2024 1:08:40 PM,1.39
10066,5/12/2024 1:08:50 PM,1.41
10066,5/12/2024 1:09:00 PM,1.43
10066,5/12/2024 1:09:10 PM,1.44
10066,5/12/2024 1:09:20 PM,1.46
10066,5/12/2024 1:09:30 PM,1.48
10066,5/12/2024 1:09:40 PM,1.49
10066,5/12/2024 1:09:50 PM,1.48
10066,5/12/2024 1:10:00 PM,1.46
10066,5/12/2024 1:10:10 PM,1.44
10066,5/12/2024 1:10:20 PM,1.41
10066,5/12/2024 1:10:30 PM,1.39
10066,5/12/2024 1:10:40 PM,1.37
10066,5/12/2024 1:10:50 PM,1.35
10066,5/12/2024 1:11:00 PM,1.32
10066,5/12/2024 1:11:10 PM,1.30
10066,5/12/2024 1:11:20 PM,1.28
10066,5/12/2024 1:11:30 PM,1.25
10066,5/12/2024 1:11:40 PM,1.23
10066,5/12/2024 1:11:50 PM,1.21
10066,5/12/2024 1:12:00 PM,1.18
10066,5/12/2024 1:12:10 PM,1.16
10066,5/12/2024 1:12:20 PM,1.14
10066,5/12/2024 1:12:30 PM,1.11
10066,5/12/2024 1:12:40 PM,1.09
10066,5/12/2024 1:12:50 PM,1.07
10066,5/12/2024 1:13:00 PM,1.04
10066,5/12/2024 1:13:10 PM,1.02
10066,5/12/2024 1:13:20 PM,1.00
10066,5/12/2024 1:13:30 PM,0.97
10066,5/12/2024 1:13:40 PM,0.95
10066,5/12/2024 1:13:50 PM,0.93
10066,5/12/2024 1:14:00 PM,0.90
10066,5/12/2024 1:14:10 PM,1.01
10066,5/12/2024 1:14:20 PM,1.13
10066,5/12/2024 1:14:30 PM,1.25
10066,5/12/2024 1:14:40 PM,1.37
10066,5/12/2024 1:14:50 PM,1.49
10066,5/12/2024 1:15:00 PM,1.62
10066,5/12/2024 1:15:10 PM,1.74
10066,5/12/2024 1:15:20 PM,1.65
10066,5/12/2024 1:15:30 PM,1.34
10066,5/12/2024 1:15:40 PM,1.04
10066,5/12/2024 1:15:50 PM,1.07
10066,5/12/2024 1:16:00 PM,1.15
10066,5/12/2024 1:16:10 PM,1.24
10066,5/12/2024 1:16:20 PM,1.32
10066,5/12/2024 1:16:30 PM,1.40
10066,5/12/2024 1:16:40 PM,1.48
10066,5/12/2024 1:16:50 PM,1.56
10066,5/12/2024 1:17:00 PM,1.65
10066,5/12/2024 1:17:10 PM,1.73
10066,5/12/2024 1:17:20 PM,1.81
10066,5/12/2024 1:17:30 PM,1.89
10066,5/12/2024 1:17:40 PM,1.75
10066,5/12/2024 1:17:50 PM,1.57
10066,5/12/2024 1:18:00 PM,1.40
10066,5/12/2024 1:18:10 PM,1.22
10066,5/12/2024 1:18:20 PM,1.23
10066,5/12/2024 1:18:30 PM,1.26
10066,5/12/2024 1:18:40 PM,1.29
10066,5/12/2024 1:18:50 PM,1.32
10066,5/12/2024 1:19:00 PM,1.36
10066,5/12/2024 1:19:10 PM,1.39
10066,5/12/2024 1:19:20 PM,1.42
10066,5/12/2024 1:19:30 PM,1.45
10066,5/12/2024 1:19:40 PM,1.48
10066,5/12/2024 1:19:50 PM,1.52
10066,5/12/2024 1:20:00 PM,1.55
10066,5/12/2024 1:20:10 PM,1.58
10066,5/12/2024 1:20:20 PM,1.61
10066,5/12/2024 1:20:30 PM,1.64
10066,5/12/2024 1:20:40 PM,1.68
10066,5/12/2024 1:20:50 PM,1.71
10066,5/12/2024 1:21:00 PM,1.74
10066,5/12/2024 1:21:10 PM,1.77
10066,5/12/2024 1:21:20 PM,1.80
10066,5/12/2024 1:21:30 PM,1.84
10066,5/12/2024 1:21:40 PM,1.87
10066,5/12/2024 1:21:50 PM,1.90
10066,5/12/2024 1:22:00 PM,1.93
10066,5/12/2024 1:22:10 PM,1.96
10066,5/12/2024 1:22:20 PM,2.00
10066,5/12/2024 1:22:30 PM,1.89
10066,5/12/2024 1:22:40 PM,1.76
10066,5/12/2024 1:22:50 PM,1.63
10066,5/12/2024 1:23:00 PM,1.50
10066,5/12/2024 1:23:10 PM,1.37
10066,5/12/2024 1:23:20 PM,1.24
10066,5/12/2024 1:23:30 PM,1.21
10066,5/12/2024 1:23:40 PM,1.22
10066,5/12/2024 1:23:50 PM,1.23
10066,5/12/2024 1:24:00 PM,1.24
10066,5/12/2024 1:24:10 PM,1.25
10066,5/12/2024 1:24:20 PM,1.26
10066,5/12/2024 1:24:30 PM,1.27
10066,5/12/2024 1:24:40 PM,1.28
10066,5/12/2024 1:24:50 PM,1.29
10066,5/12/2024 1:25:00 PM,1.30
10066,5/12/2024 1:25:10 PM,1.31
10066,5/12/2024 1:25:20 PM,1.32
10066,5/12/2024 1:25:30 PM,1.33
10066,5/12/2024 1:25:40 PM,1.34
10066,5/12/2024 1:25:50 PM,1.36
10066,5/12/2024 1:26:00 PM,1.37
10066,5/12/2024 1:26:10 PM,1.38
10066,5/12/2024 1:26:20 PM,1.39
10066,5/12/2024 1:26:30 PM,1.40
10066,5/12/2024 1:26:40 PM,1.39
10066,5/12/2024 1:26:50 PM,1.37
10066,5/12/2024 1:27:00 PM,1.36
10066,5/12/2024 1:27:10 PM,1.34
10066,5/12/2024 1:27:20 PM,1.32
10066,5/12/2024 1:27:30 PM,1.31
10066,5/12/2024 1:27:40 PM,1.29
10066,5/12/2024 1:27:50 PM,1.27
10066,5/12/2024 1:28:00 PM,1.26
10066,5/12/2024 1:28:10 PM,1.24
10066,5/12/2024 1:28:20 PM,1.22
10066,5/12/2024 1:28:30 PM,1.21
10066,5/12/2024 1:28:40 PM,1.19
10066,5/12/2024 1:28:50 PM,1.17
10066,5/12/2024 1:29:00 PM,1.16
10066,5/12/2024 1:29:10 PM,1.14
10066,5/12/2024 1:29:20 PM,1.12
10066,5/12/2024 1:29:30 PM,1.11
10066,5/12/2024 1:29:40 PM,1.09
10066,5/12/2024 1:29:50 PM,1.07
10066,5/12/2024 1:30:00 PM,1.06
10066,5/12/2024 1:30:10 PM,1.04
10066,5/12/2024 1:30:20 PM,1.02
10066,5/12/2024 1:30:30 PM,1.01
10066,5/12/2024 1:30:40 PM,0.99
10066,5/12/2024 1:30:50 PM,0.97
10066,5/12/2024 1:31:00 PM,0.96
10066,5/12/2024 1:31:10 PM,0.94
10066,5/12/2024 1:31:20 PM,0.92
10066,5/12/2024 1:31:30 PM,0.91
10066,5/12/2024 1:31:40 PM,0.89
10066,5/12/2024 1:31:50 PM,0.87
10066,5/12/2024 1:32:00 PM,0.86
10066,5/12/2024 1:32:10 PM,0.84
10066,5/12/2024 1:32:20 PM,0.82
10066,5/12/2024 1:32:30 PM,0.81
10066,5/12/2024 1:32:40 PM,0.79
10066,5/12/2024 1:32:50 PM,0.77
10066,5/12/2024 1:33:00 PM,0.76
10066,5/12/2024 1:33:10 PM,0.74
10066,5/12/2024 1:33:20 PM,0.72
10066,5/12/2024 1:33:30 PM,0.71
10066,5/12/2024 1:33:40 PM,0.69
10066,5/12/2024 1:33:50 PM,0.67
10066,5/12/2024 1:34:00 PM,0.66
10066,5/12/2024 1:34:10 PM,0.64
10066,5/12/2024 1:34:20 PM,0.62
10066,5/12/2024 1:34:30 PM,0.61
10066,5/12/2024 1:34:40 PM,0.59
10066,5/12/2024 1:34:50 PM,0.57
10066,5/12/2024 1:35:00 PM,0.56
10066,5/12/2024 1:35:10 PM,0.54
10066,5/12/2024 1:35:20 PM,0.52
10066,5/12/2024 1:35:30 PM,0.51
10066,5/12/2024 1:35:40 PM,0.49
10066,5/12/2024 1:35:50 PM,0.47
10066,5/12/2024 1:36:00 PM,0.46
10066,5/12/2024 1:36:10 PM,0.44
10066,5/12/2024 1:36:20 PM,0.42
10066,5/12/2024 1:36:30 PM,0.41
10066,5/12/2024 1:36:40 PM,0.39
10066,5/12/2024 1:36:50 PM,0.37
10066,5/12/2024 1:37:00 PM,0.36
10066,5/12/2024 1:37:10 PM,0.34
10066,5/12/2024 1:37:20 PM,0.32
10066,5/12/2024 1:37:30 PM,0.31
10066,5/12/2024 1:37:40 PM,0.29
10066,5/12/2024 1:37:50 PM,0.27
10066,5/12/2024 1:38:00 PM,0.26
10066,5/12/2024 1:38:10 PM,0.24
10066,5/12/2024 1:38:20 PM,0.22
10066,5/12/2024 1:38:30 PM,0.21
10066,5/12/2024 1:38:40 PM,0.19
10066,5/12/2024 1:38:50 PM,0.17
10066,5/12/2024 1:39:00 PM,0.16
10066,5/12/2024 1:39:10 PM,0.14
10066,5/12/2024 1:39:20 PM,0.12
10066,5/12/2024 1:39:30 PM,0.11
10066,5/12/2024 1:39:40 PM,1.29
10066,5/12/2024 1:39:50 PM,1.55
10066,5/12/2024 1:40:00 PM,1.62
10066,5/12/2024 1:40:10 PM,1.68
10066,5/12/2024 1:40:20 PM,1.74
10066,5/12/2024 1:40:30 PM,1.80
10066,5/12/2024 1:40:40 PM,1.86
10066,5/12/2024 1:40:50 PM,1.92
10066,5/12/2024 1:41:00 PM,1.99
10066,5/12/2024 1:41:10 PM,2.05
10066,5/12/2024 1:41:20 PM,2.11
10066,5/12/2024 1:41:30 PM,2.17
10066,5/12/2024 1:41:40 PM,2.23
10066,5/12/2024 1:41:50 PM,2.29
10066,5/12/2024 1:42:00 PM,1.97
10066,5/12/2024 1:42:10 PM,1.60
10066,5/12/2024 1:42:20 PM,1.22
10066,5/12/2024 1:42:30 PM,0.85
10066,5/12/2024 1:42:40 PM,0.97
10066,5/12/2024 1:42:50 PM,1.16
10066,5/12/2024 1:43:00 PM,1.36
10066,5/12/2024 1:43:10 PM,1.55
10066,5/12/2024 1:43:20 PM,1.74
10066,5/12/2024 1:43:30 PM,1.94
10066,5/12/2024 1:43:40 PM,1.83
10066,5/12/2024 1:43:50 PM,1.58
10066,5/12/2024 1:44:00 PM,1.33
10066,5/12/2024 1:44:10 PM,1.33
10066,5/12/2024 1:44:20 PM,1.36
10066,5/12/2024 1:44:30 PM,1.39
10066,5/12/2024 1:44:40 PM,1.43
10066,5/12/2024 1:44:50 PM,1.46
10066,5/12/2024 1:45:00 PM,1.49
10066,5/12/2024 1:45:10 PM,1.52
10066,5/12/2024 1:45:20 PM,1.55
10066,5/12/2024 1:45:30 PM,1.59
10066,5/12/2024 1:45:40 PM,1.62
10066,5/12/2024 1:45:50 PM,1.65
10066,5/12/2024 1:46:00 PM,1.68
10066,5/12/2024 1:46:10 PM,1.71
10066,5/12/2024 1:46:20 PM,1.75
10066,5/12/2024 1:46:30 PM,1.78
10066,5/12/2024 1:46:40 PM,1.81
10066,5/12/2024 1:46:50 PM,1.84
10066,5/12/2024 1:47:00 PM,1.88
10066,5/12/2024 1:47:10 PM,1.91
10066,5/12/2024 1:47:20 PM,1.94
10066,5/12/2024 1:47:30 PM,1.97
10066,5/12/2024 1:47:40 PM,2.00
10066,5/12/2024 1:47:50 PM,2.04
10066,5/12/2024 1:48:00 PM,2.07
10066,5/12/2024 1:48:10 PM,2.10
10066,5/12/2024 1:48:20 PM,2.13
10066,5/12/2024 1:48:30 PM,2.16
10066,5/12/2024 1:48:40 PM,2.20
10066,5/12/2024 1:48:50 PM,1.76
10066,5/12/2024 1:49:00 PM,1.26
10066,5/12/2024 1:49:10 PM,1.11
10066,5/12/2024 1:49:20 PM,1.12
10066,5/12/2024 1:49:30 PM,1.13
10066,5/12/2024 1:49:40 PM,1.14
10066,5/12/2024 1:49:50 PM,1.15
10066,5/12/2024 1:50:00 PM,1.17
10066,5/12/2024 1:50:10 PM,1.18
10066,5/12/2024 1:50:20 PM,1.19
10066,5/12/2024 1:50:30 PM,1.20
10066,5/12/2024 1:50:40 PM,1.21
10066,5/12/2024 1:50:50 PM,1.22
10066,5/12/2024 1:51:00 PM,1.23
10066,5/12/2024 1:51:10 PM,1.24
10066,5/12/2024 1:51:20 PM,1.26
10066,5/12/2024 1:51:30 PM,1.27
10066,5/12/2024 1:51:40 PM,1.28
10066,5/12/2024 1:51:50 PM,1.29
10066,5/12/2024 1:52:00 PM,1.30
10066,5/12/2024 1:52:10 PM,1.31
10066,5/12/2024 1:52:20 PM,1.32
10066,5/12/2024 1:52:30 PM,1.34
10066,5/12/2024 1:52:40 PM,1.35
10066,5/12/2024 1:52:50 PM,1.36
10066,5/12/2024 1:53:00 PM,1.37
10066,5/12/2024 1:53:10 PM,1.38
10066,5/12/2024 1:53:20 PM,1.39
10066,5/12/2024 1:53:30 PM,1.40
10066,5/12/2024 1:53:40 PM,1.41
10066,5/12/2024 1:53:50 PM,1.43
10066,5/12/2024 1:54:00 PM,1.44
10066,5/12/2024 1:54:10 PM,1.45
10066,5/12/2024 1:54:20 PM,1.46
10066,5/12/2024 1:54:30 PM,1.47
10066,5/12/2024 1:54:40 PM,1.48
10066,5/12/2024 1:54:50 PM,1.49
10066,5/12/2024 1:55:00 PM,1.51
10066,5/12/2024 1:55:10 PM,1.52
10066,5/12/2024 1:55:20 PM,1.53
10066,5/12/2024 1:55:30 PM,1.54
10066,5/12/2024 1:55:40 PM,1.55
10066,5/12/2024 1:55:50 PM,1.56
10066,5/12/2024 1:56:00 PM,1.57
10066,5/12/2024 1:56:10 PM,1.59
10066,5/12/2024 1:56:20 PM,1.60
10066,5/12/2024 1:56:30 PM,1.61
10066,5/12/2024 1:56:40 PM,1.62
10066,5/12/2024 1:56:50 PM,1.63
10066,5/12/2024 1:57:00 PM,1.64
10066,5/12/2024 1:57:10 PM,1.65
10066,5/12/2024 1:57:20 PM,1.66
10066,5/12/2024 1:57:30 PM,1.68
10066,5/12/2024 1:57:40 PM,1.69
10066,5/12/2024 1:57:50 PM,1.70
10066,5/12/2024 1:58:00 PM,1.69
10066,5/12/2024 1:58:10 PM,1.69
10066,5/12/2024 1:58:20 PM,1.68
10066,5/12/2024 1:58:30 PM,1.67
10066,5/12/2024 1:58:40 PM,1.67
10066,5/12/2024 1:58:50 PM,1.66
10066,5/12/2024 1:59:00 PM,1.65
10066,5/12/2024 1:59:10 PM,1.65
10066,5/12/2024 1:59:20 PM,1.64
10066,5/12/2024 1:59:30 PM,1.63
10066,5/12/2024 1:59:40 PM,1.62
10066,5/12/2024 1:59:50 PM,1.62
10066,5/12/2024 2:00:00 PM,1.61
10066,5/12/2024 2:00:10 PM,1.60
10066,5/12/2024 2:00:20 PM,1.61
10066,5/12/2024 2:00:30 PM,1.63
10066,5/12/2024 2:00:40 PM,1.65
10066,5/12/2024 2:00:50 PM,1.68
10066,5/12/2024 2:01:00 PM,1.70
10066,5/12/2024 2:01:10 PM,1.72
10066,5/12/2024 2:01:20 PM,1.74
10066,5/12/2024 2:01:30 PM,1.76
10066,5/12/2024 2:01:40 PM,1.78
10066,5/12/2024 2:01:50 PM,1.81
10066,5/12/2024 2:02:00 PM,1.83
10066,5/12/2024 2:02:10 PM,1.85
10066,5/12/2024 2:02:20 PM,1.87
10066,5/12/2024 2:02:30 PM,1.89
10066,5/12/2024 2:02:40 PM,1.60
10066,5/12/2024 2:02:50 PM,1.15
10066,5/12/2024 2:03:00 PM,1.14
10066,5/12/2024 2:03:10 PM,1.19
10066,5/12/2024 2:03:20 PM,1.24
10066,5/12/2024 2:03:30 PM,1.28
10066,5/12/2024 2:03:40 PM,1.33
10066,5/12/2024 2:03:50 PM,1.38
10066,5/12/2024 2:04:00 PM,1.43
10066,5/12/2024 2:04:10 PM,1.47
10066,5/12/2024 2:04:20 PM,1.52
10066,5/12/2024 2:04:30 PM,1.57
10066,5/12/2024 2:04:40 PM,1.61
10066,5/12/2024 2:04:50 PM,1.66
10066,5/12/2024 2:05:00 PM,1.71
10066,5/12/2024 2:05:10 PM,1.76
10066,5/12/2024 2:05:20 PM,1.80
10066,5/12/2024 2:05:30 PM,1.85
10066,5/12/2024 2:05:40 PM,1.90
10066,5/12/2024 2:05:50 PM,1.94
10066,5/12/2024 2:06:00 PM,1.99
10066,5/12/2024 2:06:10 PM,2.04
10066,5/12/2024 2:06:20 PM,2.09
10066,5/12/2024 2:06:30 PM,2.03
10066,5/12/2024 2:06:40 PM,1.93
10066,5/12/2024 2:06:50 PM,1.83
10066,5/12/2024 2:07:00 PM,1.73
10066,5/12/2024 2:07:10 PM,1.62
10066,5/12/2024 2:07:20 PM,1.52
10066,5/12/2024 2:07:30 PM,1.42
10066,5/12/2024 2:07:40 PM,1.32
10066,5/12/2024 2:07:50 PM,1.22
10066,5/12/2024 2:08:00 PM,1.11
10066,5/12/2024 2:08:10 PM,1.01
10066,5/12/2024 2:08:20 PM,1.08
10066,5/12/2024 2:08:30 PM,1.17
10066,5/12/2024 2:08:40 PM,1.25
10066,5/12/2024 2:08:50 PM,1.34
10066,5/12/2024 2:09:00 PM,1.43
10066,5/12/2024 2:09:10 PM,1.52
10066,5/12/2024 2:09:20 PM,1.61
10066,5/12/2024 2:09:30 PM,1.70
10066,5/12/2024 2:09:40 PM,1.78
10066,5/12/2024 2:09:50 PM,1.87
10066,5/12/2024 2:10:00 PM,1.68
10066,5/12/2024 2:10:10 PM,1.36
10066,5/12/2024 2:10:20 PM,1.04
10066,5/12/2024 2:10:30 PM,1.01
10066,5/12/2024 2:10:40 PM,1.02
10066,5/12/2024 2:10:50 PM,1.03
10066,5/12/2024 2:11:00 PM,1.04
10066,5/12/2024 2:11:10 PM,1.05
10066,5/12/2024 2:11:20 PM,1.06
10066,5/12/2024 2:11:30 PM,1.07
10066,5/12/2024 2:11:40 PM,1.08
10066,5/12/2024 2:11:50 PM,1.08
10066,5/12/2024 2:12:00 PM,1.09
10066,5/12/2024 2:12:10 PM,1.10
10066,5/12/2024 2:12:20 PM,1.11
10066,5/12/2024 2:12:30 PM,1.12
10066,5/12/2024 2:12:40 PM,1.13
10066,5/12/2024 2:12:50 PM,1.14
10066,5/12/2024 2:13:00 PM,1.15
10066,5/12/2024 2:13:10 PM,1.16
10066,5/12/2024 2:13:20 PM,1.17
10066,5/12/2024 2:13:30 PM,1.18
10066,5/12/2024 2:13:40 PM,1.19
10066,5/12/2024 2:13:50 PM,1.20
10066,5/12/2024 2:14:00 PM,1.21
10066,5/12/2024 2:14:10 PM,1.22
10066,5/12/2024 2:14:20 PM,1.23
10066,5/12/2024 2:14:30 PM,1.24
10066,5/12/2024 2:14:40 PM,1.25
10066,5/12/2024 2:14:50 PM,1.25
10066,5/12/2024 2:15:00 PM,1.26
10066,5/12/2024 2:15:10 PM,1.27
10066,5/12/2024 2:15:20 PM,1.28
10066,5/12/2024 2:15:30 PM,1.29
10066,5/12/2024 2:15:40 PM,1.30
10066,5/12/2024 2:15:50 PM,1.31
10066,5/12/2024 2:16:00 PM,1.32
10066,5/12/2024 2:16:10 PM,1.33
10066,5/12/2024 2:16:20 PM,1.34
10066,5/12/2024 2:16:30 PM,1.35
10066,5/12/2024 2:16:40 PM,1.36
10066,5/12/2024 2:16:50 PM,1.37
10066,5/12/2024 2:17:00 PM,1.38
10066,5/12/2024 2:17:10 PM,1.39
10066,5/12/2024 2:17:20 PM,1.40
10066,5/12/2024 2:17:30 PM,1.41
10066,5/12/2024 2:17:40 PM,1.42
10066,5/12/2024 2:17:50 PM,1.43
10066,5/12/2024 2:18:00 PM,1.43
10066,5/12/2024 2:18:10 PM,1.44
10066,5/12/2024 2:18:20 PM,1.45
10066,5/12/2024 2:18:30 PM,1.46
10066,5/12/2024 2:18:40 PM,1.47
10066,5/12/2024 2:18:50 PM,1.48
10066,5/12/2024 2:19:00 PM,1.49
10066,5/12/2024 2:19:10 PM,1.50
10066,5/12/2024 2:19:20 PM,1.51
10066,5/12/2024 2:19:30 PM,1.52
10066,5/12/2024 2:19:40 PM,1.53
10066,5/12/2024 2:19:50 PM,1.54
10066,5/12/2024 2:20:00 PM,1.55
10066,5/12/2024 2:20:10 PM,1.56
10066,5/12/2024 2:20:20 PM,1.57
10066,5/12/2024 2:20:30 PM,1.58
10066,5/12/2024 2:20:40 PM,1.59
10066,5/12/2024 2:20:50 PM,1.60
10066,5/12/2024 2:21:00 PM,1.61
10066,5/12/2024 2:21:10 PM,1.61
10066,5/12/2024 2:21:20 PM,1.62
10066,5/12/2024 2:21:30 PM,1.63
10066,5/12/2024 2:21:40 PM,1.64
10066,5/12/2024 2:21:50 PM,1.65
10066,5/12/2024 2:22:00 PM,1.66
10066,5/12/2024 2:22:10 PM,1.67
10066,5/12/2024 2:22:20 PM,1.68
10066,5/12/2024 2:22:30 PM,1.69
10066,5/12/2024 2:22:40 PM,1.70
10066,5/12/2024 2:22:50 PM,1.71
10066,5/12/2024 2:23:00 PM,1.72
10066,5/12/2024 2:23:10 PM,1.73
10066,5/12/2024 2:23:20 PM,1.74
10066,5/12/2024 2:23:30 PM,1.75
10066,5/12/2024 2:23:40 PM,1.76
10066,5/12/2024 2:23:50 PM,1.77
10066,5/12/2024 2:24:00 PM,1.78
10066,5/12/2024 2:24:10 PM,1.79
10066,5/12/2024 2:24:20 PM,1.79
10066,5/12/2024 2:24:30 PM,1.80
10066,5/12/2024 2:24:40 PM,1.81
10066,5/12/2024 2:24:50 PM,1.82
10066,5/12/2024 2:25:00 PM,1.83
10066,5/12/2024 2:25:10 PM,1.84
10066,5/12/2024 2:25:20 PM,1.85
10066,5/12/2024 2:25:30 PM,1.86
10066,5/12/2024 2:25:40 PM,1.87
10066,5/12/2024 2:25:50 PM,1.88
10066,5/12/2024 2:26:00 PM,1.89
10066,5/12/2024 2:26:10 PM,1.90
10066,5/12/2024 2:26:20 PM,1.91
10066,5/12/2024 2:26:30 PM,1.92
10066,5/12/2024 2:26:40 PM,1.93
10066,5/12/2024 2:26:50 PM,1.94
10066,5/12/2024 2:27:00 PM,1.95
10066,5/12/2024 2:27:10 PM,1.96
10066,5/12/2024 2:27:20 PM,1.97
10066,5/12/2024 2:27:30 PM,1.97
10066,5/12/2024 2:27:40 PM,1.98
10066,5/12/2024 2:27:50 PM,1.99
10066,5/12/2024 2:28:00 PM,2.00
10066,5/12/2024 2:28:10 PM,2.01
10066,5/12/2024 2:28:20 PM,2.02
10066,5/12/2024 2:28:30 PM,2.03
10066,5/12/2024 2:28:40 PM,2.04
10066,5/12/2024 2:28:50 PM,2.05
10066,5/12/2024 2:29:00 PM,2.06
10066,5/12/2024 2:29:10 PM,2.07
10066,5/12/2024 2:29:20 PM,2.08
10066,5/12/2024 2:29:30 PM,2.09
10066,5/12/2024 2:29:40 PM,2.10
10066,5/12/2024 2:29:50 PM,1.90
10066,5/12/2024 2:30:00 PM,1.61
10066,5/12/2024 2:30:10 PM,1.32
10066,5/12/2024 2:30:20 PM,1.04
10066,5/12/2024 2:30:30 PM,1.25
10066,5/12/2024 2:30:40 PM,1.54
10066,5/12/2024 2:30:50 PM,1.82
10066,5/12/2024 2:31:00 PM,2.11
10066,5/12/2024 2:31:10 PM,2.09
10066,5/12/2024 2:31:20 PM,1.92
10066,5/12/2024 2:31:30 PM,1.75
10066,5/12/2024 2:31:40 PM,1.59
10066,5/12/2024 2:31:50 PM,1.42
10066,5/12/2024 2:32:00 PM,1.57
10066,5/12/2024 2:32:10 PM,1.75
10066,5/12/2024 2:32:20 PM,1.94
10066,5/12/2024 2:32:30 PM,1.95
10066,5/12/2024 2:32:40 PM,1.88
10066,5/12/2024 2:32:50 PM,1.81
10066,5/12/2024 2:33:00 PM,1.74
10066,5/12/2024 2:33:10 PM,1.67
10066,5/12/2024 2:33:20 PM,1.60
10066,5/12/2024 2:33:30 PM,1.53
10066,5/12/2024 2:33:40 PM,1.46
10066,5/12/2024 2:33:50 PM,1.39
10066,5/12/2024 2:34:00 PM,1.32
10066,5/12/2024 2:34:10 PM,1.25
10066,5/12/2024 2:34:20 PM,1.18
10066,5/12/2024 2:34:30 PM,1.11
10066,5/12/2024 2:34:40 PM,1.15
10066,5/12/2024 2:34:50 PM,1.21
10066,5/12/2024 2:35:00 PM,1.26
10066,5/12/2024 2:35:10 PM,1.32
10066,5/12/2024 2:35:20 PM,1.38
10066,5/12/2024 2:35:30 PM,1.43
10066,5/12/2024 2:35:40 PM,1.49
10066,5/12/2024 2:35:50 PM,1.54
10066,5/12/2024 2:36:00 PM,1.60
10066,5/12/2024 2:36:10 PM,1.66
10066,5/12/2024 2:36:20 PM,1.71
10066,5/12/2024 2:36:30 PM,1.77
10066,5/12/2024 2:36:40 PM,1.83
10066,5/12/2024 2:36:50 PM,1.88
10066,5/12/2024 2:37:00 PM,1.73
10066,5/12/2024 2:37:10 PM,1.48
10066,5/12/2024 2:37:20 PM,1.23
10066,5/12/2024 2:37:30 PM,0.98
10066,5/12/2024 2:37:40 PM,0.97
10066,5/12/2024 2:37:50 PM,1.07
10066,5/12/2024 2:38:00 PM,1.17
10066,5/12/2024 2:38:10 PM,1.27
10066,5/12/2024 2:38:20 PM,1.37
10066,5/12/2024 2:38:30 PM,1.47
10066,5/12/2024 2:38:40 PM,1.57
10066,5/12/2024 2:38:50 PM,1.67
10066,5/12/2024 2:39:00 PM,1.63
10066,5/12/2024 2:39:10 PM,1.53
10066,5/12/2024 2:39:20 PM,1.43
10066,5/12/2024 2:39:30 PM,1.33
10066,5/12/2024 2:39:40 PM,1.23
10066,5/12/2024 2:39:50 PM,1.27
10066,5/12/2024 2:40:00 PM,1.37
10066,5/12/2024 2:40:10 PM,1.48
10066,5/12/2024 2:40:20 PM,1.58
10066,5/12/2024 2:40:30 PM,1.68
10066,5/12/2024 2:40:40 PM,1.78
10066,5/12/2024 2:40:50 PM,1.89
10066,5/12/2024 2:41:00 PM,1.99
10066,5/12/2024 2:41:10 PM,1.91
10066,5/12/2024 2:41:20 PM,1.81
10066,5/12/2024 2:41:30 PM,1.71
10066,5/12/2024 2:41:40 PM,1.61
10066,5/12/2024 2:41:50 PM,1.51
10066,5/12/2024 2:42:00 PM,1.41
10066,5/12/2024 2:42:10 PM,1.31
10066,5/12/2024 2:42:20 PM,1.21
10066,5/12/2024 2:42:30 PM,1.23
10066,5/12/2024 2:42:40 PM,1.25
10066,5/12/2024 2:42:50 PM,1.28
10066,5/12/2024 2:43:00 PM,1.31
10066,5/12/2024 2:43:10 PM,1.34
10066,5/12/2024 2:43:20 PM,1.37
10066,5/12/2024 2:43:30 PM,1.40
10066,5/12/2024 2:43:40 PM,1.42
10066,5/12/2024 2:43:50 PM,1.45
10066,5/12/2024 2:44:00 PM,1.48
10066,5/12/2024 2:44:10 PM,1.51
10066,5/12/2024 2:44:20 PM,1.54
10066,5/12/2024 2:44:30 PM,1.56
10066,5/12/2024 2:44:40 PM,1.59
10066,5/12/2024 2:44:50 PM,1.62
10066,5/12/2024 2:45:00 PM,1.65
10066,5/12/2024 2:45:10 PM,1.68
10066,5/12/2024 2:45:20 PM,1.71
10066,5/12/2024 2:45:30 PM,1.73
10066,5/12/2024 2:45:40 PM,1.76
10066,5/12/2024 2:45:50 PM,1.79
10066,5/12/2024 2:46:00 PM,1.46
10066,5/12/2024 2:46:10 PM,0.97
10066,5/12/2024 2:46:20 PM,0.93
10066,5/12/2024 2:46:30 PM,0.97
10066,5/12/2024 2:46:40 PM,1.00
10066,5/12/2024 2:46:50 PM,1.04
10066,5/12/2024 2:47:00 PM,1.07
10066,5/12/2024 2:47:10 PM,1.11
10066,5/12/2024 2:47:20 PM,1.14
10066,5/12/2024 2:47:30 PM,1.18
10066,5/12/2024 2:47:40 PM,1.22
10066,5/12/2024 2:47:50 PM,1.25
10066,5/12/2024 2:48:00 PM,1.29
10066,5/12/2024 2:48:10 PM,1.32
10066,5/12/2024 2:48:20 PM,1.36
10066,5/12/2024 2:48:30 PM,1.39
10066,5/12/2024 2:48:40 PM,1.43
10066,5/12/2024 2:48:50 PM,1.46
10066,5/12/2024 2:49:00 PM,1.50
10066,5/12/2024 2:49:10 PM,1.53
10066,5/12/2024 2:49:20 PM,1.57
10066,5/12/2024 2:49:30 PM,1.61
10066,5/12/2024 2:49:40 PM,1.64
10066,5/12/2024 2:49:50 PM,1.68
10066,5/12/2024 2:50:00 PM,1.71
10066,5/12/2024 2:50:10 PM,1.75
10066,5/12/2024 2:50:20 PM,1.78
10066,5/12/2024 2:50:30 PM,1.82
10066,5/12/2024 2:50:40 PM,1.85
10066,5/12/2024 2:50:50 PM,1.89
10066,5/12/2024 2:51:00 PM,1.93
10066,5/12/2024 2:51:10 PM,1.96
10066,5/12/2024 2:51:20 PM,2.00
10066,5/12/2024 2:51:30 PM,1.92
10066,5/12/2024 2:51:40 PM,1.84
10066,5/12/2024 2:51:50 PM,1.75
10066,5/12/2024 2:52:00 PM,1.66
10066,5/12/2024 2:52:10 PM,1.58
10066,5/12/2024 2:52:20 PM,1.49
10066,5/12/2024 2:52:30 PM,1.40
10066,5/12/2024 2:52:40 PM,1.32
10066,5/12/2024 2:52:50 PM,1.23
10066,5/12/2024 2:53:00 PM,1.22
10066,5/12/2024 2:53:10 PM,1.25
10066,5/12/2024 2:53:20 PM,1.29
10066,5/12/2024 2:53:30 PM,1.32
10066,5/12/2024 2:53:40 PM,1.35
10066,5/12/2024 2:53:50 PM,1.38
10066,5/12/2024 2:54:00 PM,1.42
10066,5/12/2024 2:54:10 PM,1.45
10066,5/12/2024 2:54:20 PM,1.48
10066,5/12/2024 2:54:30 PM,1.51
10066,5/12/2024 2:54:40 PM,1.54
10066,5/12/2024 2:54:50 PM,1.58
10066,5/12/2024 2:55:00 PM,1.61
10066,5/12/2024 2:55:10 PM,1.64
10066,5/12/2024 2:55:20 PM,1.67
10066,5/12/2024 2:55:30 PM,1.71
10066,5/12/2024 2:55:40 PM,1.74
10066,5/12/2024 2:55:50 PM,1.77
10066,5/12/2024 2:56:00 PM,1.80
10066,5/12/2024 2:56:10 PM,1.84
10066,5/12/2024 2:56:20 PM,1.87
10066,5/12/2024 2:56:30 PM,1.90
10066,5/12/2024 2:56:40 PM,1.93
10066,5/12/2024 2:56:50 PM,1.96
10066,5/12/2024 2:57:00 PM,2.00
10066,5/12/2024 2:57:10 PM,1.98
10066,5/12/2024 2:57:20 PM,1.95
10066,5/12/2024 2:57:30 PM,1.93
10066,5/12/2024 2:57:40 PM,1.90
10066,5/12/2024 2:57:50 PM,1.87
10066,5/12/2024 2:58:00 PM,1.85
10066,5/12/2024 2:58:10 PM,1.82
10066,5/12/2024 2:58:20 PM,1.80
10066,5/12/2024 2:58:30 PM,1.77
10066,5/12/2024 2:58:40 PM,1.74
10066,5/12/2024 2:58:50 PM,1.72
10066,5/12/2024 2:59:00 PM,1.69
10066,5/12/2024 2:59:10 PM,1.67
10066,5/12/2024 2:59:20 PM,1.64
10066,5/12/2024 2:59:30 PM,1.61
10066,5/12/2024 2:59:40 PM,1.59
10066,5/12/2024 2:59:50 PM,1.56
10066,5/12/2024 3:00:00 PM,1.54
10066,5/12/2024 3:00:10 PM,1.51
10066,5/12/2024 3:00:20 PM,1.51
10066,5/12/2024 3:00:30 PM,1.52
10066,5/12/2024 3:00:40 PM,1.52
10066,5/12/2024 3:00:50 PM,1.53
10066,5/12/2024 3:01:00 PM,1.54
10066,5/12/2024 3:01:10 PM,1.55
10066,5/12/2024 3:01:20 PM,1.56
10066,5/12/2024 3:01:30 PM,1.57
10066,5/12/2024 3:01:40 PM,1.58
10066,5/12/2024 3:01:50 PM,1.58
10066,5/12/2024 3:02:00 PM,1.59
10066,5/12/2024 3:02:10 PM,1.60
10066,5/12/2024 3:02:20 PM,1.61
10066,5/12/2024 3:02:30 PM,1.62
10066,5/12/2024 3:02:40 PM,1.63
10066,5/12/2024 3:02:50 PM,1.64
10066,5/12/2024 3:03:00 PM,1.65
10066,5/12/2024 3:03:10 PM,1.65
10066,5/12/2024 3:03:20 PM,1.66
10066,5/12/2024 3:03:30 PM,1.67
10066,5/12/2024 3:03:40 PM,1.68
10066,5/12/2024 3:03:50 PM,1.69
10066,5/12/2024 3:04:00 PM,1.70
10066,5/12/2024 3:04:10 PM,1.70
10066,5/12/2024 3:04:20 PM,1.70
10066,5/12/2024 3:04:30 PM,1.70
10066,5/12/2024 3:04:40 PM,1.69
10066,5/12/2024 3:04:50 PM,1.69
10066,5/12/2024 3:05:00 PM,1.69
10066,5/12/2024 3:05:10 PM,1.69
10066,5/12/2024 3:05:20 PM,1.69
10066,5/12/2024 3:05:30 PM,1.68
10066,5/12/2024 3:05:40 PM,1.68
10066,5/12/2024 3:05:50 PM,1.68
10066,5/12/2024 3:06:00 PM,1.68
10066,5/12/2024 3:06:10 PM,1.68
10066,5/12/2024 3:06:20 PM,1.67
10066,5/12/2024 3:06:30 PM,1.67
10066,5/12/2024 3:06:40 PM,1.67
10066,5/12/2024 3:06:50 PM,1.67
10066,5/12/2024 3:07:00 PM,1.67
10066,5/12/2024 3:07:10 PM,1.66
10066,5/12/2024 3:07:20 PM,1.66
10066,5/12/2024 3:07:30 PM,1.66
10066,5/12/2024 3:07:40 PM,1.66
10066,5/12/2024 3:07:50 PM,1.66
10066,5/12/2024 3:08:00 PM,1.66
10066,5/12/2024 3:08:10 PM,1.65
10066,5/12/2024 3:08:20 PM,1.65
10066,5/12/2024 3:08:30 PM,1.65
10066,5/12/2024 3:08:40 PM,1.65
10066,5/12/2024 3:08:50 PM,1.65
10066,5/12/2024 3:09:00 PM,1.64
10066,5/12/2024 3:09:10 PM,1.64
10066,5/12/2024 3:09:20 PM,1.64
10066,5/12/2024 3:09:30 PM,1.64
10066,5/12/2024 3:09:40 PM,1.64
10066,5/12/2024 3:09:50 PM,1.63
10066,5/12/2024 3:10:00 PM,1.63
10066,5/12/2024 3:10:10 PM,1.63
10066,5/12/2024 3:10:20 PM,1.63
10066,5/12/2024 3:10:30 PM,1.63
10066,5/12/2024 3:10:40 PM,1.62
10066,5/12/2024 3:10:50 PM,1.62
10066,5/12/2024 3:11:00 PM,1.62
10066,5/12/2024 3:11:10 PM,1.62
10066,5/12/2024 3:11:20 PM,1.62
10066,5/12/2024 3:11:30 PM,1.62
10066,5/12/2024 3:11:40 PM,1.61
10066,5/12/2024 3:11:50 PM,1.61
10066,5/12/2024 3:12:00 PM,1.61
10066,5/12/2024 3:12:10 PM,1.61
10066,5/12/2024 3:12:20 PM,1.61
10066,5/12/2024 3:12:30 PM,1.60
10066,5/12/2024 3:12:40 PM,1.60
10066,5/12/2024 3:12:50 PM,1.60
10066,5/12/2024 3:13:00 PM,1.60
10066,5/12/2024 3:13:10 PM,1.60
10066,5/12/2024 3:13:20 PM,1.59
10066,5/12/2024 3:13:30 PM,1.59
10066,5/12/2024 3:13:40 PM,1.59
10066,5/12/2024 3:13:50 PM,1.59
10066,5/12/2024 3:14:00 PM,1.59
10066,5/12/2024 3:14:10 PM,1.58
10066,5/12/2024 3:14:20 PM,1.58
10066,5/12/2024 3:14:30 PM,1.58
10066,5/12/2024 3:14:40 PM,1.58
10066,5/12/2024 3:14:50 PM,1.58
10066,5/12/2024 3:15:00 PM,1.58
10066,5/12/2024 3:15:10 PM,1.57
10066,5/12/2024 3:15:20 PM,1.57
10066,5/12/2024 3:15:30 PM,1.57
10066,5/12/2024 3:15:40 PM,1.57
10066,5/12/2024 3:15:50 PM,1.57
10066,5/12/2024 3:16:00 PM,1.56
10066,5/12/2024 3:16:10 PM,1.56
10066,5/12/2024 3:16:20 PM,1.56
10066,5/12/2024 3:16:30 PM,1.56
10066,5/12/2024 3:16:40 PM,1.56
10066,5/12/2024 3:16:50 PM,1.55
10066,5/12/2024 3:17:00 PM,1.55
10066,5/12/2024 3:17:10 PM,1.55
10066,5/12/2024 3:17:20 PM,1.55
10066,5/12/2024 3:17:30 PM,1.55
10066,5/12/2024 3:17:40 PM,1.54
10066,5/12/2024 3:17:50 PM,1.54
10066,5/12/2024 3:18:00 PM,1.54
10066,5/12/2024 3:18:10 PM,1.54
10066,5/12/2024 3:18:20 PM,1.54
10066,5/12/2024 3:18:30 PM,1.53
10066,5/12/2024 3:18:40 PM,1.53
10066,5/12/2024 3:18:50 PM,1.53
10066,5/12/2024 3:19:00 PM,1.53
10066,5/12/2024 3:19:10 PM,1.53
10066,5/12/2024 3:19:20 PM,1.53
10066,5/12/2024 3:19:30 PM,1.52
10066,5/12/2024 3:19:40 PM,1.52
10066,5/12/2024 3:19:50 PM,1.52
10066,5/12/2024 3:20:00 PM,1.52
10066,5/12/2024 3:20:10 PM,1.52
10066,5/12/2024 3:20:20 PM,1.51
10066,5/12/2024 3:20:30 PM,1.51
10066,5/12/2024 3:20:40 PM,1.51
10066,5/12/2024 3:20:50 PM,1.51
10066,5/12/2024 3:21:00 PM,1.51
10066,5/12/2024 3:21:10 PM,1.50
10066,5/12/2024 3:21:20 PM,1.50
10066,5/12/2024 3:21:30 PM,1.50
10066,5/12/2024 3:21:40 PM,1.50
10066,5/12/2024 3:21:50 PM,1.50
10066,5/12/2024 3:22:00 PM,1.49
10066,5/12/2024 3:22:10 PM,1.49
10066,5/12/2024 3:22:20 PM,1.49
10066,5/12/2024 3:22:30 PM,1.49
10066,5/12/2024 3:22:40 PM,1.49
10066,5/12/2024 3:22:50 PM,1.49
10066,5/12/2024 3:23:00 PM,1.48
10066,5/12/2024 3:23:10 PM,1.48
10066,5/12/2024 3:23:20 PM,1.48
10066,5/12/2024 3:23:30 PM,1.48
10066,5/12/2024 3:23:40 PM,1.48
10066,5/12/2024 3:23:50 PM,1.47
10066,5/12/2024 3:24:00 PM,1.47
10066,5/12/2024 3:24:10 PM,1.47
10066,5/12/2024 3:24:20 PM,1.47
10066,5/12/2024 3:24:30 PM,1.47
10066,5/12/2024 3:24:40 PM,1.46
10066,5/12/2024 3:24:50 PM,1.46
10066,5/12/2024 3:25:00 PM,1.46
10066,5/12/2024 3:25:10 PM,1.46
10066,5/12/2024 3:25:20 PM,1.46
10066,5/12/2024 3:25:30 PM,1.45
10066,5/12/2024 3:25:40 PM,1.45
10066,5/12/2024 3:25:50 PM,1.45
10066,5/12/2024 3:26:00 PM,1.45
10066,5/12/2024 3:26:10 PM,1.45
10066,5/12/2024 3:26:20 PM,1.45
10066,5/12/2024 3:26:30 PM,1.44
10066,5/12/2024 3:26:40 PM,1.44
10066,5/12/2024 3:26:50 PM,1.44
10066,5/12/2024 3:27:00 PM,1.44
10066,5/12/2024 3:27:10 PM,1.44
10066,5/12/2024 3:27:20 PM,1.43
10066,5/12/2024 3:27:30 PM,1.43
10066,5/12/2024 3:27:40 PM,1.43
10066,5/12/2024 3:27:50 PM,1.43
10066,5/12/2024 3:28:00 PM,1.43
10066,5/12/2024 3:28:10 PM,1.42
10066,5/12/2024 3:28:20 PM,1.42
10066,5/12/2024 3:28:30 PM,1.42
10066,5/12/2024 3:28:40 PM,1.42
10066,5/12/2024 3:28:50 PM,1.42
10066,5/12/2024 3:29:00 PM,1.41
10066,5/12/2024 3:29:10 PM,1.41
10066,5/12/2024 3:29:20 PM,1.41
10066,5/12/2024 3:29:30 PM,1.41
10066,5/12/2024 3:29:40 PM,1.41
10066,5/12/2024 3:29:50 PM,1.40
10066,5/12/2024 3:30:00 PM,1.40
10066,5/12/2024 3:30:10 PM,1.40
10066,5/12/2024 3:30:20 PM,1.40
10066,5/12/2024 3:30:30 PM,1.41
10066,5/12/2024 3:30:40 PM,1.41
10066,5/12/2024 3:30:50 PM,1.41
10066,5/12/2024 3:31:00 PM,1.42
10066,5/12/2024 3:31:10 PM,1.42
10066,5/12/2024 3:31:20 PM,1.42
10066,5/12/2024 3:31:30 PM,1.43
10066,5/12/2024 3:31:40 PM,1.43
10066,5/12/2024 3:31:50 PM,1.43
10066,5/12/2024 3:32:00 PM,1.44
10066,5/12/2024 3:32:10 PM,1.44
10066,5/12/2024 3:32:20 PM,1.44
10066,5/12/2024 3:32:30 PM,1.45
10066,5/12/2024 3:32:40 PM,1.45
10066,5/12/2024 3:32:50 PM,1.45
10066,5/12/2024 3:33:00 PM,1.46
10066,5/12/2024 3:33:10 PM,1.46
10066,5/12/2024 3:33:20 PM,1.46
10066,5/12/2024 3:33:30 PM,1.47
10066,5/12/2024 3:33:40 PM,1.47
10066,5/12/2024 3:33:50 PM,1.47
10066,5/12/2024 3:34:00 PM,1.47
10066,5/12/2024 3:34:10 PM,1.48
10066,5/12/2024 3:34:20 PM,1.48
10066,5/12/2024 3:34:30 PM,1.48
10066,5/12/2024 3:34:40 PM,1.49
10066,5/12/2024 3:34:50 PM,1.49
10066,5/12/2024 3:35:00 PM,1.49
10066,5/12/2024 3:35:10 PM,1.50
10066,5/12/2024 3:35:20 PM,1.50
10066,5/12/2024 3:35:30 PM,1.50
10066,5/12/2024 3:35:40 PM,1.51
10066,5/12/2024 3:35:50 PM,1.51
10066,5/12/2024 3:36:00 PM,1.51
10066,5/12/2024 3:36:10 PM,1.52
10066,5/12/2024 3:36:20 PM,1.52
10066,5/12/2024 3:36:30 PM,1.52
10066,5/12/2024 3:36:40 PM,1.53
10066,5/12/2024 3:36:50 PM,1.53
10066,5/12/2024 3:37:00 PM,1.53
10066,5/12/2024 3:37:10 PM,1.54
10066,5/12/2024 3:37:20 PM,1.54
10066,5/12/2024 3:37:30 PM,1.54
10066,5/12/2024 3:37:40 PM,1.55
10066,5/12/2024 3:37:50 PM,1.55
10066,5/12/2024 3:38:00 PM,1.55
10066,5/12/2024 3:38:10 PM,1.56
10066,5/12/2024 3:38:20 PM,1.56
10066,5/12/2024 3:38:30 PM,1.56
10066,5/12/2024 3:38:40 PM,1.57
10066,5/12/2024 3:38:50 PM,1.57
10066,5/12/2024 3:39:00 PM,1.57
10066,5/12/2024 3:39:10 PM,1.58
10066,5/12/2024 3:39:20 PM,1.58
10066,5/12/2024 3:39:30 PM,1.58
10066,5/12/2024 3:39:40 PM,1.59
10066,5/12/2024 3:39:50 PM,1.59
10066,5/12/2024 3:40:00 PM,1.59
10066,5/12/2024 3:40:10 PM,1.60
10066,5/12/2024 3:40:20 PM,1.60
10066,5/12/2024 3:40:30 PM,1.60
10066,5/12/2024 3:40:40 PM,1.60
10066,5/12/2024 3:40:50 PM,1.59
10066,5/12/2024 3:41:00 PM,1.59
10066,5/12/2024 3:41:10 PM,1.59
10066,5/12/2024 3:41:20 PM,1.59
10066,5/12/2024 3:41:30 PM,1.58
10066,5/12/2024 3:41:40 PM,1.58
10066,5/12/2024 3:41:50 PM,1.58
10066,5/12/2024 3:42:00 PM,1.58
10066,5/12/2024 3:42:10 PM,1.57
10066,5/12/2024 3:42:20 PM,1.57
10066,5/12/2024 3:42:30 PM,1.57
10066,5/12/2024 3:42:40 PM,1.57
10066,5/12/2024 3:42:50 PM,1.56
10066,5/12/2024 3:43:00 PM,1.56
10066,5/12/2024 3:43:10 PM,1.56
10066,5/12/2024 3:43:20 PM,1.56
10066,5/12/2024 3:43:30 PM,1.55
10066,5/12/2024 3:43:40 PM,1.55
10066,5/12/2024 3:43:50 PM,1.55
10066,5/12/2024 3:44:00 PM,1.55
10066,5/12/2024 3:44:10 PM,1.54
10066,5/12/2024 3:44:20 PM,1.54
10066,5/12/2024 3:44:30 PM,1.54
10066,5/12/2024 3:44:40 PM,1.54
10066,5/12/2024 3:44:50 PM,1.53
10066,5/12/2024 3:45:00 PM,1.53
10066,5/12/2024 3:45:10 PM,1.53
10066,5/12/2024 3:45:20 PM,1.53
10066,5/12/2024 3:45:30 PM,1.52
10066,5/12/2024 3:45:40 PM,1.52
10066,5/12/2024 3:45:50 PM,1.52
10066,5/12/2024 3:46:00 PM,1.52
10066,5/12/2024 3:46:10 PM,1.51
10066,5/12/2024 3:46:20 PM,1.51
10066,5/12/2024 3:46:30 PM,1.51
10066,5/12/2024 3:46:40 PM,1.51
10066,5/12/2024 3:46:50 PM,1.50
10066,5/12/2024 3:47:00 PM,1.50
10066,5/12/2024 3:47:10 PM,1.50
10066,5/12/2024 3:47:20 PM,1.50
10066,5/12/2024 3:47:30 PM,1.49
10066,5/12/2024 3:47:40 PM,1.49
10066,5/12/2024 3:47:50 PM,1.49
10066,5/12/2024 3:48:00 PM,1.49
10066,5/12/2024 3:48:10 PM,1.48
10066,5/12/2024 3:48:20 PM,1.48
10066,5/12/2024 3:48:30 PM,1.48
10066,5/12/2024 3:48:40 PM,1.48
10066,5/12/2024 3:48:50 PM,1.47
10066,5/12/2024 3:49:00 PM,1.47
10066,5/12/2024 3:49:10 PM,1.47
10066,5/12/2024 3:49:20 PM,1.47
10066,5/12/2024 3:49:30 PM,1.46
10066,5/12/2024 3:49:40 PM,1.46
10066,5/12/2024 3:49:50 PM,1.46
10066,5/12/2024 3:50:00 PM,1.46
10066,5/12/2024 3:50:10 PM,1.45
10066,5/12/2024 3:50:20 PM,1.45
10066,5/12/2024 3:50:30 PM,1.45
10066,5/12/2024 3:50:40 PM,1.45
10066,5/12/2024 3:50:50 PM,1.44
10066,5/12/2024 3:51:00 PM,1.44
10066,5/12/2024 3:51:10 PM,1.44
10066,5/12/2024 3:51:20 PM,1.44
10066,5/12/2024 3:51:30 PM,1.43
10066,5/12/2024 3:51:40 PM,1.43
10066,5/12/2024 3:51:50 PM,1.43
10066,5/12/2024 3:52:00 PM,1.43
10066,5/12/2024 3:52:10 PM,1.42
10066,5/12/2024 3:52:20 PM,1.42
10066,5/12/2024 3:52:30 PM,1.42
10066,5/12/2024 3:52:40 PM,1.42
10066,5/12/2024 3:52:50 PM,1.41
10066,5/12/2024 3:53:00 PM,1.41
10066,5/12/2024 3:53:10 PM,1.41
10066,5/12/2024 3:53:20 PM,1.41
10066,5/12/2024 3:53:30 PM,1.40
10066,5/12/2024 3:53:40 PM,1.40
10066,5/12/2024 3:53:50 PM,1.40
10066,5/12/2024 3:54:00 PM,1.39
10066,5/12/2024 3:54:10 PM,1.39
10066,5/12/2024 3:54:20 PM,1.39
10066,5/12/2024 3:54:30 PM,1.39
10066,5/12/2024 3:54:40 PM,1.38
10066,5/12/2024 3:54:50 PM,1.38
10066,5/12/2024 3:55:00 PM,1.38
10066,5/12/2024 3:55:10 PM,1.38
10066,5/12/2024 3:55:20 PM,1.37
10066,5/12/2024 3:55:30 PM,1.37
10066,5/12/2024 3:55:40 PM,1.37
10066,5/12/2024 3:55:50 PM,1.37
10066,5/12/2024 3:56:00 PM,1.36
10066,5/12/2024 3:56:10 PM,1.36
10066,5/12/2024 3:56:20 PM,1.36
10066,5/12/2024 3:56:30 PM,1.36
10066,5/12/2024 3:56:40 PM,1.35
10066,5/12/2024 3:56:50 PM,1.35
10066,5/12/2024 3:57:00 PM,1.35
10066,5/12/2024 3:57:10 PM,1.35
10066,5/12/2024 3:57:20 PM,1.34
10066,5/12/2024 3:57:30 PM,1.34
10066,5/12/2024 3:57:40 PM,1.34
10066,5/12/2024 3:57:50 PM,1.34
10066,5/12/2024 3:58:00 PM,1.33
10066,5/12/2024 3:58:10 PM,1.33
10066,5/12/2024 3:58:20 PM,1.33
10066,5/12/2024 3:58:30 PM,1.33
10066,5/12/2024 3:58:40 PM,1.32
10066,5/12/2024 3:58:50 PM,1.32
10066,5/12/2024 3:59:00 PM,1.32
10066,5/12/2024 3:59:10 PM,1.32
10066,5/12/2024 3:59:20 PM,1.31
10066,5/12/2024 3:59:30 PM,1.31
10066,5/12/2024 3:59:40 PM,1.31
10066,5/12/2024 3:59:50 PM,1.31
10066,5/12/2024 4:00:00 PM,1.30
10066,5/12/2024 4:00:10 PM,1.30
10066,5/12/2024 4:00:20 PM,1.32
10066,5/12/2024 4:00:30 PM,1.35
10066,5/12/2024 4:00:40 PM,1.38
10066,5/12/2024 4:00:50 PM,1.41
10066,5/12/2024 4:01:00 PM,1.44
10066,5/12/2024 4:01:10 PM,1.47
10066,5/12/2024 4:01:20 PM,1.51
10066,5/12/2024 4:01:30 PM,1.54
10066,5/12/2024 4:01:40 PM,1.57
10066,5/12/2024 4:01:50 PM,1.60
10066,5/12/2024 4:02:00 PM,1.63
10066,5/12/2024 4:02:10 PM,1.66
10066,5/12/2024 4:02:20 PM,1.69
10066,5/12/2024 4:02:30 PM,1.73
10066,5/12/2024 4:02:40 PM,1.76
10066,5/12/2024 4:02:50 PM,1.79
10066,5/12/2024 4:03:00 PM,1.82
10066,5/12/2024 4:03:10 PM,1.85
10066,5/12/2024 4:03:20 PM,1.88
10066,5/12/2024 4:03:30 PM,1.92
10066,5/12/2024 4:03:40 PM,1.95
10066,5/12/2024 4:03:50 PM,1.98
10066,5/12/2024 4:04:00 PM,2.01
10066,5/12/2024 4:04:10 PM,2.04
10066,5/12/2024 4:04:20 PM,2.07
10066,5/12/2024 4:04:30 PM,2.11
10066,5/12/2024 4:04:40 PM,2.14
10066,5/12/2024 4:04:50 PM,2.17
10066,5/12/2024 4:05:00 PM,2.20
10066,5/12/2024 4:05:10 PM,2.23
10066,5/12/2024 4:05:20 PM,2.26
10066,5/12/2024 4:05:30 PM,2.30
10066,5/12/2024 4:05:40 PM,2.33
10066,5/12/2024 4:05:50 PM,2.36
10066,5/12/2024 4:06:00 PM,2.39
10066,5/12/2024 4:06:10 PM,2.11
10066,5/12/2024 4:06:20 PM,1.67
10066,5/12/2024 4:06:30 PM,1.24
10066,5/12/2024 4:06:40 PM,1.10
10066,5/12/2024 4:06:50 PM,1.10
10066,5/12/2024 4:07:00 PM,1.11
10066,5/12/2024 4:07:10 PM,1.11
10066,5/12/2024 4:07:20 PM,1.11
10066,5/12/2024 4:07:30 PM,1.12
10066,5/12/2024 4:07:40 PM,1.12
10066,5/12/2024 4:07:50 PM,1.12
10066,5/12/2024 4:08:00 PM,1.12
10066,5/12/2024 4:08:10 PM,1.13
10066,5/12/2024 4:08:20 PM,1.13
10066,5/12/2024 4:08:30 PM,1.13
10066,5/12/2024 4:08:40 PM,1.13
10066,5/12/2024 4:08:50 PM,1.14
10066,5/12/2024 4:09:00 PM,1.14
10066,5/12/2024 4:09:10 PM,1.14
10066,5/12/2024 4:09:20 PM,1.14
10066,5/12/2024 4:09:30 PM,1.15
10066,5/12/2024 4:09:40 PM,1.15
10066,5/12/2024 4:09:50 PM,1.15
10066,5/12/2024 4:10:00 PM,1.15
10066,5/12/2024 4:10:10 PM,1.16
10066,5/12/2024 4:10:20 PM,1.16
10066,5/12/2024 4:10:30 PM,1.16
10066,5/12/2024 4:10:40 PM,1.16
10066,5/12/2024 4:10:50 PM,1.17
10066,5/12/2024 4:11:00 PM,1.17
10066,5/12/2024 4:11:10 PM,1.17
10066,5/12/2024 4:11:20 PM,1.17
10066,5/12/2024 4:11:30 PM,1.18
10066,5/12/2024 4:11:40 PM,1.18
10066,5/12/2024 4:11:50 PM,1.18
10066,5/12/2024 4:12:00 PM,1.18
10066,5/12/2024 4:12:10 PM,1.19
10066,5/12/2024 4:12:20 PM,1.19
10066,5/12/2024 4:12:30 PM,1.19
10066,5/12/2024 4:12:40 PM,1.20
10066,5/12/2024 4:12:50 PM,1.20
10066,5/12/2024 4:13:00 PM,1.20
10066,5/12/2024 4:13:10 PM,1.20
10066,5/12/2024 4:13:20 PM,1.21
10066,5/12/2024 4:13:30 PM,1.21
10066,5/12/2024 4:13:40 PM,1.21
10066,5/12/2024 4:13:50 PM,1.21
10066,5/12/2024 4:14:00 PM,1.22
10066,5/12/2024 4:14:10 PM,1.22
10066,5/12/2024 4:14:20 PM,1.22
10066,5/12/2024 4:14:30 PM,1.22
10066,5/12/2024 4:14:40 PM,1.23
10066,5/12/2024 4:14:50 PM,1.23
10066,5/12/2024 4:15:00 PM,1.23
10066,5/12/2024 4:15:10 PM,1.23
10066,5/12/2024 4:15:20 PM,1.24
10066,5/12/2024 4:15:30 PM,1.24
10066,5/12/2024 4:15:40 PM,1.24
10066,5/12/2024 4:15:50 PM,1.24
10066,5/12/2024 4:16:00 PM,1.25
10066,5/12/2024 4:16:10 PM,1.25
10066,5/12/2024 4:16:20 PM,1.25
10066,5/12/2024 4:16:30 PM,1.25
10066,5/12/2024 4:16:40 PM,1.26
10066,5/12/2024 4:16:50 PM,1.26
10066,5/12/2024 4:17:00 PM,1.26
10066,5/12/2024 4:17:10 PM,1.27
10066,5/12/2024 4:17:20 PM,1.27
10066,5/12/2024 4:17:30 PM,1.27
10066,5/12/2024 4:17:40 PM,1.27
10066,5/12/2024 4:17:50 PM,1.28
10066,5/12/2024 4:18:00 PM,1.28
10066,5/12/2024 4:18:10 PM,1.28
10066,5/12/2024 4:18:20 PM,1.28
10066,5/12/2024 4:18:30 PM,1.29
10066,5/12/2024 4:18:40 PM,1.29
10066,5/12/2024 4:18:50 PM,1.29
10066,5/12/2024 4:19:00 PM,1.29
10066,5/12/2024 4:19:10 PM,1.30
10066,5/12/2024 4:19:20 PM,1.30
10066,5/12/2024 4:19:30 PM,1.30
10066,5/12/2024 4:19:40 PM,1.30
10066,5/12/2024 4:19:50 PM,1.31
10066,5/12/2024 4:20:00 PM,1.31
10066,5/12/2024 4:20:10 PM,1.31
10066,5/12/2024 4:20:20 PM,1.31
10066,5/12/2024 4:20:30 PM,1.32
10066,5/12/2024 4:20:40 PM,1.32
10066,5/12/2024 4:20:50 PM,1.32
10066,5/12/2024 4:21:00 PM,1.32
10066,5/12/2024 4:21:10 PM,1.33
10066,5/12/2024 4:21:20 PM,1.33
10066,5/12/2024 4:21:30 PM,1.33
10066,5/12/2024 4:21:40 PM,1.33
10066,5/12/2024 4:21:50 PM,1.34
10066,5/12/2024 4:22:00 PM,1.34
10066,5/12/2024 4:22:10 PM,1.34
10066,5/12/2024 4:22:20 PM,1.35
10066,5/12/2024 4:22:30 PM,1.35
10066,5/12/2024 4:22:40 PM,1.35
10066,5/12/2024 4:22:50 PM,1.35
10066,5/12/2024 4:23:00 PM,1.36
10066,5/12/2024 4:23:10 PM,1.36
10066,5/12/2024 4:23:20 PM,1.36
10066,5/12/2024 4:23:30 PM,1.36
10066,5/12/2024 4:23:40 PM,1.37
10066,5/12/2024 4:23:50 PM,1.37
10066,5/12/2024 4:24:00 PM,1.37
10066,5/12/2024 4:24:10 PM,1.37
10066,5/12/2024 4:24:20 PM,1.38
10066,5/12/2024 4:24:30 PM,1.38
10066,5/12/2024 4:24:40 PM,1.38
10066,5/12/2024 4:24:50 PM,1.38
10066,5/12/2024 4:25:00 PM,1.39
10066,5/12/2024 4:25:10 PM,1.39
10066,5/12/2024 4:25:20 PM,1.39
10066,5/12/2024 4:25:30 PM,1.39
10066,5/12/2024 4:25:40 PM,1.40
10066,5/12/2024 4:25:50 PM,1.40
10066,5/12/2024 4:26:00 PM,1.40
10066,5/12/2024 4:26:10 PM,1.40
10066,5/12/2024 4:26:20 PM,1.41
10066,5/12/2024 4:26:30 PM,1.41
10066,5/12/2024 4:26:40 PM,1.41
10066,5/12/2024 4:26:50 PM,1.41
10066,5/12/2024 4:27:00 PM,1.42
10066,5/12/2024 4:27:10 PM,1.42
10066,5/12/2024 4:27:20 PM,1.42
10066,5/12/2024 4:27:30 PM,1.43
10066,5/12/2024 4:27:40 PM,1.43
10066,5/12/2024 4:27:50 PM,1.43
10066,5/12/2024 4:28:00 PM,1.43
10066,5/12/2024 4:28:10 PM,1.44
10066,5/12/2024 4:28:20 PM,1.44
10066,5/12/2024 4:28:30 PM,1.44
10066,5/12/2024 4:28:40 PM,1.44
10066,5/12/2024 4:28:50 PM,1.45
10066,5/12/2024 4:29:00 PM,1.45
10066,5/12/2024 4:29:10 PM,1.45
10066,5/12/2024 4:29:20 PM,1.45
10066,5/12/2024 4:29:30 PM,1.46
10066,5/12/2024 4:29:40 PM,1.46
10066,5/12/2024 4:29:50 PM,1.46
10066,5/12/2024 4:30:00 PM,1.46
10066,5/12/2024 4:30:10 PM,1.47
10066,5/12/2024 4:30:20 PM,1.47
10066,5/12/2024 4:30:30 PM,1.47
10066,5/12/2024 4:30:40 PM,1.47
10066,5/12/2024 4:30:50 PM,1.48
10066,5/12/2024 4:31:00 PM,1.48
10066,5/12/2024 4:31:10 PM,1.48
10066,5/12/2024 4:31:20 PM,1.48
10066,5/12/2024 4:31:30 PM,1.49
10066,5/12/2024 4:31:40 PM,1.49
10066,5/12/2024 4:31:50 PM,1.49
10066,5/12/2024 4:32:00 PM,1.50
10066,5/12/2024 4:32:10 PM,1.50
10066,5/12/2024 4:32:20 PM,1.50
10066,5/12/2024 4:32:30 PM,1.50
10066,5/12/2024 4:32:40 PM,1.51
10066,5/12/2024 4:32:50 PM,1.51
10066,5/12/2024 4:33:00 PM,1.51
10066,5/12/2024 4:33:10 PM,1.51
10066,5/12/2024 4:33:20 PM,1.52
10066,5/12/2024 4:33:30 PM,1.52
10066,5/12/2024 4:33:40 PM,1.52
10066,5/12/2024 4:33:50 PM,1.52
10066,5/12/2024 4:34:00 PM,1.53
10066,5/12/2024 4:34:10 PM,1.53
10066,5/12/2024 4:34:20 PM,1.53
10066,5/12/2024 4:34:30 PM,1.53
10066,5/12/2024 4:34:40 PM,1.54
10066,5/12/2024 4:34:50 PM,1.54
10066,5/12/2024 4:35:00 PM,1.54
10066,5/12/2024 4:35:10 PM,1.54
10066,5/12/2024 4:35:20 PM,1.55
10066,5/12/2024 4:35:30 PM,1.55
10066,5/12/2024 4:35:40 PM,1.55
10066,5/12/2024 4:35:50 PM,1.55
10066,5/12/2024 4:36:00 PM,1.56
10066,5/12/2024 4:36:10 PM,1.56
10066,5/12/2024 4:36:20 PM,1.56
10066,5/12/2024 4:36:30 PM,1.56
10066,5/12/2024 4:36:40 PM,1.57
10066,5/12/2024 4:36:50 PM,1.57
10066,5/12/2024 4:37:00 PM,1.57
10066,5/12/2024 4:37:10 PM,1.58
10066,5/12/2024 4:37:20 PM,1.58
10066,5/12/2024 4:37:30 PM,1.58
10066,5/12/2024 4:37:40 PM,1.58
10066,5/12/2024 4:37:50 PM,1.59
10066,5/12/2024 4:38:00 PM,1.59
10066,5/12/2024 4:38:10 PM,1.59
10066,5/12/2024 4:38:20 PM,1.59
10066,5/12/2024 4:38:30 PM,1.60
10066,5/12/2024 4:38:40 PM,1.60
10066,5/12/2024 4:38:50 PM,1.60
10066,5/12/2024 4:39:00 PM,1.60
10066,5/12/2024 4:39:10 PM,1.61
10066,5/12/2024 4:39:20 PM,1.61
10066,5/12/2024 4:39:30 PM,1.61
10066,5/12/2024 4:39:40 PM,1.61
10066,5/12/2024 4:39:50 PM,1.62
10066,5/12/2024 4:40:00 PM,1.62
10066,5/12/2024 4:40:10 PM,1.62
10066,5/12/2024 4:40:20 PM,1.62
10066,5/12/2024 4:40:30 PM,1.63
10066,5/12/2024 4:40:40 PM,1.63
10066,5/12/2024 4:40:50 PM,1.63
10066,5/12/2024 4:41:00 PM,1.63
10066,5/12/2024 4:41:10 PM,1.64
10066,5/12/2024 4:41:20 PM,1.64
10066,5/12/2024 4:41:30 PM,1.64
10066,5/12/2024 4:41:40 PM,1.64
10066,5/12/2024 4:41:50 PM,1.65
10066,5/12/2024 4:42:00 PM,1.65
10066,5/12/2024 4:42:10 PM,1.65
10066,5/12/2024 4:42:20 PM,1.66
10066,5/12/2024 4:42:30 PM,1.66
10066,5/12/2024 4:42:40 PM,1.66
10066,5/12/2024 4:42:50 PM,1.66
10066,5/12/2024 4:43:00 PM,1.67
10066,5/12/2024 4:43:10 PM,1.67
10066,5/12/2024 4:43:20 PM,1.67
10066,5/12/2024 4:43:30 PM,1.67
10066,5/12/2024 4:43:40 PM,1.68
10066,5/12/2024 4:43:50 PM,1.68
10066,5/12/2024 4:44:00 PM,1.68
10066,5/12/2024 4:44:10 PM,1.68
10066,5/12/2024 4:44:20 PM,1.69
10066,5/12/2024 4:44:30 PM,1.69
10066,5/12/2024 4:44:40 PM,1.69
10066,5/12/2024 4:44:50 PM,1.69
10066,5/12/2024 4:45:00 PM,1.70
10066,5/12/2024 4:45:10 PM,1.70
10066,5/12/2024 4:45:20 PM,1.71
10066,5/12/2024 4:45:30 PM,1.73
10066,5/12/2024 4:45:40 PM,1.75
10066,5/12/2024 4:45:50 PM,1.77
10066,5/12/2024 4:46:00 PM,1.79
10066,5/12/2024 4:46:10 PM,1.81
10066,5/12/2024 4:46:20 PM,1.83
10066,5/12/2024 4:46:30 PM,1.85
10066,5/12/2024 4:46:40 PM,1.87
10066,5/12/2024 4:46:50 PM,1.89
10066,5/12/2024 4:47:00 PM,1.91
10066,5/12/2024 4:47:10 PM,1.93
10066,5/12/2024 4:47:20 PM,1.95
10066,5/12/2024 4:47:30 PM,1.97
10066,5/12/2024 4:47:40 PM,1.99
10066,5/12/2024 4:47:50 PM,2.01
10066,5/12/2024 4:48:00 PM,2.03
10066,5/12/2024 4:48:10 PM,2.04
10066,5/12/2024 4:48:20 PM,2.06
10066,5/12/2024 4:48:30 PM,2.08
10066,5/12/2024 4:48:40 PM,2.10
10066,5/12/2024 4:48:50 PM,2.12
10066,5/12/2024 4:49:00 PM,2.14
10066,5/12/2024 4:49:10 PM,2.16
10066,5/12/2024 4:49:20 PM,2.18
10066,5/12/2024 4:49:30 PM,2.20
10066,5/12/2024 4:49:40 PM,2.22
10066,5/12/2024 4:49:50 PM,2.24
10066,5/12/2024 4:50:00 PM,2.26
10066,5/12/2024 4:50:10 PM,2.28
10066,5/12/2024 4:50:20 PM,2.30
10066,5/12/2024 4:50:30 PM,2.32
10066,5/12/2024 4:50:40 PM,2.34
10066,5/12/2024 4:50:50 PM,2.36
10066,5/12/2024 4:51:00 PM,2.38
10066,5/12/2024 4:51:10 PM,2.40
10066,5/12/2024 4:51:20 PM,2.42
10066,5/12/2024 4:51:30 PM,2.44
10066,5/12/2024 4:51:40 PM,2.46
10066,5/12/2024 4:51:50 PM,2.48
10066,5/12/2024 4:52:00 PM,2.50
10066,5/12/2024 4:52:10 PM,2.15
10066,5/12/2024 4:52:20 PM,1.75
10066,5/12/2024 4:52:30 PM,1.35
10066,5/12/2024 4:52:40 PM,1.32
10066,5/12/2024 4:52:50 PM,1.35
10066,5/12/2024 4:53:00 PM,1.38
10066,5/12/2024 4:53:10 PM,1.41
10066,5/12/2024 4:53:20 PM,1.43
10066,5/12/2024 4:53:30 PM,1.46
10066,5/12/2024 4:53:40 PM,1.49
10066,5/12/2024 4:53:50 PM,1.51
10066,5/12/2024 4:54:00 PM,1.54
10066,5/12/2024 4:54:10 PM,1.57
10066,5/12/2024 4:54:20 PM,1.59
10066,5/12/2024 4:54:30 PM,1.62
10066,5/12/2024 4:54:40 PM,1.65
10066,5/12/2024 4:54:50 PM,1.68
10066,5/12/2024 4:55:00 PM,1.70
10066,5/12/2024 4:55:10 PM,1.73
10066,5/12/2024 4:55:20 PM,1.76
10066,5/12/2024 4:55:30 PM,1.78
10066,5/12/2024 4:55:40 PM,1.81
10066,5/12/2024 4:55:50 PM,1.84
10066,5/12/2024 4:56:00 PM,1.86
10066,5/12/2024 4:56:10 PM,1.89
10066,5/12/2024 4:56:20 PM,1.22
10066,5/12/2024 4:56:30 PM,1.16
10066,5/12/2024 4:56:40 PM,1.23
10066,5/12/2024 4:56:50 PM,1.31
10066,5/12/2024 4:57:00 PM,1.38
10066,5/12/2024 4:57:10 PM,1.45
10066,5/12/2024 4:57:20 PM,1.52
10066,5/12/2024 4:57:30 PM,1.59
10066,5/12/2024 4:57:40 PM,1.66
10066,5/12/2024 4:57:50 PM,1.73
10066,5/12/2024 4:58:00 PM,1.81
10066,5/12/2024 4:58:10 PM,1.88
10066,5/12/2024 4:58:20 PM,1.66
10066,5/12/2024 4:58:30 PM,1.30
10066,5/12/2024 4:58:40 PM,0.94
10066,5/12/2024 4:58:50 PM,1.14
10066,5/12/2024 4:59:00 PM,1.41
10066,5/12/2024 4:59:10 PM,1.50
10066,5/12/2024 4:59:20 PM,1.50
10066,5/12/2024 4:59:30 PM,1.50
10066,5/12/2024 4:59:40 PM,1.50
10066,5/12/2024 4:59:50 PM,1.50
10066,5/12/2024 5:00:00 PM,1.50
10066,5/12/2024 5:00:10 PM,1.50
10066,5/12/2024 5:00:20 PM,1.50
10066,5/12/2024 5:00:30 PM,1.50
10066,5/12/2024 5:00:40 PM,1.50
10066,5/12/2024 5:00:50 PM,1.50
10066,5/12/2024 5:01:00 PM,1.50
10066,5/12/2024 5:01:10 PM,1.50
10066,5/12/2024 5:01:20 PM,1.50
10066,5/12/2024 5:01:30 PM,1.50
10066,5/12/2024 5:01:40 PM,1.50
10066,5/12/2024 5:01:50 PM,1.50
10066,5/12/2024 5:02:00 PM,1.50
10066,5/12/2024 5:02:10 PM,1.50
10066,5/12/2024 5:02:20 PM,1.50
10066,5/12/2024 5:02:30 PM,1.50
10066,5/12/2024 5:02:40 PM,1.50
10066,5/12/2024 5:02:50 PM,1.50
10066,5/12/2024 5:03:00 PM,1.50
10066,5/12/2024 5:03:10 PM,1.50
10066,5/12/2024 5:03:20 PM,1.50
10066,5/12/2024 5:03:30 PM,1.50
10066,5/12/2024 5:03:40 PM,1.50
10066,5/12/2024 5:03:50 PM,1.50
10066,5/12/2024 5:04:00 PM,1.50
10066,5/12/2024 5:04:10 PM,1.50
10066,5/12/2024 5:04:20 PM,1.50
10066,5/12/2024 5:04:30 PM,1.50
10066,5/12/2024 5:04:40 PM,1.50
10066,5/12/2024 5:04:50 PM,1.50
10066,5/12/2024 5:05:00 PM,1.50
10066,5/12/2024 5:05:10 PM,1.50
10066,5/12/2024 5:05:20 PM,1.50
10066,5/12/2024 5:05:30 PM,1.50
10066,5/12/2024 5:05:40 PM,1.50
10066,5/12/2024 5:05:50 PM,1.50
10066,5/12/2024 5:06:00 PM,1.50
10066,5/12/2024 5:06:10 PM,1.50
10066,5/12/2024 5:06:20 PM,1.50
10066,5/12/2024 5:06:30 PM,1.50
10066,5/12/2024 5:06:40 PM,1.50
10066,5/12/2024 5:06:50 PM,1.50
10066,5/12/2024 5:07:00 PM,1.50
10066,5/12/2024 5:07:10 PM,1.50
10066,5/12/2024 5:07:20 PM,1.50
10066,5/12/2024 5:07:30 PM,1.50
10066,5/12/2024 5:07:40 PM,1.50
10066,5/12/2024 5:07:50 PM,1.50
10066,5/12/2024 5:08:00 PM,1.50
10066,5/12/2024 5:08:10 PM,1.50
10066,5/12/2024 5:08:20 PM,1.50
10066,5/12/2024 5:08:30 PM,1.50
10066,5/12/2024 5:08:40 PM,1.50
10066,5/12/2024 5:08:50 PM,1.50
10066,5/12/2024 5:09:00 PM,1.50
10066,5/12/2024 5:09:10 PM,1.50
10066,5/12/2024 5:09:20 PM,1.50
10066,5/12/2024 5:09:30 PM,1.50
10066,5/12/2024 5:09:40 PM,1.50
10066,5/12/2024 5:09:50 PM,1.50
10066,5/12/2024 5:10:00 PM,1.50
10066,5/12/2024 5:10:10 PM,1.50
10066,5/12/2024 5:10:20 PM,1.50
10066,5/12/2024 5:10:30 PM,1.50
10066,5/12/2024 5:10:40 PM,1.50
10066,5/12/2024 5:10:50 PM,1.50
10066,5/12/2024 5:11:00 PM,1.50
10066,5/12/2024 5:11:10 PM,1.50
10066,5/12/2024 5:11:20 PM,1.50
10066,5/12/2024 5:11:30 PM,1.50
10066,5/12/2024 5:11:40 PM,1.50
10066,5/12/2024 5:11:50 PM,1.50
10066,5/12/2024 5:12:00 PM,1.50
10066,5/12/2024 5:12:10 PM,1.50
10066,5/12/2024 5:12:20 PM,1.50
10066,5/12/2024 5:12:30 PM,1.50
10066,5/12/2024 5:12:40 PM,1.50
10066,5/12/2024 5:12:50 PM,1.50
10066,5/12/2024 5:13:00 PM,1.50
10066,5/12/2024 5:13:10 PM,1.50
10066,5/12/2024 5:13:20 PM,1.50
10066,5/12/2024 5:13:30 PM,1.50
10066,5/12/2024 5:13:40 PM,1.50
10066,5/12/2024 5:13:50 PM,1.50
10066,5/12/2024 5:14:00 PM,1.50
10066,5/12/2024 5:14:10 PM,1.50
10066,5/12/2024 5:14:20 PM,1.50
10066,5/12/2024 5:14:30 PM,1.50
10066,5/12/2024 5:14:40 PM,1.50
10066,5/12/2024 5:14:50 PM,1.50
10066,5/12/2024 5:15:00 PM,1.50
10066,5/12/2024 5:15:10 PM,1.50
10066,5/12/2024 5:15:20 PM,1.50
10066,5/12/2024 5:15:30 PM,1.50
10066,5/12/2024 5:15:40 PM,1.50
10066,5/12/2024 5:15:50 PM,1.50
10066,5/12/2024 5:16:00 PM,1.50
10066,5/12/2024 5:16:10 PM,1.50
10066,5/12/2024 5:16:20 PM,1.50
10066,5/12/2024 5:16:30 PM,1.50
10066,5/12/2024 5:16:40 PM,1.50
10066,5/12/2024 5:16:50 PM,1.50
10066,5/12/2024 5:17:00 PM,1.50
10066,5/12/2024 5:17:10 PM,1.50
10066,5/12/2024 5:17:20 PM,1.50
10066,5/12/2024 5:17:30 PM,1.50
10066,5/12/2024 5:17:40 PM,1.50
10066,5/12/2024 5:17:50 PM,1.50
10066,5/12/2024 5:18:00 PM,1.50
10066,5/12/2024 5:18:10 PM,1.50
10066,5/12/2024 5:18:20 PM,1.50
10066,5/12/2024 5:18:30 PM,1.50
10066,5/12/2024 5:18:40 PM,1.50
10066,5/12/2024 5:18:50 PM,1.50
10066,5/12/2024 5:19:00 PM,1.50
10066,5/12/2024 5:19:10 PM,1.50
10066,5/12/2024 5:19:20 PM,1.50
10066,5/12/2024 5:19:30 PM,1.50
10066,5/12/2024 5:19:40 PM,1.50
10066,5/12/2024 5:19:50 PM,1.50
10066,5/12/2024 5:20:00 PM,1.50
10066,5/12/2024 5:20:10 PM,1.50
10066,5/12/2024 5:20:20 PM,1.50
10066,5/12/2024 5:20:30 PM,1.50
10066,5/12/2024 5:20:40 PM,1.50
10066,5/12/2024 5:20:50 PM,1.50
10066,5/12/2024 5:21:00 PM,1.50
10066,5/12/2024 5:21:10 PM,1.50
10066,5/12/2024 5:21:20 PM,1.50
10066,5/12/2024 5:21:30 PM,1.50
10066,5/12/2024 5:21:40 PM,1.50
10066,5/12/2024 5:21:50 PM,1.50
10066,5/12/2024 5:22:00 PM,1.50
10066,5/12/2024 5:22:10 PM,1.50
10066,5/12/2024 5:22:20 PM,1.50
10066,5/12/2024 5:22:30 PM,1.50
10066,5/12/2024 5:22:40 PM,1.50
10066,5/12/2024 5:22:50 PM,1.50
10066,5/12/2024 5:23:00 PM,1.50
10066,5/12/2024 5:23:10 PM,1.50
10066,5/12/2024 5:23:20 PM,1.50
10066,5/12/2024 5:23:30 PM,1.50
10066,5/12/2024 5:23:40 PM,1.50
10066,5/12/2024 5:23:50 PM,1.50
10066,5/12/2024 5:24:00 PM,1.50
10066,5/12/2024 5:24:10 PM,1.50
10066,5/12/2024 5:24:20 PM,1.50
10066,5/12/2024 5:24:30 PM,1.50
10066,5/12/2024 5:24:40 PM,1.50
10066,5/12/2024 5:24:50 PM,1.50
10066,5/12/2024 5:25:00 PM,1.50
10066,5/12/2024 5:25:10 PM,1.50
10066,5/12/2024 5:25:20 PM,1.50
10066,5/12/2024 5:25:30 PM,1.50
10066,5/12/2024 5:25:40 PM,1.50
10066,5/12/2024 5:25:50 PM,1.50
10066,5/12/2024 5:26:00 PM,1.50
10066,5/12/2024 5:26:10 PM,1.50
10066,5/12/2024 5:26:20 PM,1.50
10066,5/12/2024 5:26:30 PM,1.50
10066,5/12/2024 5:26:40 PM,1.50
10066,5/12/2024 5:26:50 PM,1.50
10066,5/12/2024 5:27:00 PM,1.50
10066,5/12/2024 5:27:10 PM,1.50
10066,5/12/2024 5:27:20 PM,1.50
10066,5/12/2024 5:27:30 PM,1.50
10066,5/12/2024 5:27:40 PM,1.50
10066,5/12/2024 5:27:50 PM,1.50
10066,5/12/2024 5:28:00 PM,1.50
10066,5/12/2024 5:28:10 PM,1.50
10066,5/12/2024 5:28:20 PM,1.50
10066,5/12/2024 5:28:30 PM,1.50
10066,5/12/2024 5:28:40 PM,1.50
10066,5/12/2024 5:28:50 PM,1.50
10066,5/12/2024 5:29:00 PM,1.50
10066,5/12/2024 5:29:10 PM,1.50
10066,5/12/2024 5:29:20 PM,1.50
10066,5/12/2024 5:29:30 PM,1.50
10066,5/12/2024 5:29:40 PM,1.50
10066,5/12/2024 5:29:50 PM,1.50
10066,5/12/2024 5:30:00 PM,1.50
10066,5/12/2024 5:30:10 PM,1.50
10066,5/12/2024 5:30:20 PM,1.50
10066,5/12/2024 5:30:30 PM,1.50
10066,5/12/2024 5:30:40 PM,1.50
10066,5/12/2024 5:30:50 PM,1.50
10066,5/12/2024 5:31:00 PM,1.50
10066,5/12/2024 5:31:10 PM,1.50
10066,5/12/2024 5:31:20 PM,1.50
10066,5/12/2024 5:31:30 PM,1.50
10066,5/12/2024 5:31:40 PM,1.50
10066,5/12/2024 5:31:50 PM,1.50
10066,5/12/2024 5:32:00 PM,1.50
10066,5/12/2024 5:32:10 PM,1.50
10066,5/12/2024 5:32:20 PM,1.50
10066,5/12/2024 5:32:30 PM,1.50
10066,5/12/2024 5:32:40 PM,1.50
10066,5/12/2024 5:32:50 PM,1.50
10066,5/12/2024 5:33:00 PM,1.50
10066,5/12/2024 5:33:10 PM,1.50
10066,5/12/2024 5:33:20 PM,1.50
10066,5/12/2024 5:33:30 PM,1.50
10066,5/12/2024 5:33:40 PM,1.50
10066,5/12/2024 5:33:50 PM,1.50
10066,5/12/2024 5:34:00 PM,1.50
10066,5/12/2024 5:34:10 PM,1.50
10066,5/12/2024 5:34:20 PM,1.50
10066,5/12/2024 5:34:30 PM,1.50
10066,5/12/2024 5:34:40 PM,1.50
10066,5/12/2024 5:34:50 PM,1.50
10066,5/12/2024 5:35:00 PM,1.50
10066,5/12/2024 5:35:10 PM,1.50
10066,5/12/2024 5:35:20 PM,1.50
10066,5/12/2024 5:35:30 PM,1.50
10066,5/12/2024 5:35:40 PM,1.50
10066,5/12/2024 5:35:50 PM,1.50
10066,5/12/2024 5:36:00 PM,1.50
10066,5/12/2024 5:36:10 PM,1.50
10066,5/12/2024 5:36:20 PM,1.50
10066,5/12/2024 5:36:30 PM,1.50
10066,5/12/2024 5:36:40 PM,1.50
10066,5/12/2024 5:36:50 PM,1.50
10066,5/12/2024 5:37:00 PM,1.50
10066,5/12/2024 5:37:10 PM,1.50
10066,5/12/2024 5:37:20 PM,1.50
10066,5/12/2024 5:37:30 PM,1.50
10066,5/12/2024 5:37:40 PM,1.50
10066,5/12/2024 5:37:50 PM,1.50
10066,5/12/2024 5:38:00 PM,1.50
10066,5/12/2024 5:38:10 PM,1.50
10066,5/12/2024 5:38:20 PM,1.50
10066,5/12/2024 5:38:30 PM,1.50
10066,5/12/2024 5:38:40 PM,1.50
10066,5/12/2024 5:38:50 PM,1.50
10066,5/12/2024 5:39:00 PM,1.50
10066,5/12/2024 5:39:10 PM,1.50
10066,5/12/2024 5:39:20 PM,1.50
10066,5/12/2024 5:39:30 PM,1.50
10066,5/12/2024 5:39:40 PM,1.50
10066,5/12/2024 5:39:50 PM,1.50
10066,5/12/2024 5:40:00 PM,1.50
10066,5/12/2024 5:40:10 PM,1.50
10066,5/12/2024 5:40:20 PM,1.50
10066,5/12/2024 5:40:30 PM,1.50
10066,5/12/2024 5:40:40 PM,1.50
10066,5/12/2024 5:40:50 PM,1.50
10066,5/12/2024 5:41:00 PM,1.50
10066,5/12/2024 5:41:10 PM,1.50
10066,5/12/2024 5:41:20 PM,1.50
10066,5/12/2024 5:41:30 PM,1.50
10066,5/12/2024 5:41:40 PM,1.50
10066,5/12/2024 5:41:50 PM,1.50
10066,5/12/2024 5:42:00 PM,1.50
10066,5/12/2024 5:42:10 PM,1.50
10066,5/12/2024 5:42:20 PM,1.50
10066,5/12/2024 5:42:30 PM,1.50
10066,5/12/2024 5:42:40 PM,1.50
10066,5/12/2024 5:42:50 PM,1.50
10066,5/12/2024 5:43:00 PM,1.50
10066,5/12/2024 5:43:10 PM,1.50
10066,5/12/2024 5:43:20 PM,1.50
10066,5/12/2024 5:43:30 PM,1.50
10066,5/12/2024 5:43:40 PM,1.50
10066,5/12/2024 5:43:50 PM,1.50
10066,5/12/2024 5:44:00 PM,1.50
10066,5/12/2024 5:44:10 PM,1.50
10066,5/12/2024 5:44:20 PM,1.50
10066,5/12/2024 5:44:30 PM,1.50
10066,5/12/2024 5:44:40 PM,1.50
10066,5/12/2024 5:44:50 PM,1.50
10066,5/12/2024 5:45:00 PM,1.50
10066,5/12/2024 5:45:10 PM,1.50
10066,5/12/2024 5:45:20 PM,1.50
10066,5/12/2024 5:45:30 PM,1.50
10066,5/12/2024 5:45:40 PM,1.50
10066,5/12/2024 5:45:50 PM,1.50
10066,5/12/2024 5:46:00 PM,1.50
10066,5/12/2024 5:46:10 PM,1.50
10066,5/12/2024 5:46:20 PM,1.50
10066,5/12/2024 5:46:30 PM,1.50
10066,5/12/2024 5:46:40 PM,1.50
10066,5/12/2024 5:46:50 PM,1.50
10066,5/12/2024 5:47:00 PM,1.50
10066,5/12/2024 5:47:10 PM,1.50
10066,5/12/2024 5:47:20 PM,1.50
10066,5/12/2024 5:47:30 PM,1.50
10066,5/12/2024 5:47:40 PM,1.50
10066,5/12/2024 5:47:50 PM,1.50
10066,5/12/2024 5:48:00 PM,1.50
10066,5/12/2024 5:48:10 PM,1.50
10066,5/12/2024 5:48:20 PM,1.50
10066,5/12/2024 5:48:30 PM,1.50
10066,5/12/2024 5:48:40 PM,1.50
10066,5/12/2024 5:48:50 PM,1.50
10066,5/12/2024 5:49:00 PM,1.50
10066,5/12/2024 5:49:10 PM,1.50
10066,5/12/2024 5:49:20 PM,1.50
10066,5/12/2024 5:49:30 PM,1.50
10066,5/12/2024 5:49:40 PM,1.50
10066,5/12/2024 5:49:50 PM,1.50
10066,5/12/2024 5:50:00 PM,1.50
10066,5/12/2024 5:50:10 PM,1.50
10066,5/12/2024 5:50:20 PM,1.50
10066,5/12/2024 5:50:30 PM,1.50
10066,5/12/2024 5:50:40 PM,1.50
10066,5/12/2024 5:50:50 PM,1.50
10066,5/12/2024 5:51:00 PM,1.50
10066,5/12/2024 5:51:10 PM,1.50
10066,5/12/2024 5:51:20 PM,1.50
10066,5/12/2024 5:51:30 PM,1.50
10066,5/12/2024 5:51:40 PM,1.50
10066,5/12/2024 5:51:50 PM,1.50
10066,5/12/2024 5:52:00 PM,1.50
10066,5/12/2024 5:52:10 PM,1.50
10066,5/12/2024 5:52:20 PM,1.50
10066,5/12/2024 5:52:30 PM,1.50
10066,5/12/2024 5:52:40 PM,1.50
10066,5/12/2024 5:52:50 PM,1.50
10066,5/12/2024 5:53:00 PM,1.50
10066,5/12/2024 5:53:10 PM,1.50
10066,5/12/2024 5:53:20 PM,1.50
10066,5/12/2024 5:53:30 PM,1.50
10066,5/12/2024 5:53:40 PM,1.50
10066,5/12/2024 5:53:50 PM,1.50
10066,5/12/2024 5:54:00 PM,1.50
10066,5/12/2024 5:54:10 PM,1.50
10066,5/12/2024 5:54:20 PM,1.50
10066,5/12/2024 5:54:30 PM,1.50
10066,5/12/2024 5:54:40 PM,1.50
10066,5/12/2024 5:54:50 PM,1.50
10066,5/12/2024 5:55:00 PM,1.50
10066,5/12/2024 5:55:10 PM,1.50
10066,5/12/2024 5:55:20 PM,1.50
10066,5/12/2024 5:55:30 PM,1.50
10066,5/12/2024 5:55:40 PM,1.50
10066,5/12/2024 5:55:50 PM,1.50
10066,5/12/2024 5:56:00 PM,1.50
10066,5/12/2024 5:56:10 PM,1.50
10066,5/12/2024 5:56:20 PM,1.50
10066,5/12/2024 5:56:30 PM,1.50
10066,5/12/2024 5:56:40 PM,1.50
10066,5/12/2024 5:56:50 PM,1.50
10066,5/12/2024 5:57:00 PM,1.50
10066,5/12/2024 5:57:10 PM,1.50
10066,5/12/2024 5:57:20 PM,1.50
10066,5/12/2024 5:57:30 PM,1.50
10066,5/12/2024 5:57:40 PM,1.50
10066,5/12/2024 5:57:50 PM,1.50
10066,5/12/2024 5:58:00 PM,1.50
10066,5/12/2024 5:58:10 PM,1.50
10066,5/12/2024 5:58:20 PM,1.50
10066,5/12/2024 5:58:30 PM,1.50
10066,5/12/2024 5:58:40 PM,1.50
10066,5/12/2024 5:58:50 PM,1.50
10066,5/12/2024 5:59:00 PM,1.50
10066,5/12/2024 5:59:10 PM,1.50
10066,5/12/2024 5:59:20 PM,1.50
10066,5/12/2024 5:59:30 PM,1.50
10066,5/12/2024 5:59:40 PM,1.50
10066,5/12/2024 5:59:50 PM,1.50
10066,5/12/2024 6:00:00 PM,1.50
10066,5/12/2024 6:00:10 PM,1.50
10066,5/12/2024 6:00:20 PM,1.49
10066,5/12/2024 6:00:30 PM,1.47
10066,5/12/2024 6:00:40 PM,1.46
10066,5/12/2024 6:00:50 PM,1.44
10066,5/12/2024 6:01:00 PM,1.42
10066,5/12/2024 6:01:10 PM,1.40
10066,5/12/2024 6:01:20 PM,1.39
10066,5/12/2024 6:01:30 PM,1.37
10066,5/12/2024 6:01:40 PM,1.35
10066,5/12/2024 6:01:50 PM,1.34
10066,5/12/2024 6:02:00 PM,1.32
10066,5/12/2024 6:02:10 PM,1.30
10066,5/12/2024 6:02:20 PM,1.29
10066,5/12/2024 6:02:30 PM,1.27
10066,5/12/2024 6:02:40 PM,1.25
10066,5/12/2024 6:02:50 PM,1.23
10066,5/12/2024 6:03:00 PM,1.22
10066,5/12/2024 6:03:10 PM,1.20
10066,5/12/2024 6:03:20 PM,1.18
10066,5/12/2024 6:03:30 PM,1.17
10066,5/12/2024 6:03:40 PM,1.15
10066,5/12/2024 6:03:50 PM,1.13
10066,5/12/2024 6:04:00 PM,1.12
10066,5/12/2024 6:04:10 PM,1.10
10066,5/12/2024 6:04:20 PM,1.08
10066,5/12/2024 6:04:30 PM,1.06
10066,5/12/2024 6:04:40 PM,1.05
10066,5/12/2024 6:04:50 PM,1.03
10066,5/12/2024 6:05:00 PM,1.01
10066,5/12/2024 6:05:10 PM,1.00
10066,5/12/2024 6:05:20 PM,0.98
10066,5/12/2024 6:05:30 PM,0.96
10066,5/12/2024 6:05:40 PM,0.94
10066,5/12/2024 6:05:50 PM,0.93
10066,5/12/2024 6:06:00 PM,0.91
10066,5/12/2024 6:06:10 PM,0.89
10066,5/12/2024 6:06:20 PM,0.88
10066,5/12/2024 6:06:30 PM,0.86
10066,5/12/2024 6:06:40 PM,0.84
10066,5/12/2024 6:06:50 PM,0.83
10066,5/12/2024 6:07:00 PM,0.81
10066,5/12/2024 6:07:10 PM,0.79
10066,5/12/2024 6:07:20 PM,0.77
10066,5/12/2024 6:07:30 PM,0.76
10066,5/12/2024 6:07:40 PM,0.74
10066,5/12/2024 6:07:50 PM,0.72
10066,5/12/2024 6:08:00 PM,0.71
10066,5/12/2024 6:08:10 PM,0.69
10066,5/12/2024 6:08:20 PM,0.67
10066,5/12/2024 6:08:30 PM,0.66
10066,5/12/2024 6:08:40 PM,0.64
10066,5/12/2024 6:08:50 PM,0.62
10066,5/12/2024 6:09:00 PM,0.60
10066,5/12/2024 6:09:10 PM,0.59
10066,5/12/2024 6:09:20 PM,0.57
10066,5/12/2024 6:09:30 PM,0.55
10066,5/12/2024 6:09:40 PM,0.54
10066,5/12/2024 6:09:50 PM,0.52
10066,5/12/2024 6:10:00 PM,0.50
10066,5/12/2024 6:10:10 PM,0.69
10066,5/12/2024 6:10:20 PM,0.91
10066,5/12/2024 6:10:30 PM,1.13
10066,5/12/2024 6:10:40 PM,1.35
10066,5/12/2024 6:10:50 PM,1.57
10066,5/12/2024 6:11:00 PM,1.61
10066,5/12/2024 6:11:10 PM,1.61
10066,5/12/2024 6:11:20 PM,1.62
10066,5/12/2024 6:11:30 PM,1.62
10066,5/12/2024 6:11:40 PM,1.63
10066,5/12/2024 6:11:50 PM,1.63
10066,5/12/2024 6:12:00 PM,1.64
10066,5/12/2024 6:12:10 PM,1.64
10066,5/12/2024 6:12:20 PM,1.65
10066,5/12/2024 6:12:30 PM,1.65
10066,5/12/2024 6:12:40 PM,1.66
10066,5/12/2024 6:12:50 PM,1.66
10066,5/12/2024 6:13:00 PM,1.67
10066,5/12/2024 6:13:10 PM,1.67
10066,5/12/2024 6:13:20 PM,1.68
10066,5/12/2024 6:13:30 PM,1.68
10066,5/12/2024 6:13:40 PM,1.69
10066,5/12/2024 6:13:50 PM,1.69
10066,5/12/2024 6:14:00 PM,1.70
10066,5/12/2024 6:14:10 PM,1.70
10066,5/12/2024 6:14:20 PM,1.71
10066,5/12/2024 6:14:30 PM,1.71
10066,5/12/2024 6:14:40 PM,1.72
10066,5/12/2024 6:14:50 PM,1.72
10066,5/12/2024 6:15:00 PM,1.73
10066,5/12/2024 6:15:10 PM,1.73
10066,5/12/2024 6:15:20 PM,1.74
10066,5/12/2024 6:15:30 PM,1.74
10066,5/12/2024 6:15:40 PM,1.75
10066,5/12/2024 6:15:50 PM,1.75
10066,5/12/2024 6:16:00 PM,1.76
10066,5/12/2024 6:16:10 PM,1.76
10066,5/12/2024 6:16:20 PM,1.77
10066,5/12/2024 6:16:30 PM,1.78
10066,5/12/2024 6:16:40 PM,1.78
10066,5/12/2024 6:16:50 PM,1.79
10066,5/12/2024 6:17:00 PM,1.79
10066,5/12/2024 6:17:10 PM,1.80
10066,5/12/2024 6:17:20 PM,1.80
10066,5/12/2024 6:17:30 PM,1.81
10066,5/12/2024 6:17:40 PM,1.81
10066,5/12/2024 6:17:50 PM,1.82
10066,5/12/2024 6:18:00 PM,1.82
10066,5/12/2024 6:18:10 PM,1.83
10066,5/12/2024 6:18:20 PM,1.83
10066,5/12/2024 6:18:30 PM,1.84
10066,5/12/2024 6:18:40 PM,1.84
10066,5/12/2024 6:18:50 PM,1.85
10066,5/12/2024 6:19:00 PM,1.85
10066,5/12/2024 6:19:10 PM,1.86
10066,5/12/2024 6:19:20 PM,1.86
10066,5/12/2024 6:19:30 PM,1.87
10066,5/12/2024 6:19:40 PM,1.87
10066,5/12/2024 6:19:50 PM,1.88
10066,5/12/2024 6:20:00 PM,1.88
10066,5/12/2024 6:20:10 PM,1.89
10066,5/12/2024 6:20:20 PM,1.89
10066,5/12/2024 6:20:30 PM,1.90
10066,5/12/2024 6:20:40 PM,1.90
10066,5/12/2024 6:20:50 PM,1.91
10066,5/12/2024 6:21:00 PM,1.91
10066,5/12/2024 6:21:10 PM,1.92
10066,5/12/2024 6:21:20 PM,1.92
10066,5/12/2024 6:21:30 PM,1.93
10066,5/12/2024 6:21:40 PM,1.93
10066,5/12/2024 6:21:50 PM,1.94
10066,5/12/2024 6:22:00 PM,1.95
10066,5/12/2024 6:22:10 PM,1.95
10066,5/12/2024 6:22:20 PM,1.96
10066,5/12/2024 6:22:30 PM,1.96
10066,5/12/2024 6:22:40 PM,1.97
10066,5/12/2024 6:22:50 PM,1.97
10066,5/12/2024 6:23:00 PM,1.98
10066,5/12/2024 6:23:10 PM,1.98
10066,5/12/2024 6:23:20 PM,1.99
10066,5/12/2024 6:23:30 PM,1.99
10066,5/12/2024 6:23:40 PM,2.00
10066,5/12/2024 6:23:50 PM,2.00
10066,5/12/2024 6:24:00 PM,2.01
10066,5/12/2024 6:24:10 PM,2.01
10066,5/12/2024 6:24:20 PM,2.02
10066,5/12/2024 6:24:30 PM,2.02
10066,5/12/2024 6:24:40 PM,2.03
10066,5/12/2024 6:24:50 PM,2.03
10066,5/12/2024 6:25:00 PM,2.04
10066,5/12/2024 6:25:10 PM,2.04
10066,5/12/2024 6:25:20 PM,2.05
10066,5/12/2024 6:25:30 PM,2.05
10066,5/12/2024 6:25:40 PM,2.06
10066,5/12/2024 6:25:50 PM,2.06
10066,5/12/2024 6:26:00 PM,2.07
10066,5/12/2024 6:26:10 PM,2.07
10066,5/12/2024 6:26:20 PM,2.08
10066,5/12/2024 6:26:30 PM,2.08
10066,5/12/2024 6:26:40 PM,2.09
10066,5/12/2024 6:26:50 PM,2.09
10066,5/12/2024 6:27:00 PM,2.10
10066,5/12/2024 6:27:10 PM,2.11
10066,5/12/2024 6:27:20 PM,2.11
10066,5/12/2024 6:27:30 PM,2.12
10066,5/12/2024 6:27:40 PM,2.12
10066,5/12/2024 6:27:50 PM,2.13
10066,5/12/2024 6:28:00 PM,2.13
10066,5/12/2024 6:28:10 PM,2.14
10066,5/12/2024 6:28:20 PM,2.14
10066,5/12/2024 6:28:30 PM,2.15
10066,5/12/2024 6:28:40 PM,2.15
10066,5/12/2024 6:28:50 PM,2.16
10066,5/12/2024 6:29:00 PM,2.16
10066,5/12/2024 6:29:10 PM,2.17
10066,5/12/2024 6:29:20 PM,2.17
10066,5/12/2024 6:29:30 PM,2.18
10066,5/12/2024 6:29:40 PM,2.18
10066,5/12/2024 6:29:50 PM,2.19
10066,5/12/2024 6:30:00 PM,2.19
10066,5/12/2024 6:30:10 PM,2.20
10066,5/12/2024 6:30:20 PM,2.19
10066,5/12/2024 6:30:30 PM,2.18
10066,5/12/2024 6:30:40 PM,2.17
10066,5/12/2024 6:30:50 PM,2.15
10066,5/12/2024 6:31:00 PM,2.14
10066,5/12/2024 6:31:10 PM,2.13
10066,5/12/2024 6:31:20 PM,2.12
10066,5/12/2024 6:31:30 PM,2.10
10066,5/12/2024 6:31:40 PM,2.09
10066,5/12/2024 6:31:50 PM,2.08
10066,5/12/2024 6:32:00 PM,2.06
10066,5/12/2024 6:32:10 PM,2.05
10066,5/12/2024 6:32:20 PM,2.04
10066,5/12/2024 6:32:30 PM,2.02
10066,5/12/2024 6:32:40 PM,2.01
10066,5/12/2024 6:32:50 PM,2.00
10066,5/12/2024 6:33:00 PM,1.98
10066,5/12/2024 6:33:10 PM,1.97
10066,5/12/2024 6:33:20 PM,1.96
10066,5/12/2024 6:33:30 PM,1.94
10066,5/12/2024 6:33:40 PM,1.93
10066,5/12/2024 6:33:50 PM,1.92
10066,5/12/2024 6:34:00 PM,1.90
10066,5/12/2024 6:34:10 PM,1.89
10066,5/12/2024 6:34:20 PM,1.88
10066,5/12/2024 6:34:30 PM,1.87
10066,5/12/2024 6:34:40 PM,1.85
10066,5/12/2024 6:34:50 PM,1.84
10066,5/12/2024 6:35:00 PM,1.83
10066,5/12/2024 6:35:10 PM,1.81
10066,5/12/2024 6:35:20 PM,1.80
10066,5/12/2024 6:35:30 PM,1.79
10066,5/12/2024 6:35:40 PM,1.77
10066,5/12/2024 6:35:50 PM,1.76
10066,5/12/2024 6:36:00 PM,1.75
10066,5/12/2024 6:36:10 PM,1.73
10066,5/12/2024 6:36:20 PM,1.72
10066,5/12/2024 6:36:30 PM,1.71
10066,5/12/2024 6:36:40 PM,1.69
10066,5/12/2024 6:36:50 PM,1.68
10066,5/12/2024 6:37:00 PM,1.67
10066,5/12/2024 6:37:10 PM,1.65
10066,5/12/2024 6:37:20 PM,1.64
10066,5/12/2024 6:37:30 PM,1.63
10066,5/12/2024 6:37:40 PM,1.62
10066,5/12/2024 6:37:50 PM,1.60
10066,5/12/2024 6:38:00 PM,1.59
10066,5/12/2024 6:38:10 PM,1.58
10066,5/12/2024 6:38:20 PM,1.56
10066,5/12/2024 6:38:30 PM,1.55
10066,5/12/2024 6:38:40 PM,1.54
10066,5/12/2024 6:38:50 PM,1.52
10066,5/12/2024 6:39:00 PM,1.51
10066,5/12/2024 6:39:10 PM,1.50
10066,5/12/2024 6:39:20 PM,1.48
10066,5/12/2024 6:39:30 PM,1.47
10066,5/12/2024 6:39:40 PM,1.46
10066,5/12/2024 6:39:50 PM,1.44
10066,5/12/2024 6:40:00 PM,1.43
10066,5/12/2024 6:40:10 PM,1.42
10066,5/12/2024 6:40:20 PM,1.40
10066,5/12/2024 6:40:30 PM,1.39
10066,5/12/2024 6:40:40 PM,1.38
10066,5/12/2024 6:40:50 PM,1.37
10066,5/12/2024 6:41:00 PM,1.35
10066,5/12/2024 6:41:10 PM,1.34
10066,5/12/2024 6:41:20 PM,1.33
10066,5/12/2024 6:41:30 PM,1.31
10066,5/12/2024 6:41:40 PM,1.30
10066,5/12/2024 6:41:50 PM,1.29
10066,5/12/2024 6:42:00 PM,1.27
10066,5/12/2024 6:42:10 PM,1.26
10066,5/12/2024 6:42:20 PM,1.25
10066,5/12/2024 6:42:30 PM,1.23
10066,5/12/2024 6:42:40 PM,1.22
10066,5/12/2024 6:42:50 PM,1.21
10066,5/12/2024 6:43:00 PM,1.19
10066,5/12/2024 6:43:10 PM,1.18
10066,5/12/2024 6:43:20 PM,1.17
10066,5/12/2024 6:43:30 PM,1.15
10066,5/12/2024 6:43:40 PM,1.14
10066,5/12/2024 6:43:50 PM,1.13
10066,5/12/2024 6:44:00 PM,1.12
10066,5/12/2024 6:44:10 PM,1.10
10066,5/12/2024 6:44:20 PM,1.38
10066,5/12/2024 6:44:30 PM,1.70
10066,5/12/2024 6:44:40 PM,1.78
10066,5/12/2024 6:44:50 PM,1.75
10066,5/12/2024 6:45:00 PM,1.71
10066,5/12/2024 6:45:10 PM,1.68
10066,5/12/2024 6:45:20 PM,1.65
10066,5/12/2024 6:45:30 PM,1.62
10066,5/12/2024 6:45:40 PM,1.58
10066,5/12/2024 6:45:50 PM,1.55
10066,5/12/2024 6:46:00 PM,1.52
10066,5/12/2024 6:46:10 PM,1.49
10066,5/12/2024 6:46:20 PM,1.45
10066,5/12/2024 6:46:30 PM,1.42
10066,5/12/2024 6:46:40 PM,1.39
10066,5/12/2024 6:46:50 PM,1.36
10066,5/12/2024 6:47:00 PM,1.32
10066,5/12/2024 6:47:10 PM,1.29
10066,5/12/2024 6:47:20 PM,1.26
10066,5/12/2024 6:47:30 PM,1.23
10066,5/12/2024 6:47:40 PM,1.19
10066,5/12/2024 6:47:50 PM,1.16
10066,5/12/2024 6:48:00 PM,1.13
10066,5/12/2024 6:48:10 PM,1.10
10066,5/12/2024 6:48:20 PM,1.06
10066,5/12/2024 6:48:30 PM,1.03
10066,5/12/2024 6:48:40 PM,1.00
10066,5/12/2024 6:48:50 PM,0.97
10066,5/12/2024 6:49:00 PM,0.93
10066,5/12/2024 6:49:10 PM,0.90
10066,5/12/2024 6:49:20 PM,0.87
10066,5/12/2024 6:49:30 PM,0.84
10066,5/12/2024 6:49:40 PM,0.81
10066,5/12/2024 6:49:50 PM,0.77
10066,5/12/2024 6:50:00 PM,0.74
10066,5/12/2024 6:50:10 PM,0.71
10066,5/12/2024 6:50:20 PM,0.68
10066,5/12/2024 6:50:30 PM,0.64
10066,5/12/2024 6:50:40 PM,0.61
10066,5/12/2024 6:50:50 PM,0.98
10066,5/12/2024 6:51:00 PM,1.53
10066,5/12/2024 6:51:10 PM,1.63
10066,5/12/2024 6:51:20 PM,1.53
10066,5/12/2024 6:51:30 PM,1.43
10066,5/12/2024 6:51:40 PM,1.33
10066,5/12/2024 6:51:50 PM,1.23
10066,5/12/2024 6:52:00 PM,1.12
10066,5/12/2024 6:52:10 PM,1.02
10066,5/12/2024 6:52:20 PM,0.92
10066,5/12/2024 6:52:30 PM,0.82
10066,5/12/2024 6:52:40 PM,0.72
10066,5/12/2024 6:52:50 PM,0.62
10066,5/12/2024 6:53:00 PM,0.51
10066,5/12/2024 6:53:10 PM,0.41
10066,5/12/2024 6:53:20 PM,0.75
10066,5/12/2024 6:53:30 PM,1.15
10066,5/12/2024 6:53:40 PM,1.17
10066,5/12/2024 6:53:50 PM,1.14
10066,5/12/2024 6:54:00 PM,1.12
10066,5/12/2024 6:54:10 PM,1.09
10066,5/12/2024 6:54:20 PM,1.06
10066,5/12/2024 6:54:30 PM,1.03
10066,5/12/2024 6:54:40 PM,1.00
10066,5/12/2024 6:54:50 PM,0.97
10066,5/12/2024 6:55:00 PM,0.94
10066,5/12/2024 6:55:10 PM,0.91
10066,5/12/2024 6:55:20 PM,0.88
10066,5/12/2024 6:55:30 PM,0.85
10066,5/12/2024 6:55:40 PM,0.82
10066,5/12/2024 6:55:50 PM,0.79
10066,5/12/2024 6:56:00 PM,0.76
10066,5/12/2024 6:56:10 PM,0.73
10066,5/12/2024 6:56:20 PM,0.70
10066,5/12/2024 6:56:30 PM,0.67
10066,5/12/2024 6:56:40 PM,0.64
10066,5/12/2024 6:56:50 PM,0.61
10066,5/12/2024 6:57:00 PM,0.74
10066,5/12/2024 6:57:10 PM,0.94
10066,5/12/2024 6:57:20 PM,1.14
10066,5/12/2024 6:57:30 PM,1.34
10066,5/12/2024 6:57:40 PM,1.54
10066,5/12/2024 6:57:50 PM,1.59
10066,5/12/2024 6:58:00 PM,1.58
10066,5/12/2024 6:58:10 PM,1.56
10066,5/12/2024 6:58:20 PM,1.55
10066,5/12/2024 6:58:30 PM,1.53
10066,5/12/2024 6:58:40 PM,1.52
10066,5/12/2024 6:58:50 PM,1.50
10066,5/12/2024 6:59:00 PM,1.49
10066,5/12/2024 6:59:10 PM,1.48
10066,5/12/2024 6:59:20 PM,1.46
10066,5/12/2024 6:59:30 PM,1.45
10066,5/12/2024 6:59:40 PM,1.43
10066,5/12/2024 6:59:50 PM,1.42
10066,5/12/2024 7:00:00 PM,1.40
10066,5/12/2024 7:00:10 PM,1.39
10066,5/12/2024 7:00:20 PM,1.38
10066,5/12/2024 7:00:30 PM,1.36
10066,5/12/2024 7:00:40 PM,1.35
10066,5/12/2024 7:00:50 PM,1.33
10066,5/12/2024 7:01:00 PM,1.32
10066,5/12/2024 7:01:10 PM,1.30
10066,5/12/2024 7:01:20 PM,1.29
10066,5/12/2024 7:01:30 PM,1.28
10066,5/12/2024 7:01:40 PM,1.26
10066,5/12/2024 7:01:50 PM,1.25
10066,5/12/2024 7:02:00 PM,1.23
10066,5/12/2024 7:02:10 PM,1.22
10066,5/12/2024 7:02:20 PM,1.20
10066,5/12/2024 7:02:30 PM,1.19
10066,5/12/2024 7:02:40 PM,1.18
10066,5/12/2024 7:02:50 PM,1.16
10066,5/12/2024 7:03:00 PM,1.15
10066,5/12/2024 7:03:10 PM,1.13
10066,5/12/2024 7:03:20 PM,1.12
10066,5/12/2024 7:03:30 PM,1.10
10066,5/12/2024 7:03:40 PM,1.09
10066,5/12/2024 7:03:50 PM,1.08
10066,5/12/2024 7:04:00 PM,1.06
10066,5/12/2024 7:04:10 PM,1.05
10066,5/12/2024 7:04:20 PM,1.03
10066,5/12/2024 7:04:30 PM,1.02
10066,5/12/2024 7:04:40 PM,1.00
10066,5/12/2024 7:04:50 PM,0.99
10066,5/12/2024 7:05:00 PM,0.97
10066,5/12/2024 7:05:10 PM,0.96
10066,5/12/2024 7:05:20 PM,0.95
10066,5/12/2024 7:05:30 PM,0.93
10066,5/12/2024 7:05:40 PM,0.92
10066,5/12/2024 7:05:50 PM,0.90
10066,5/12/2024 7:06:00 PM,0.89
10066,5/12/2024 7:06:10 PM,0.87
10066,5/12/2024 7:06:20 PM,0.86
10066,5/12/2024 7:06:30 PM,0.85
10066,5/12/2024 7:06:40 PM,0.83
10066,5/12/2024 7:06:50 PM,0.82
10066,5/12/2024 7:07:00 PM,0.80
10066,5/12/2024 7:07:10 PM,0.79
10066,5/12/2024 7:07:20 PM,0.77
10066,5/12/2024 7:07:30 PM,0.76
10066,5/12/2024 7:07:40 PM,0.75
10066,5/12/2024 7:07:50 PM,0.73
10066,5/12/2024 7:08:00 PM,0.72
10066,5/12/2024 7:08:10 PM,0.70
10066,5/12/2024 7:08:20 PM,0.69
10066,5/12/2024 7:08:30 PM,0.67
10066,5/12/2024 7:08:40 PM,0.66
10066,5/12/2024 7:08:50 PM,0.65
10066,5/12/2024 7:09:00 PM,0.63
10066,5/12/2024 7:09:10 PM,0.62
10066,5/12/2024 7:09:20 PM,0.60
10066,5/12/2024 7:09:30 PM,0.59
10066,5/12/2024 7:09:40 PM,0.57
10066,5/12/2024 7:09:50 PM,0.56
10066,5/12/2024 7:10:00 PM,0.55
10066,5/12/2024 7:10:10 PM,0.53
10066,5/12/2024 7:10:20 PM,0.52
10066,5/12/2024 7:10:30 PM,0.50
10066,5/12/2024 7:10:40 PM,1.15
10066,5/12/2024 7:10:50 PM,1.87
10066,5/12/2024 7:11:00 PM,2.07
10066,5/12/2024 7:11:10 PM,2.02
10066,5/12/2024 7:11:20 PM,1.97
10066,5/12/2024 7:11:30 PM,1.92
10066,5/12/2024 7:11:40 PM,1.87
10066,5/12/2024 7:11:50 PM,1.82
10066,5/12/2024 7:12:00 PM,1.77
10066,5/12/2024 7:12:10 PM,1.72
10066,5/12/2024 7:12:20 PM,1.67
10066,5/12/2024 7:12:30 PM,1.62
10066,5/12/2024 7:12:40 PM,1.57
10066,5/12/2024 7:12:50 PM,1.52
10066,5/12/2024 7:13:00 PM,1.47
10066,5/12/2024 7:13:10 PM,1.42
10066,5/12/2024 7:13:20 PM,1.37
10066,5/12/2024 7:13:30 PM,1.32
10066,5/12/2024 7:13:40 PM,1.27
10066,5/12/2024 7:13:50 PM,1.22
10066,5/12/2024 7:14:00 PM,1.17
10066,5/12/2024 7:14:10 PM,1.12
10066,5/12/2024 7:14:20 PM,1.07
10066,5/12/2024 7:14:30 PM,1.02
10066,5/12/2024 7:14:40 PM,0.97
10066,5/12/2024 7:14:50 PM,0.92
10066,5/12/2024 7:15:00 PM,0.87
10066,5/12/2024 7:15:10 PM,0.82
10066,5/12/2024 7:15:20 PM,0.91
10066,5/12/2024 7:15:30 PM,1.08
10066,5/12/2024 7:15:40 PM,1.25
10066,5/12/2024 7:15:50 PM,1.41
10066,5/12/2024 7:16:00 PM,1.58
10066,5/12/2024 7:16:10 PM,1.59
10066,5/12/2024 7:16:20 PM,1.59
10066,5/12/2024 7:16:30 PM,1.58
10066,5/12/2024 7:16:40 PM,1.57
10066,5/12/2024 7:16:50 PM,1.57
10066,5/12/2024 7:17:00 PM,1.56
10066,5/12/2024 7:17:10 PM,1.55
10066,5/12/2024 7:17:20 PM,1.55
10066,5/12/2024 7:17:30 PM,1.54
10066,5/12/2024 7:17:40 PM,1.53
10066,5/12/2024 7:17:50 PM,1.53
10066,5/12/2024 7:18:00 PM,1.52
10066,5/12/2024 7:18:10 PM,1.51
10066,5/12/2024 7:18:20 PM,1.50
10066,5/12/2024 7:18:30 PM,1.50
10066,5/12/2024 7:18:40 PM,1.49
10066,5/12/2024 7:18:50 PM,1.48
10066,5/12/2024 7:19:00 PM,1.48
10066,5/12/2024 7:19:10 PM,1.47
10066,5/12/2024 7:19:20 PM,1.46
10066,5/12/2024 7:19:30 PM,1.46
10066,5/12/2024 7:19:40 PM,1.45
10066,5/12/2024 7:19:50 PM,1.44
10066,5/12/2024 7:20:00 PM,1.44
10066,5/12/2024 7:20:10 PM,1.43
10066,5/12/2024 7:20:20 PM,1.42
10066,5/12/2024 7:20:30 PM,1.42
10066,5/12/2024 7:20:40 PM,1.41
10066,5/12/2024 7:20:50 PM,1.40
10066,5/12/2024 7:21:00 PM,1.39
10066,5/12/2024 7:21:10 PM,1.39
10066,5/12/2024 7:21:20 PM,1.38
10066,5/12/2024 7:21:30 PM,1.37
10066,5/12/2024 7:21:40 PM,1.37
10066,5/12/2024 7:21:50 PM,1.36
10066,5/12/2024 7:22:00 PM,1.35
10066,5/12/2024 7:22:10 PM,1.35
10066,5/12/2024 7:22:20 PM,1.34
10066,5/12/2024 7:22:30 PM,1.33
10066,5/12/2024 7:22:40 PM,1.33
10066,5/12/2024 7:22:50 PM,1.32
10066,5/12/2024 7:23:00 PM,1.31
10066,5/12/2024 7:23:10 PM,1.30
10066,5/12/2024 7:23:20 PM,1.30
10066,5/12/2024 7:23:30 PM,1.29
10066,5/12/2024 7:23:40 PM,1.28
10066,5/12/2024 7:23:50 PM,1.28
10066,5/12/2024 7:24:00 PM,1.27
10066,5/12/2024 7:24:10 PM,1.26
10066,5/12/2024 7:24:20 PM,1.26
10066,5/12/2024 7:24:30 PM,1.25
10066,5/12/2024 7:24:40 PM,1.24
10066,5/12/2024 7:24:50 PM,1.24
10066,5/12/2024 7:25:00 PM,1.23
10066,5/12/2024 7:25:10 PM,1.22
10066,5/12/2024 7:25:20 PM,1.22
10066,5/12/2024 7:25:30 PM,1.21
10066,5/12/2024 7:25:40 PM,1.20
10066,5/12/2024 7:25:50 PM,1.19
10066,5/12/2024 7:26:00 PM,1.19
10066,5/12/2024 7:26:10 PM,1.18
10066,5/12/2024 7:26:20 PM,1.17
10066,5/12/2024 7:26:30 PM,1.17
10066,5/12/2024 7:26:40 PM,1.16
10066,5/12/2024 7:26:50 PM,1.15
10066,5/12/2024 7:27:00 PM,1.15
10066,5/12/2024 7:27:10 PM,1.14
10066,5/12/2024 7:27:20 PM,1.13
10066,5/12/2024 7:27:30 PM,1.13
10066,5/12/2024 7:27:40 PM,1.12
10066,5/12/2024 7:27:50 PM,1.11
10066,5/12/2024 7:28:00 PM,1.10
10066,5/12/2024 7:28:10 PM,1.10
10066,5/12/2024 7:28:20 PM,1.09
10066,5/12/2024 7:28:30 PM,1.08
10066,5/12/2024 7:28:40 PM,1.08
10066,5/12/2024 7:28:50 PM,1.07
10066,5/12/2024 7:29:00 PM,1.06
10066,5/12/2024 7:29:10 PM,1.06
10066,5/12/2024 7:29:20 PM,1.05
10066,5/12/2024 7:29:30 PM,1.04
10066,5/12/2024 7:29:40 PM,1.04
10066,5/12/2024 7:29:50 PM,1.03
10066,5/12/2024 7:30:00 PM,1.02
10066,5/12/2024 7:30:10 PM,1.02
10066,5/12/2024 7:30:20 PM,1.01
10066,5/12/2024 7:30:30 PM,1.00
10066,5/12/2024 7:30:40 PM,1.15
10066,5/12/2024 7:30:50 PM,1.31
10066,5/12/2024 7:31:00 PM,1.48
10066,5/12/2024 7:31:10 PM,1.49
10066,5/12/2024 7:31:20 PM,1.48
10066,5/12/2024 7:31:30 PM,1.46
10066,5/12/2024 7:31:40 PM,1.45
10066,5/12/2024 7:31:50 PM,1.44
10066,5/12/2024 7:32:00 PM,1.42
10066,5/12/2024 7:32:10 PM,1.41
10066,5/12/2024 7:32:20 PM,1.40
10066,5/12/2024 7:32:30 PM,1.39
10066,5/12/2024 7:32:40 PM,1.37
10066,5/12/2024 7:32:50 PM,1.36
10066,5/12/2024 7:33:00 PM,1.35
10066,5/12/2024 7:33:10 PM,1.33
10066,5/12/2024 7:33:20 PM,1.32
10066,5/12/2024 7:33:30 PM,1.31
10066,5/12/2024 7:33:40 PM,1.29
10066,5/12/2024 7:33:50 PM,1.28
10066,5/12/2024 7:34:00 PM,1.27
10066,5/12/2024 7:34:10 PM,1.26
10066,5/12/2024 7:34:20 PM,1.24
10066,5/12/2024 7:34:30 PM,1.23
10066,5/12/2024 7:34:40 PM,1.22
10066,5/12/2024 7:34:50 PM,1.20
10066,5/12/2024 7:35:00 PM,1.19
10066,5/12/2024 7:35:10 PM,1.18
10066,5/12/2024 7:35:20 PM,1.16
10066,5/12/2024 7:35:30 PM,1.15
10066,5/12/2024 7:35:40 PM,1.14
10066,5/12/2024 7:35:50 PM,1.13
10066,5/12/2024 7:36:00 PM,1.11
10066,5/12/2024 7:36:10 PM,1.10
10066,5/12/2024 7:36:20 PM,1.09
10066,5/12/2024 7:36:30 PM,1.07
10066,5/12/2024 7:36:40 PM,1.06
10066,5/12/2024 7:36:50 PM,1.05
10066,5/12/2024 7:37:00 PM,1.03
10066,5/12/2024 7:37:10 PM,1.02
10066,5/12/2024 7:37:20 PM,1.01
10066,5/12/2024 7:37:30 PM,1.00
10066,5/12/2024 7:37:40 PM,0.98
10066,5/12/2024 7:37:50 PM,0.97
10066,5/12/2024 7:38:00 PM,0.96
10066,5/12/2024 7:38:10 PM,0.94
10066,5/12/2024 7:38:20 PM,0.93
10066,5/12/2024 7:38:30 PM,0.92
10066,5/12/2024 7:38:40 PM,0.90
10066,5/12/2024 7:38:50 PM,0.94
10066,5/12/2024 7:39:00 PM,0.99
10066,5/12/2024 7:39:10 PM,1.05
10066,5/12/2024 7:39:20 PM,1.11
10066,5/12/2024 7:39:30 PM,1.16
10066,5/12/2024 7:39:40 PM,1.22
10066,5/12/2024 7:39:50 PM,1.27
10066,5/12/2024 7:40:00 PM,1.33
10066,5/12/2024 7:40:10 PM,1.38
10066,5/12/2024 7:40:20 PM,1.36
10066,5/12/2024 7:40:30 PM,1.29
10066,5/12/2024 7:40:40 PM,1.23
10066,5/12/2024 7:40:50 PM,1.17
10066,5/12/2024 7:41:00 PM,1.10
10066,5/12/2024 7:41:10 PM,1.04
10066,5/12/2024 7:41:20 PM,0.98
10066,5/12/2024 7:41:30 PM,0.91
10066,5/12/2024 7:41:40 PM,0.85
10066,5/12/2024 7:41:50 PM,0.78
10066,5/12/2024 7:42:00 PM,0.72
10066,5/12/2024 7:42:10 PM,0.84
10066,5/12/2024 7:42:20 PM,1.05
10066,5/12/2024 7:42:30 PM,1.26
10066,5/12/2024 7:42:40 PM,1.47
10066,5/12/2024 7:42:50 PM,1.68
10066,5/12/2024 7:43:00 PM,1.52
10066,5/12/2024 7:43:10 PM,1.32
10066,5/12/2024 7:43:20 PM,1.12
10066,5/12/2024 7:43:30 PM,0.92
10066,5/12/2024 7:43:40 PM,0.72
10066,5/12/2024 7:43:50 PM,0.93
10066,5/12/2024 7:44:00 PM,1.19
10066,5/12/2024 7:44:10 PM,1.46
10066,5/12/2024 7:44:20 PM,1.72
10066,5/12/2024 7:44:30 PM,1.69
10066,5/12/2024 7:44:40 PM,1.54
10066,5/12/2024 7:44:50 PM,1.39
10066,5/12/2024 7:45:00 PM,1.23
10066,5/12/2024 7:45:10 PM,1.08
10066,5/12/2024 7:45:20 PM,1.00
10066,5/12/2024 7:45:30 PM,0.98
10066,5/12/2024 7:45:40 PM,0.97
10066,5/12/2024 7:45:50 PM,0.96
10066,5/12/2024 7:46:00 PM,0.95
10066,5/12/2024 7:46:10 PM,0.94
10066,5/12/2024 7:46:20 PM,0.93
10066,5/12/2024 7:46:30 PM,0.92
10066,5/12/2024 7:46:40 PM,0.91
10066,5/12/2024 7:46:50 PM,0.90
10066,5/12/2024 7:47:00 PM,0.89
10066,5/12/2024 7:47:10 PM,0.88
10066,5/12/2024 7:47:20 PM,0.87
10066,5/12/2024 7:47:30 PM,0.86
10066,5/12/2024 7:47:40 PM,0.85
10066,5/12/2024 7:47:50 PM,0.84
10066,5/12/2024 7:48:00 PM,0.83
10066,5/12/2024 7:48:10 PM,0.81
10066,5/12/2024 7:48:20 PM,0.80
10066,5/12/2024 7:48:30 PM,0.96
10066,5/12/2024 7:48:40 PM,1.19
10066,5/12/2024 7:48:50 PM,1.43
10066,5/12/2024 7:49:00 PM,1.45
10066,5/12/2024 7:49:10 PM,1.38
10066,5/12/2024 7:49:20 PM,1.30
10066,5/12/2024 7:49:30 PM,1.23
10066,5/12/2024 7:49:40 PM,1.16
10066,5/12/2024 7:49:50 PM,1.08
10066,5/12/2024 7:50:00 PM,1.01
10066,5/12/2024 7:50:10 PM,0.94
10066,5/12/2024 7:50:20 PM,0.86
10066,5/12/2024 7:50:30 PM,0.79
10066,5/12/2024 7:50:40 PM,0.72
10066,5/12/2024 7:50:50 PM,0.64
10066,5/12/2024 7:51:00 PM,0.57
10066,5/12/2024 7:51:10 PM,0.50
10066,5/12/2024 7:51:20 PM,0.42
10066,5/12/2024 7:51:30 PM,0.46
10066,5/12/2024 7:51:40 PM,0.54
10066,5/12/2024 7:51:50 PM,0.62
10066,5/12/2024 7:52:00 PM,0.70
10066,5/12/2024 7:52:10 PM,0.78
10066,5/12/2024 7:52:20 PM,0.86
10066,5/12/2024 7:52:30 PM,0.94
10066,5/12/2024 7:52:40 PM,1.02
10066,5/12/2024 7:52:50 PM,1.10
10066,5/12/2024 7:53:00 PM,1.19
10066,5/12/2024 7:53:10 PM,1.27
10066,5/12/2024 7:53:20 PM,1.35
10066,5/12/2024 7:53:30 PM,1.43
10066,5/12/2024 7:53:40 PM,1.51
10066,5/12/2024 7:53:50 PM,1.59
10066,5/12/2024 7:54:00 PM,1.54
10066,5/12/2024 7:54:10 PM,1.48
10066,5/12/2024 7:54:20 PM,1.41
10066,5/12/2024 7:54:30 PM,1.35
10066,5/12/2024 7:54:40 PM,1.29
10066,5/12/2024 7:54:50 PM,1.22
10066,5/12/2024 7:55:00 PM,1.16
10066,5/12/2024 7:55:10 PM,1.09
10066,5/12/2024 7:55:20 PM,1.03
10066,5/12/2024 7:55:30 PM,0.97
10066,5/12/2024 7:55:40 PM,0.90
10066,5/12/2024 7:55:50 PM,0.84
10066,5/12/2024 7:56:00 PM,0.77
10066,5/12/2024 7:56:10 PM,0.71
10066,5/12/2024 7:56:20 PM,0.91
10066,5/12/2024 7:56:30 PM,1.15
10066,5/12/2024 7:56:40 PM,1.39
10066,5/12/2024 7:56:50 PM,1.63
10066,5/12/2024 7:57:00 PM,1.59
10066,5/12/2024 7:57:10 PM,1.42
10066,5/12/2024 7:57:20 PM,1.25
10066,5/12/2024 7:57:30 PM,1.09
10066,5/12/2024 7:57:40 PM,0.92
10066,5/12/2024 7:57:50 PM,1.06
10066,5/12/2024 7:58:00 PM,1.23
10066,5/12/2024 7:58:10 PM,1.41
10066,5/12/2024 7:58:20 PM,1.58
10066,5/12/2024 7:58:30 PM,1.53
10066,5/12/2024 7:58:40 PM,1.44
10066,5/12/2024 7:58:50 PM,1.36
10066,5/12/2024 7:59:00 PM,1.28
10066,5/12/2024 7:59:10 PM,1.19
10066,5/12/2024 7:59:20 PM,1.11
10066,5/12/2024 7:59:30 PM,1.03
10066,5/12/2024 7:59:40 PM,1.11
10066,5/12/2024 7:59:50 PM,1.28
10066,5/12/2024 8:00:00 PM,1.45
10066,5/12/2024 8:00:10 PM,1.61
10066,5/12/2024 8:00:20 PM,1.69
10066,5/12/2024 8:00:30 PM,1.67
10066,5/12/2024 8:00:40 PM,1.66
10066,5/12/2024 8:00:50 PM,1.64
10066,5/12/2024 8:01:00 PM,1.62
10066,5/12/2024 8:01:10 PM,1.60
10066,5/12/2024 8:01:20 PM,1.59
10066,5/12/2024 8:01:30 PM,1.57
10066,5/12/2024 8:01:40 PM,1.55
10066,5/12/2024 8:01:50 PM,1.53
10066,5/12/2024 8:02:00 PM,1.52
10066,5/12/2024 8:02:10 PM,1.50
10066,5/12/2024 8:02:20 PM,1.48
10066,5/12/2024 8:02:30 PM,1.46
10066,5/12/2024 8:02:40 PM,1.45
10066,5/12/2024 8:02:50 PM,1.43
10066,5/12/2024 8:03:00 PM,1.41
10066,5/12/2024 8:03:10 PM,1.39
10066,5/12/2024 8:03:20 PM,1.38
10066,5/12/2024 8:03:30 PM,1.36
10066,5/12/2024 8:03:40 PM,1.34
10066,5/12/2024 8:03:50 PM,1.32
10066,5/12/2024 8:04:00 PM,1.31
10066,5/12/2024 8:04:10 PM,1.29
10066,5/12/2024 8:04:20 PM,1.27
10066,5/12/2024 8:04:30 PM,1.25
10066,5/12/2024 8:04:40 PM,1.23
10066,5/12/2024 8:04:50 PM,1.22
10066,5/12/2024 8:05:00 PM,1.20
10066,5/12/2024 8:05:10 PM,1.18
10066,5/12/2024 8:05:20 PM,1.16
10066,5/12/2024 8:05:30 PM,1.15
10066,5/12/2024 8:05:40 PM,1.13
10066,5/12/2024 8:05:50 PM,1.11
10066,5/12/2024 8:06:00 PM,1.09
10066,5/12/2024 8:06:10 PM,1.08
10066,5/12/2024 8:06:20 PM,1.06
10066,5/12/2024 8:06:30 PM,1.04
10066,5/12/2024 8:06:40 PM,1.02
10066,5/12/2024 8:06:50 PM,1.01
10066,5/12/2024 8:07:00 PM,1.19
10066,5/12/2024 8:07:10 PM,1.47
10066,5/12/2024 8:07:20 PM,1.45
10066,5/12/2024 8:07:30 PM,1.39
10066,5/12/2024 8:07:40 PM,1.34
10066,5/12/2024 8:07:50 PM,1.28
10066,5/12/2024 8:08:00 PM,1.22
10066,5/12/2024 8:08:10 PM,1.16
10066,5/12/2024 8:08:20 PM,1.11
10066,5/12/2024 8:08:30 PM,1.05
10066,5/12/2024 8:08:40 PM,0.99
10066,5/12/2024 8:08:50 PM,0.94
10066,5/12/2024 8:09:00 PM,0.88
10066,5/12/2024 8:09:10 PM,0.82
10066,5/12/2024 8:09:20 PM,0.76
10066,5/12/2024 8:09:30 PM,0.71
10066,5/12/2024 8:09:40 PM,1.05
10066,5/12/2024 8:09:50 PM,1.45
10066,5/12/2024 8:10:00 PM,1.50
10066,5/12/2024 8:10:10 PM,1.51
10066,5/12/2024 8:10:20 PM,1.51
10066,5/12/2024 8:10:30 PM,1.51
10066,5/12/2024 8:10:40 PM,1.52
10066,5/12/2024 8:10:50 PM,1.52
10066,5/12/2024 8:11:00 PM,1.52
10066,5/12/2024 8:11:10 PM,1.52
10066,5/12/2024 8:11:20 PM,1.53
10066,5/12/2024 8:11:30 PM,1.53
10066,5/12/2024 8:11:40 PM,1.53
10066,5/12/2024 8:11:50 PM,1.54
10066,5/12/2024 8:12:00 PM,1.54
10066,5/12/2024 8:12:10 PM,1.54
10066,5/12/2024 8:12:20 PM,1.55
10066,5/12/2024 8:12:30 PM,1.55
10066,5/12/2024 8:12:40 PM,1.55
10066,5/12/2024 8:12:50 PM,1.56
10066,5/12/2024 8:13:00 PM,1.56
10066,5/12/2024 8:13:10 PM,1.56
10066,5/12/2024 8:13:20 PM,1.56
10066,5/12/2024 8:13:30 PM,1.57
10066,5/12/2024 8:13:40 PM,1.57
10066,5/12/2024 8:13:50 PM,1.57
10066,5/12/2024 8:14:00 PM,1.58
10066,5/12/2024 8:14:10 PM,1.58
10066,5/12/2024 8:14:20 PM,1.58
10066,5/12/2024 8:14:30 PM,1.59
10066,5/12/2024 8:14:40 PM,1.59
10066,5/12/2024 8:14:50 PM,1.59
10066,5/12/2024 8:15:00 PM,1.60
10066,5/12/2024 8:15:10 PM,1.60
10066,5/12/2024 8:15:20 PM,1.55
10066,5/12/2024 8:15:30 PM,1.46
10066,5/12/2024 8:15:40 PM,1.37
10066,5/12/2024 8:15:50 PM,1.27
10066,5/12/2024 8:16:00 PM,1.18
10066,5/12/2024 8:16:10 PM,1.08
10066,5/12/2024 8:16:20 PM,0.99
10066,5/12/2024 8:16:30 PM,0.90
10066,5/12/2024 8:16:40 PM,0.80
10066,5/12/2024 8:16:50 PM,0.71
10066,5/12/2024 8:17:00 PM,0.61
10066,5/12/2024 8:17:10 PM,1.04
10066,5/12/2024 8:17:20 PM,1.54
10066,5/12/2024 8:17:30 PM,1.68
10066,5/12/2024 8:17:40 PM,1.65
10066,5/12/2024 8:17:50 PM,1.62
10066,5/12/2024 8:18:00 PM,1.59
10066,5/12/2024 8:18:10 PM,1.56
10066,5/12/2024 8:18:20 PM,1.53
10066,5/12/2024 8:18:30 PM,1.50
10066,5/12/2024 8:18:40 PM,1.47
10066,5/12/2024 8:18:50 PM,1.44
10066,5/12/2024 8:19:00 PM,1.41
10066,5/12/2024 8:19:10 PM,1.37
10066,5/12/2024 8:19:20 PM,1.34
10066,5/12/2024 8:19:30 PM,1.31
10066,5/12/2024 8:19:40 PM,1.28
10066,5/12/2024 8:19:50 PM,1.25
10066,5/12/2024 8:20:00 PM,1.22
10066,5/12/2024 8:20:10 PM,1.19
10066,5/12/2024 8:20:20 PM,1.16
10066,5/12/2024 8:20:30 PM,1.13
10066,5/12/2024 8:20:40 PM,1.10
10066,5/12/2024 8:20:50 PM,1.07
10066,5/12/2024 8:21:00 PM,1.04
10066,5/12/2024 8:21:10 PM,1.01
10066,5/12/2024 8:21:20 PM,0.98
10066,5/12/2024 8:21:30 PM,0.95
10066,5/12/2024 8:21:40 PM,0.92
10066,5/12/2024 8:21:50 PM,0.89
10066,5/12/2024 8:22:00 PM,0.86
10066,5/12/2024 8:22:10 PM,0.83
10066,5/12/2024 8:22:20 PM,0.80
10066,5/12/2024 8:22:30 PM,0.76
10066,5/12/2024 8:22:40 PM,0.73
10066,5/12/2024 8:22:50 PM,0.70
10066,5/12/2024 8:23:00 PM,0.88
10066,5/12/2024 8:23:10 PM,1.08
10066,5/12/2024 8:23:20 PM,1.28
10066,5/12/2024 8:23:30 PM,1.21
10066,5/12/2024 8:23:40 PM,1.11
10066,5/12/2024 8:23:50 PM,1.01
10066,5/12/2024 8:24:00 PM,0.91
10066,5/12/2024 8:24:10 PM,0.81
10066,5/12/2024 8:24:20 PM,1.20
10066,5/12/2024 8:24:30 PM,1.65
10066,5/12/2024 8:24:40 PM,1.68
10066,5/12/2024 8:24:50 PM,1.66
10066,5/12/2024 8:25:00 PM,1.63
10066,5/12/2024 8:25:10 PM,1.61
10066,5/12/2024 8:25:20 PM,1.58
10066,5/12/2024 8:25:30 PM,1.56
10066,5/12/2024 8:25:40 PM,1.54
10066,5/12/2024 8:25:50 PM,1.51
10066,5/12/2024 8:26:00 PM,1.49
10066,5/12/2024 8:26:10 PM,1.47
10066,5/12/2024 8:26:20 PM,1.44
10066,5/12/2024 8:26:30 PM,1.42
10066,5/12/2024 8:26:40 PM,1.40
10066,5/12/2024 8:26:50 PM,1.37
10066,5/12/2024 8:27:00 PM,1.35
10066,5/12/2024 8:27:10 PM,1.32
10066,5/12/2024 8:27:20 PM,1.30
10066,5/12/2024 8:27:30 PM,1.28
10066,5/12/2024 8:27:40 PM,1.25
10066,5/12/2024 8:27:50 PM,1.23
10066,5/12/2024 8:28:00 PM,1.21
10066,5/12/2024 8:28:10 PM,1.18
10066,5/12/2024 8:28:20 PM,1.16
10066,5/12/2024 8:28:30 PM,1.13
10066,5/12/2024 8:28:40 PM,1.11
10066,5/12/2024 8:28:50 PM,1.09
10066,5/12/2024 8:29:00 PM,1.06
10066,5/12/2024 8:29:10 PM,1.04
10066,5/12/2024 8:29:20 PM,1.02
10066,5/12/2024 8:29:30 PM,0.99
10066,5/12/2024 8:29:40 PM,0.97
10066,5/12/2024 8:29:50 PM,0.95
10066,5/12/2024 8:30:00 PM,0.92
10066,5/12/2024 8:30:10 PM,0.90
10066,5/12/2024 8:30:20 PM,0.87
10066,5/12/2024 8:30:30 PM,0.85
10066,5/12/2024 8:30:40 PM,0.83
10066,5/12/2024 8:30:50 PM,0.80
10066,5/12/2024 8:31:00 PM,0.78
10066,5/12/2024 8:31:10 PM,0.76
10066,5/12/2024 8:31:20 PM,0.73
10066,5/12/2024 8:31:30 PM,0.71
10066,5/12/2024 8:31:40 PM,0.93
10066,5/12/2024 8:31:50 PM,1.26
10066,5/12/2024 8:32:00 PM,1.59
10066,5/12/2024 8:32:10 PM,1.52
10066,5/12/2024 8:32:20 PM,1.26
10066,5/12/2024 8:32:30 PM,0.99
10066,5/12/2024 8:32:40 PM,0.73
10066,5/12/2024 8:32:50 PM,0.89
10066,5/12/2024 8:33:00 PM,1.11
10066,5/12/2024 8:33:10 PM,1.32
10066,5/12/2024 8:33:20 PM,1.53
10066,5/12/2024 8:33:30 PM,1.52
10066,5/12/2024 8:33:40 PM,1.40
10066,5/12/2024 8:33:50 PM,1.29
10066,5/12/2024 8:34:00 PM,1.17
10066,5/12/2024 8:34:10 PM,1.05
10066,5/12/2024 8:34:20 PM,0.94
10066,5/12/2024 8:34:30 PM,0.92
10066,5/12/2024 8:34:40 PM,0.96
10066,5/12/2024 8:34:50 PM,0.99
10066,5/12/2024 8:35:00 PM,1.02
10066,5/12/2024 8:35:10 PM,1.06
10066,5/12/2024 8:35:20 PM,1.09
10066,5/12/2024 8:35:30 PM,1.12
10066,5/12/2024 8:35:40 PM,1.16
10066,5/12/2024 8:35:50 PM,1.19
10066,5/12/2024 8:36:00 PM,1.22
10066,5/12/2024 8:36:10 PM,1.26
10066,5/12/2024 8:36:20 PM,1.29
10066,5/12/2024 8:36:30 PM,1.32
10066,5/12/2024 8:36:40 PM,1.36
10066,5/12/2024 8:36:50 PM,1.39
10066,5/12/2024 8:37:00 PM,1.42
10066,5/12/2024 8:37:10 PM,1.46
10066,5/12/2024 8:37:20 PM,1.49
10066,5/12/2024 8:37:30 PM,1.52
10066,5/12/2024 8:37:40 PM,1.56
10066,5/12/2024 8:37:50 PM,1.59
10066,5/12/2024 8:38:00 PM,1.62
10066,5/12/2024 8:38:10 PM,1.66
10066,5/12/2024 8:38:20 PM,1.69
10066,5/12/2024 8:38:30 PM,1.72
10066,5/12/2024 8:38:40 PM,1.76
10066,5/12/2024 8:38:50 PM,1.79
10066,5/12/2024 8:39:00 PM,1.61
10066,5/12/2024 8:39:10 PM,1.34
10066,5/12/2024 8:39:20 PM,1.06
10066,5/12/2024 8:39:30 PM,0.79
10066,5/12/2024 8:39:40 PM,1.02
10066,5/12/2024 8:39:50 PM,1.48
10066,5/12/2024 8:40:00 PM,1.95
10066,5/12/2024 8:40:10 PM,1.89
10066,5/12/2024 8:40:20 PM,1.76
10066,5/12/2024 8:40:30 PM,1.64
10066,5/12/2024 8:40:40 PM,1.51
10066,5/12/2024 8:40:50 PM,1.39
10066,5/12/2024 8:41:00 PM,1.26
10066,5/12/2024 8:41:10 PM,1.14
10066,5/12/2024 8:41:20 PM,1.01
10066,5/12/2024 8:41:30 PM,0.89
10066,5/12/2024 8:41:40 PM,0.76
10066,5/12/2024 8:41:50 PM,0.64
10066,5/12/2024 8:42:00 PM,0.77
10066,5/12/2024 8:42:10 PM,1.02
10066,5/12/2024 8:42:20 PM,1.27
10066,5/12/2024 8:42:30 PM,1.29
10066,5/12/2024 8:42:40 PM,1.28
10066,5/12/2024 8:42:50 PM,1.26
10066,5/12/2024 8:43:00 PM,1.25
10066,5/12/2024 8:43:10 PM,1.24
10066,5/12/2024 8:43:20 PM,1.23
10066,5/12/2024 8:43:30 PM,1.21
10066,5/12/2024 8:43:40 PM,1.20
10066,5/12/2024 8:43:50 PM,1.19
10066,5/12/2024 8:44:00 PM,1.17
10066,5/12/2024 8:44:10 PM,1.16
10066,5/12/2024 8:44:20 PM,1.15
10066,5/12/2024 8:44:30 PM,1.14
10066,5/12/2024 8:44:40 PM,1.12
10066,5/12/2024 8:44:50 PM,1.11
10066,5/12/2024 8:45:00 PM,1.10
10066,5/12/2024 8:45:10 PM,1.08
10066,5/12/2024 8:45:20 PM,1.07
10066,5/12/2024 8:45:30 PM,1.06
10066,5/12/2024 8:45:40 PM,1.05
10066,5/12/2024 8:45:50 PM,1.03
10066,5/12/2024 8:46:00 PM,1.02
10066,5/12/2024 8:46:10 PM,1.01
10066,5/12/2024 8:46:20 PM,0.99
10066,5/12/2024 8:46:30 PM,0.98
10066,5/12/2024 8:46:40 PM,0.97
10066,5/12/2024 8:46:50 PM,0.96
10066,5/12/2024 8:47:00 PM,0.94
10066,5/12/2024 8:47:10 PM,0.93
10066,5/12/2024 8:47:20 PM,0.92
10066,5/12/2024 8:47:30 PM,0.90
10066,5/12/2024 8:47:40 PM,0.89
10066,5/12/2024 8:47:50 PM,0.88
10066,5/12/2024 8:48:00 PM,0.87
10066,5/12/2024 8:48:10 PM,0.85
10066,5/12/2024 8:48:20 PM,0.84
10066,5/12/2024 8:48:30 PM,0.83
10066,5/12/2024 8:48:40 PM,0.81
10066,5/12/2024 8:48:50 PM,0.80
10066,5/12/2024 8:49:00 PM,1.16
10066,5/12/2024 8:49:10 PM,1.56
10066,5/12/2024 8:49:20 PM,1.96
10066,5/12/2024 8:49:30 PM,1.79
10066,5/12/2024 8:49:40 PM,1.56
10066,5/12/2024 8:49:50 PM,1.33
10066,5/12/2024 8:50:00 PM,1.09
10066,5/12/2024 8:50:10 PM,0.86
10066,5/12/2024 8:50:20 PM,0.63
10066,5/12/2024 8:50:30 PM,0.65
10066,5/12/2024 8:50:40 PM,0.71
10066,5/12/2024 8:50:50 PM,0.77
10066,5/12/2024 8:51:00 PM,0.83
10066,5/12/2024 8:51:10 PM,0.89
10066,5/12/2024 8:51:20 PM,0.95
10066,5/12/2024 8:51:30 PM,1.01
10066,5/12/2024 8:51:40 PM,1.06
10066,5/12/2024 8:51:50 PM,1.12
10066,5/12/2024 8:52:00 PM,1.18
10066,5/12/2024 8:52:10 PM,1.24
10066,5/12/2024 8:52:20 PM,1.30
10066,5/12/2024 8:52:30 PM,1.36
10066,5/12/2024 8:52:40 PM,1.42
10066,5/12/2024 8:52:50 PM,1.48
10066,5/12/2024 8:53:00 PM,1.53
10066,5/12/2024 8:53:10 PM,1.59
10066,5/12/2024 8:53:20 PM,1.51
10066,5/12/2024 8:53:30 PM,1.40
10066,5/12/2024 8:53:40 PM,1.29
10066,5/12/2024 8:53:50 PM,1.18
10066,5/12/2024 8:54:00 PM,1.07
10066,5/12/2024 8:54:10 PM,0.97
10066,5/12/2024 8:54:20 PM,0.86
10066,5/12/2024 8:54:30 PM,0.75
10066,5/12/2024 8:54:40 PM,0.64
10066,5/12/2024 8:54:50 PM,0.53
10066,5/12/2024 8:55:00 PM,0.77
10066,5/12/2024 8:55:10 PM,1.17
10066,5/12/2024 8:55:20 PM,1.57
10066,5/12/2024 8:55:30 PM,1.68
10066,5/12/2024 8:55:40 PM,1.65
10066,5/12/2024 8:55:50 PM,1.63
10066,5/12/2024 8:56:00 PM,1.60
10066,5/12/2024 8:56:10 PM,1.57
10066,5/12/2024 8:56:20 PM,1.54
10066,5/12/2024 8:56:30 PM,1.51
10066,5/12/2024 8:56:40 PM,1.49
10066,5/12/2024 8:56:50 PM,1.46
10066,5/12/2024 8:57:00 PM,1.43
10066,5/12/2024 8:57:10 PM,1.40
10066,5/12/2024 8:57:20 PM,1.37
10066,5/12/2024 8:57:30 PM,1.35
10066,5/12/2024 8:57:40 PM,1.32
10066,5/12/2024 8:57:50 PM,1.29
10066,5/12/2024 8:58:00 PM,1.26
10066,5/12/2024 8:58:10 PM,1.23
10066,5/12/2024 8:58:20 PM,1.21
10066,5/12/2024 8:58:30 PM,1.18
10066,5/12/2024 8:58:40 PM,1.15
10066,5/12/2024 8:58:50 PM,1.12
10066,5/12/2024 8:59:00 PM,1.10
10066,5/12/2024 8:59:10 PM,1.07
10066,5/12/2024 8:59:20 PM,1.04
10066,5/12/2024 8:59:30 PM,1.01
10066,5/12/2024 8:59:40 PM,0.98
10066,5/12/2024 8:59:50 PM,0.96
10066,5/12/2024 9:00:00 PM,0.93
10066,5/12/2024 9:00:10 PM,0.90
10066,5/12/2024 9:00:20 PM,0.87
10066,5/12/2024 9:00:30 PM,0.84
10066,5/12/2024 9:00:40 PM,0.82
10066,5/12/2024 9:00:50 PM,0.79
10066,5/12/2024 9:01:00 PM,0.76
10066,5/12/2024 9:01:10 PM,0.73
10066,5/12/2024 9:01:20 PM,0.70
10066,5/12/2024 9:01:30 PM,0.96
10066,5/12/2024 9:01:40 PM,1.26
10066,5/12/2024 9:01:50 PM,1.56
10066,5/12/2024 9:02:00 PM,1.86
10066,5/12/2024 9:02:10 PM,1.84
10066,5/12/2024 9:02:20 PM,1.76
10066,5/12/2024 9:02:30 PM,1.69
10066,5/12/2024 9:02:40 PM,1.61
10066,5/12/2024 9:02:50 PM,1.54
10066,5/12/2024 9:03:00 PM,1.46
10066,5/12/2024 9:03:10 PM,1.38
10066,5/12/2024 9:03:20 PM,1.31
10066,5/12/2024 9:03:30 PM,1.23
10066,5/12/2024 9:03:40 PM,1.16
10066,5/12/2024 9:03:50 PM,1.08
10066,5/12/2024 9:04:00 PM,1.01
10066,5/12/2024 9:04:10 PM,0.93
10066,5/12/2024 9:04:20 PM,0.86
10066,5/12/2024 9:04:30 PM,0.78
10066,5/12/2024 9:04:40 PM,0.71
10066,5/12/2024 9:04:50 PM,1.02
10066,5/12/2024 9:05:00 PM,1.38
10066,5/12/2024 9:05:10 PM,1.51
10066,5/12/2024 9:05:20 PM,1.51
10066,5/12/2024 9:05:30 PM,1.52
10066,5/12/2024 9:05:40 PM,1.53
10066,5/12/2024 9:05:50 PM,1.53
10066,5/12/2024 9:06:00 PM,1.54
10066,5/12/2024 9:06:10 PM,1.55
10066,5/12/2024 9:06:20 PM,1.56
10066,5/12/2024 9:06:30 PM,1.56
10066,5/12/2024 9:06:40 PM,1.57
10066,5/12/2024 9:06:50 PM,1.58
10066,5/12/2024 9:07:00 PM,1.59
10066,5/12/2024 9:07:10 PM,1.59
10066,5/12/2024 9:07:20 PM,1.60
10066,5/12/2024 9:07:30 PM,1.55
10066,5/12/2024 9:07:40 PM,1.50
10066,5/12/2024 9:07:50 PM,1.44
10066,5/12/2024 9:08:00 PM,1.39
10066,5/12/2024 9:08:10 PM,1.33
10066,5/12/2024 9:08:20 PM,1.28
10066,5/12/2024 9:08:30 PM,1.22
10066,5/12/2024 9:08:40 PM,1.17
10066,5/12/2024 9:08:50 PM,1.11
10066,5/12/2024 9:09:00 PM,1.06
10066,5/12/2024 9:09:10 PM,1.00
10066,5/12/2024 9:09:20 PM,0.95
10066,5/12/2024 9:09:30 PM,0.89
10066,5/12/2024 9:09:40 PM,0.84
10066,5/12/2024 9:09:50 PM,0.78
10066,5/12/2024 9:10:00 PM,0.73
10066,5/12/2024 9:10:10 PM,0.67
10066,5/12/2024 9:10:20 PM,0.62
10066,5/12/2024 9:10:30 PM,0.56
10066,5/12/2024 9:10:40 PM,0.51
10066,5/12/2024 9:10:50 PM,0.60
10066,5/12/2024 9:11:00 PM,0.72
10066,5/12/2024 9:11:10 PM,0.84
10066,5/12/2024 9:11:20 PM,0.95
10066,5/12/2024 9:11:30 PM,1.07
10066,5/12/2024 9:11:40 PM,1.19
10066,5/12/2024 9:11:50 PM,1.11
10066,5/12/2024 9:12:00 PM,1.01
10066,5/12/2024 9:12:10 PM,0.91
10066,5/12/2024 9:12:20 PM,0.81
10066,5/12/2024 9:12:30 PM,0.71
10066,5/12/2024 9:12:40 PM,0.82
10066,5/12/2024 9:12:50 PM,0.95
10066,5/12/2024 9:13:00 PM,1.08
10066,5/12/2024 9:13:10 PM,1.22
10066,5/12/2024 9:13:20 PM,1.35
10066,5/12/2024 9:13:30 PM,1.48
10066,5/12/2024 9:13:40 PM,1.50
10066,5/12/2024 9:13:50 PM,1.50
10066,5/12/2024 9:14:00 PM,1.50
10066,5/12/2024 9:14:10 PM,1.50
10066,5/12/2024 9:14:20 PM,1.50
10066,5/12/2024 9:14:30 PM,1.49
10066,5/12/2024 9:14:40 PM,1.49
10066,5/12/2024 9:14:50 PM,1.49
10066,5/12/2024 9:15:00 PM,1.49
10066,5/12/2024 9:15:10 PM,1.49
10066,5/12/2024 9:15:20 PM,1.49
10066,5/12/2024 9:15:30 PM,1.49
10066,5/12/2024 9:15:40 PM,1.49
10066,5/12/2024 9:15:50 PM,1.49
10066,5/12/2024 9:16:00 PM,1.49
10066,5/12/2024 9:16:10 PM,1.48
10066,5/12/2024 9:16:20 PM,1.48
10066,5/12/2024 9:16:30 PM,1.48
10066,5/12/2024 9:16:40 PM,1.48
10066,5/12/2024 9:16:50 PM,1.48
10066,5/12/2024 9:17:00 PM,1.48
10066,5/12/2024 9:17:10 PM,1.48
10066,5/12/2024 9:17:20 PM,1.48
10066,5/12/2024 9:17:30 PM,1.48
10066,5/12/2024 9:17:40 PM,1.48
10066,5/12/2024 9:17:50 PM,1.47
10066,5/12/2024 9:18:00 PM,1.47
10066,5/12/2024 9:18:10 PM,1.47
10066,5/12/2024 9:18:20 PM,1.47
10066,5/12/2024 9:18:30 PM,1.47
10066,5/12/2024 9:18:40 PM,1.47
10066,5/12/2024 9:18:50 PM,1.47
10066,5/12/2024 9:19:00 PM,1.47
10066,5/12/2024 9:19:10 PM,1.47
10066,5/12/2024 9:19:20 PM,1.47
10066,5/12/2024 9:19:30 PM,1.46
10066,5/12/2024 9:19:40 PM,1.46
10066,5/12/2024 9:19:50 PM,1.46
10066,5/12/2024 9:20:00 PM,1.46
10066,5/12/2024 9:20:10 PM,1.46
10066,5/12/2024 9:20:20 PM,1.46
10066,5/12/2024 9:20:30 PM,1.46
10066,5/12/2024 9:20:40 PM,1.46
10066,5/12/2024 9:20:50 PM,1.46
10066,5/12/2024 9:21:00 PM,1.46
10066,5/12/2024 9:21:10 PM,1.45
10066,5/12/2024 9:21:20 PM,1.45
10066,5/12/2024 9:21:30 PM,1.45
10066,5/12/2024 9:21:40 PM,1.45
10066,5/12/2024 9:21:50 PM,1.45
10066,5/12/2024 9:22:00 PM,1.45
10066,5/12/2024 9:22:10 PM,1.45
10066,5/12/2024 9:22:20 PM,1.45
10066,5/12/2024 9:22:30 PM,1.45
10066,5/12/2024 9:22:40 PM,1.45
10066,5/12/2024 9:22:50 PM,1.44
10066,5/12/2024 9:23:00 PM,1.44
10066,5/12/2024 9:23:10 PM,1.44
10066,5/12/2024 9:23:20 PM,1.44
10066,5/12/2024 9:23:30 PM,1.44
10066,5/12/2024 9:23:40 PM,1.44
10066,5/12/2024 9:23:50 PM,1.44
10066,5/12/2024 9:24:00 PM,1.44
10066,5/12/2024 9:24:10 PM,1.44
10066,5/12/2024 9:24:20 PM,1.44
10066,5/12/2024 9:24:30 PM,1.43
10066,5/12/2024 9:24:40 PM,1.43
10066,5/12/2024 9:24:50 PM,1.43
10066,5/12/2024 9:25:00 PM,1.43
10066,5/12/2024 9:25:10 PM,1.43
10066,5/12/2024 9:25:20 PM,1.43
10066,5/12/2024 9:25:30 PM,1.43
10066,5/12/2024 9:25:40 PM,1.43
10066,5/12/2024 9:25:50 PM,1.43
10066,5/12/2024 9:26:00 PM,1.43
10066,5/12/2024 9:26:10 PM,1.42
10066,5/12/2024 9:26:20 PM,1.42
10066,5/12/2024 9:26:30 PM,1.42
10066,5/12/2024 9:26:40 PM,1.42
10066,5/12/2024 9:26:50 PM,1.42
10066,5/12/2024 9:27:00 PM,1.42
10066,5/12/2024 9:27:10 PM,1.42
10066,5/12/2024 9:27:20 PM,1.42
10066,5/12/2024 9:27:30 PM,1.42
10066,5/12/2024 9:27:40 PM,1.42
10066,5/12/2024 9:27:50 PM,1.41
10066,5/12/2024 9:28:00 PM,1.41
10066,5/12/2024 9:28:10 PM,1.41
10066,5/12/2024 9:28:20 PM,1.41
10066,5/12/2024 9:28:30 PM,1.41
10066,5/12/2024 9:28:40 PM,1.41
10066,5/12/2024 9:28:50 PM,1.41
10066,5/12/2024 9:29:00 PM,1.41
10066,5/12/2024 9:29:10 PM,1.41
10066,5/12/2024 9:29:20 PM,1.41
10066,5/12/2024 9:29:30 PM,1.40
10066,5/12/2024 9:29:40 PM,1.40
10066,5/12/2024 9:29:50 PM,1.40
10066,5/12/2024 9:30:00 PM,1.40
10066,5/12/2024 9:30:10 PM,1.40
10066,5/12/2024 9:30:20 PM,1.37
10066,5/12/2024 9:30:30 PM,1.33
10066,5/12/2024 9:30:40 PM,1.28
10066,5/12/2024 9:30:50 PM,1.24
10066,5/12/2024 9:31:00 PM,1.19
10066,5/12/2024 9:31:10 PM,1.15
10066,5/12/2024 9:31:20 PM,1.10
10066,5/12/2024 9:31:30 PM,1.06
10066,5/12/2024 9:31:40 PM,1.01
10066,5/12/2024 9:31:50 PM,0.97
10066,5/12/2024 9:32:00 PM,0.92
10066,5/12/2024 9:32:10 PM,0.88
10066,5/12/2024 9:32:20 PM,0.83
10066,5/12/2024 9:32:30 PM,0.79
10066,5/12/2024 9:32:40 PM,0.74
10066,5/12/2024 9:32:50 PM,0.70
10066,5/12/2024 9:33:00 PM,0.65
10066,5/12/2024 9:33:10 PM,0.61
10066,5/12/2024 9:33:20 PM,0.88
10066,5/12/2024 9:33:30 PM,1.20
10066,5/12/2024 9:33:40 PM,1.26
10066,5/12/2024 9:33:50 PM,1.20
10066,5/12/2024 9:34:00 PM,1.13
10066,5/12/2024 9:34:10 PM,1.07
10066,5/12/2024 9:34:20 PM,1.01
10066,5/12/2024 9:34:30 PM,0.95
10066,5/12/2024 9:34:40 PM,0.88
10066,5/12/2024 9:34:50 PM,0.82
10066,5/12/2024 9:35:00 PM,0.76
10066,5/12/2024 9:35:10 PM,0.70
10066,5/12/2024 9:35:20 PM,0.63
10066,5/12/2024 9:35:30 PM,0.57
10066,5/12/2024 9:35:40 PM,0.51
10066,5/12/2024 9:35:50 PM,0.72
10066,5/12/2024 9:36:00 PM,0.97
10066,5/12/2024 9:36:10 PM,1.22
10066,5/12/2024 9:36:20 PM,1.47
10066,5/12/2024 9:36:30 PM,1.47
10066,5/12/2024 9:36:40 PM,1.45
10066,5/12/2024 9:36:50 PM,1.42
10066,5/12/2024 9:37:00 PM,1.39
10066,5/12/2024 9:37:10 PM,1.36
10066,5/12/2024 9:37:20 PM,1.33
10066,5/12/2024 9:37:30 PM,1.30
10066,5/12/2024 9:37:40 PM,1.27
10066,5/12/2024 9:37:50 PM,1.24
10066,5/12/2024 9:38:00 PM,1.21
10066,5/12/2024 9:38:10 PM,1.18
10066,5/12/2024 9:38:20 PM,1.15
10066,5/12/2024 9:38:30 PM,1.12
10066,5/12/2024 9:38:40 PM,1.09
10066,5/12/2024 9:38:50 PM,1.06
10066,5/12/2024 9:39:00 PM,1.03
10066,5/12/2024 9:39:10 PM,1.00
10066,5/12/2024 9:39:20 PM,0.97
10066,5/12/2024 9:39:30 PM,0.95
10066,5/12/2024 9:39:40 PM,0.92
10066,5/12/2024 9:39:50 PM,0.89
10066,5/12/2024 9:40:00 PM,0.86
10066,5/12/2024 9:40:10 PM,0.83
10066,5/12/2024 9:40:20 PM,0.80
10066,5/12/2024 9:40:30 PM,0.77
10066,5/12/2024 9:40:40 PM,0.74
10066,5/12/2024 9:40:50 PM,0.71
10066,5/12/2024 9:41:00 PM,0.68
10066,5/12/2024 9:41:10 PM,0.65
10066,5/12/2024 9:41:20 PM,0.62
10066,5/12/2024 9:41:30 PM,0.59
10066,5/12/2024 9:41:40 PM,0.56
10066,5/12/2024 9:41:50 PM,0.53
10066,5/12/2024 9:42:00 PM,0.50
10066,5/12/2024 9:42:10 PM,0.67
10066,5/12/2024 9:42:20 PM,0.86
10066,5/12/2024 9:42:30 PM,1.06
10066,5/12/2024 9:42:40 PM,1.25
10066,5/12/2024 9:42:50 PM,1.44
10066,5/12/2024 9:43:00 PM,1.64
10066,5/12/2024 9:43:10 PM,1.69
10066,5/12/2024 9:43:20 PM,1.67
10066,5/12/2024 9:43:30 PM,1.66
10066,5/12/2024 9:43:40 PM,1.64
10066,5/12/2024 9:43:50 PM,1.63
10066,5/12/2024 9:44:00 PM,1.61
10066,5/12/2024 9:44:10 PM,1.60
10066,5/12/2024 9:44:20 PM,1.58
10066,5/12/2024 9:44:30 PM,1.56
10066,5/12/2024 9:44:40 PM,1.55
10066,5/12/2024 9:44:50 PM,1.53
10066,5/12/2024 9:45:00 PM,1.52
10066,5/12/2024 9:45:10 PM,1.50
10066,5/12/2024 9:45:20 PM,1.49
10066,5/12/2024 9:45:30 PM,1.47
10066,5/12/2024 9:45:40 PM,1.45
10066,5/12/2024 9:45:50 PM,1.44
10066,5/12/2024 9:46:00 PM,1.42
10066,5/12/2024 9:46:10 PM,1.41
10066,5/12/2024 9:46:20 PM,1.39
10066,5/12/2024 9:46:30 PM,1.37
10066,5/12/2024 9:46:40 PM,1.36
10066,5/12/2024 9:46:50 PM,1.34
10066,5/12/2024 9:47:00 PM,1.33
10066,5/12/2024 9:47:10 PM,1.31
10066,5/12/2024 9:47:20 PM,1.30
10066,5/12/2024 9:47:30 PM,1.28
10066,5/12/2024 9:47:40 PM,1.26
10066,5/12/2024 9:47:50 PM,1.25
10066,5/12/2024 9:48:00 PM,1.23
10066,5/12/2024 9:48:10 PM,1.22
10066,5/12/2024 9:48:20 PM,1.20
10066,5/12/2024 9:48:30 PM,1.19
10066,5/12/2024 9:48:40 PM,1.17
10066,5/12/2024 9:48:50 PM,1.15
10066,5/12/2024 9:49:00 PM,1.14
10066,5/12/2024 9:49:10 PM,1.12
10066,5/12/2024 9:49:20 PM,1.11
10066,5/12/2024 9:49:30 PM,1.09
10066,5/12/2024 9:49:40 PM,1.08
10066,5/12/2024 9:49:50 PM,1.06
10066,5/12/2024 9:50:00 PM,1.04
10066,5/12/2024 9:50:10 PM,1.03
10066,5/12/2024 9:50:20 PM,1.01
10066,5/12/2024 9:50:30 PM,1.00
10066,5/12/2024 9:50:40 PM,0.98
10066,5/12/2024 9:50:50 PM,0.97
10066,5/12/2024 9:51:00 PM,0.95
10066,5/12/2024 9:51:10 PM,0.93
10066,5/12/2024 9:51:20 PM,0.92
10066,5/12/2024 9:51:30 PM,0.90
10066,5/12/2024 9:51:40 PM,1.03
10066,5/12/2024 9:51:50 PM,1.18
10066,5/12/2024 9:52:00 PM,1.33
10066,5/12/2024 9:52:10 PM,1.48
10066,5/12/2024 9:52:20 PM,1.49
10066,5/12/2024 9:52:30 PM,1.48
10066,5/12/2024 9:52:40 PM,1.47
10066,5/12/2024 9:52:50 PM,1.46
10066,5/12/2024 9:53:00 PM,1.45
10066,5/12/2024 9:53:10 PM,1.44
10066,5/12/2024 9:53:20 PM,1.43
10066,5/12/2024 9:53:30 PM,1.41
10066,5/12/2024 9:53:40 PM,1.40
10066,5/12/2024 9:53:50 PM,1.39
10066,5/12/2024 9:54:00 PM,1.38
10066,5/12/2024 9:54:10 PM,1.37
10066,5/12/2024 9:54:20 PM,1.36
10066,5/12/2024 9:54:30 PM,1.35
10066,5/12/2024 9:54:40 PM,1.34
10066,5/12/2024 9:54:50 PM,1.33
10066,5/12/2024 9:55:00 PM,1.32
10066,5/12/2024 9:55:10 PM,1.31
10066,5/12/2024 9:55:20 PM,1.30
10066,5/12/2024 9:55:30 PM,1.28
10066,5/12/2024 9:55:40 PM,1.27
10066,5/12/2024 9:55:50 PM,1.26
10066,5/12/2024 9:56:00 PM,1.25
10066,5/12/2024 9:56:10 PM,1.24
10066,5/12/2024 9:56:20 PM,1.23
10066,5/12/2024 9:56:30 PM,1.22
10066,5/12/2024 9:56:40 PM,1.21
10066,5/12/2024 9:56:50 PM,1.20
10066,5/12/2024 9:57:00 PM,1.19
10066,5/12/2024 9:57:10 PM,1.18
10066,5/12/2024 9:57:20 PM,1.16
10066,5/12/2024 9:57:30 PM,1.15
10066,5/12/2024 9:57:40 PM,1.14
10066,5/12/2024 9:57:50 PM,1.13
10066,5/12/2024 9:58:00 PM,1.12
10066,5/12/2024 9:58:10 PM,1.11
10066,5/12/2024 9:58:20 PM,1.10
10066,5/12/2024 9:58:30 PM,1.09
10066,5/12/2024 9:58:40 PM,1.08
10066,5/12/2024 9:58:50 PM,1.07
10066,5/12/2024 9:59:00 PM,1.06
10066,5/12/2024 9:59:10 PM,1.05
10066,5/12/2024 9:59:20 PM,1.03
10066,5/12/2024 9:59:30 PM,1.02
10066,5/12/2024 9:59:40 PM,1.01
10066,5/12/2024 9:59:50 PM,1.00
10066,5/12/2024 10:00:00 PM,0.99
10066,5/12/2024 10:00:10 PM,0.98
10066,5/12/2024 10:00:20 PM,0.97
10066,5/12/2024 10:00:30 PM,0.96
10066,5/12/2024 10:00:40 PM,0.95
10066,5/12/2024 10:00:50 PM,0.94
10066,5/12/2024 10:01:00 PM,0.93
10066,5/12/2024 10:01:10 PM,0.91
10066,5/12/2024 10:01:20 PM,0.90
10066,5/12/2024 10:01:30 PM,0.89
10066,5/12/2024 10:01:40 PM,0.88
10066,5/12/2024 10:01:50 PM,0.87
10066,5/12/2024 10:02:00 PM,0.86
10066,5/12/2024 10:02:10 PM,0.85
10066,5/12/2024 10:02:20 PM,0.84
10066,5/12/2024 10:02:30 PM,0.83
10066,5/12/2024 10:02:40 PM,0.82
10066,5/12/2024 10:02:50 PM,0.81
10066,5/12/2024 10:03:00 PM,0.80
10066,5/12/2024 10:03:10 PM,0.78
10066,5/12/2024 10:03:20 PM,0.77
10066,5/12/2024 10:03:30 PM,0.76
10066,5/12/2024 10:03:40 PM,0.75
10066,5/12/2024 10:03:50 PM,0.74
10066,5/12/2024 10:04:00 PM,0.73
10066,5/12/2024 10:04:10 PM,0.72
10066,5/12/2024 10:04:20 PM,0.71
10066,5/12/2024 10:04:30 PM,0.70
10066,5/12/2024 10:04:40 PM,0.69
10066,5/12/2024 10:04:50 PM,0.68
10066,5/12/2024 10:05:00 PM,0.66
10066,5/12/2024 10:05:10 PM,0.65
10066,5/12/2024 10:05:20 PM,0.64
10066,5/12/2024 10:05:30 PM,0.63
10066,5/12/2024 10:05:40 PM,0.62
10066,5/12/2024 10:05:50 PM,0.61
10066,5/12/2024 10:06:00 PM,0.60
10066,5/12/2024 10:06:10 PM,0.59
10066,5/12/2024 10:06:20 PM,0.58
10066,5/12/2024 10:06:30 PM,0.57
10066,5/12/2024 10:06:40 PM,0.56
10066,5/12/2024 10:06:50 PM,0.55
10066,5/12/2024 10:07:00 PM,0.53
10066,5/12/2024 10:07:10 PM,0.52
10066,5/12/2024 10:07:20 PM,0.51
10066,5/12/2024 10:07:30 PM,0.50
10066,5/12/2024 10:07:40 PM,0.63
10066,5/12/2024 10:07:50 PM,0.78
10066,5/12/2024 10:08:00 PM,0.93
10066,5/12/2024 10:08:10 PM,1.08
10066,5/12/2024 10:08:20 PM,1.23
10066,5/12/2024 10:08:30 PM,1.38
10066,5/12/2024 10:08:40 PM,1.53
10066,5/12/2024 10:08:50 PM,1.68
10066,5/12/2024 10:09:00 PM,1.46
10066,5/12/2024 10:09:10 PM,1.19
10066,5/12/2024 10:09:20 PM,0.92
10066,5/12/2024 10:09:30 PM,0.65
10066,5/12/2024 10:09:40 PM,0.38
10066,5/12/2024 10:09:50 PM,0.55
10066,5/12/2024 10:10:00 PM,0.92
10066,5/12/2024 10:10:10 PM,1.29
10066,5/12/2024 10:10:20 PM,1.66
10066,5/12/2024 10:10:30 PM,1.74
10066,5/12/2024 10:10:40 PM,1.78
10066,5/12/2024 10:10:50 PM,1.82
10066,5/12/2024 10:11:00 PM,1.86
10066,5/12/2024 10:11:10 PM,1.91
10066,5/12/2024 10:11:20 PM,1.95
10066,5/12/2024 10:11:30 PM,1.99
10066,5/12/2024 10:11:40 PM,2.03
10066,5/12/2024 10:11:50 PM,2.08
10066,5/12/2024 10:12:00 PM,2.12
10066,5/12/2024 10:12:10 PM,2.16
10066,5/12/2024 10:12:20 PM,2.20
10066,5/12/2024 10:12:30 PM,2.24
10066,5/12/2024 10:12:40 PM,2.29
10066,5/12/2024 10:12:50 PM,1.41
10066,5/12/2024 10:13:00 PM,0.09
10066,5/12/2024 10:13:10 PM,-1.23
10066,5/12/2024 10:13:20 PM,-0.17
10066,5/12/2024 10:13:30 PM,1.23
10066,5/12/2024 10:13:40 PM,1.43
10066,5/12/2024 10:13:50 PM,1.47
10066,5/12/2024 10:14:00 PM,1.51
10066,5/12/2024 10:14:10 PM,1.55
10066,5/12/2024 10:14:20 PM,1.59
10066,5/12/2024 10:14:30 PM,1.38
10066,5/12/2024 10:14:40 PM,1.06
10066,5/12/2024 10:14:50 PM,0.74
10066,5/12/2024 10:15:00 PM,0.82
10066,5/12/2024 10:15:10 PM,0.96
10066,5/12/2024 10:15:20 PM,1.37
10066,5/12/2024 10:15:30 PM,1.90
10066,5/12/2024 10:15:40 PM,2.44
10066,5/12/2024 10:15:50 PM,2.36
10066,5/12/2024 10:16:00 PM,2.21
10066,5/12/2024 10:16:10 PM,2.06
10066,5/12/2024 10:16:20 PM,1.90
10066,5/12/2024 10:16:30 PM,1.75
10066,5/12/2024 10:16:40 PM,1.60
10066,5/12/2024 10:16:50 PM,1.44
10066,5/12/2024 10:17:00 PM,1.29
10066,5/12/2024 10:17:10 PM,1.13
10066,5/12/2024 10:17:20 PM,0.98
10066,5/12/2024 10:17:30 PM,0.83
10066,5/12/2024 10:17:40 PM,0.67
10066,5/12/2024 10:17:50 PM,0.52
10066,5/12/2024 10:18:00 PM,0.76
10066,5/12/2024 10:18:10 PM,1.06
10066,5/12/2024 10:18:20 PM,1.37
10066,5/12/2024 10:18:30 PM,1.67
10066,5/12/2024 10:18:40 PM,1.56
10066,5/12/2024 10:18:50 PM,1.40
10066,5/12/2024 10:19:00 PM,1.24
10066,5/12/2024 10:19:10 PM,1.07
10066,5/12/2024 10:19:20 PM,0.91
10066,5/12/2024 10:19:30 PM,0.75
10066,5/12/2024 10:19:40 PM,0.86
10066,5/12/2024 10:19:50 PM,1.10
10066,5/12/2024 10:20:00 PM,1.33
10066,5/12/2024 10:20:10 PM,1.57
10066,5/12/2024 10:20:20 PM,1.36
10066,5/12/2024 10:20:30 PM,1.08
10066,5/12/2024 10:20:40 PM,0.80
10066,5/12/2024 10:20:50 PM,0.51
10066,5/12/2024 10:21:00 PM,0.23
10066,5/12/2024 10:21:10 PM,0.17
10066,5/12/2024 10:21:20 PM,0.15
10066,5/12/2024 10:21:30 PM,0.12
10066,5/12/2024 10:21:40 PM,0.09
10066,5/12/2024 10:21:50 PM,0.06
10066,5/12/2024 10:22:00 PM,0.03
10066,5/12/2024 10:22:10 PM,0.00
10066,5/12/2024 10:22:20 PM,-0.03
10066,5/12/2024 10:22:30 PM,-0.06
10066,5/12/2024 10:22:40 PM,-0.09
10066,5/12/2024 10:22:50 PM,-0.12
10066,5/12/2024 10:23:00 PM,-0.15
10066,5/12/2024 10:23:10 PM,-0.18
10066,5/12/2024 10:23:20 PM,-0.21
10066,5/12/2024 10:23:30 PM,-0.24
10066,5/12/2024 10:23:40 PM,-0.27
10066,5/12/2024 10:23:50 PM,-0.30
10066,5/12/2024 10:24:00 PM,0.01
10066,5/12/2024 10:24:10 PM,0.36
10066,5/12/2024 10:24:20 PM,0.71
10066,5/12/2024 10:24:30 PM,1.06
10066,5/12/2024 10:24:40 PM,1.41
10066,5/12/2024 10:24:50 PM,1.76
10066,5/12/2024 10:25:00 PM,1.75
10066,5/12/2024 10:25:10 PM,1.69
10066,5/12/2024 10:25:20 PM,1.64
10066,5/12/2024 10:25:30 PM,1.58
10066,5/12/2024 10:25:40 PM,1.53
10066,5/12/2024 10:25:50 PM,1.47
10066,5/12/2024 10:26:00 PM,1.41
10066,5/12/2024 10:26:10 PM,1.36
10066,5/12/2024 10:26:20 PM,1.30
10066,5/12/2024 10:26:30 PM,1.24
10066,5/12/2024 10:26:40 PM,1.19
10066,5/12/2024 10:26:50 PM,1.13
10066,5/12/2024 10:27:00 PM,1.08
10066,5/12/2024 10:27:10 PM,1.02
10066,5/12/2024 10:27:20 PM,0.96
10066,5/12/2024 10:27:30 PM,0.91
10066,5/12/2024 10:27:40 PM,1.00
10066,5/12/2024 10:27:50 PM,1.12
10066,5/12/2024 10:28:00 PM,1.23
10066,5/12/2024 10:28:10 PM,1.35
10066,5/12/2024 10:28:20 PM,1.46
10066,5/12/2024 10:28:30 PM,1.58
10066,5/12/2024 10:28:40 PM,1.70
10066,5/12/2024 10:28:50 PM,1.81
10066,5/12/2024 10:29:00 PM,1.93
10066,5/12/2024 10:29:10 PM,2.04
10066,5/12/2024 10:29:20 PM,2.16
10066,5/12/2024 10:29:30 PM,2.27
10066,5/12/2024 10:29:40 PM,2.39
10066,5/12/2024 10:29:50 PM,2.31
10066,5/12/2024 10:30:00 PM,2.22
10066,5/12/2024 10:30:10 PM,2.12
10066,5/12/2024 10:30:20 PM,2.02
10066,5/12/2024 10:30:30 PM,1.93
10066,5/12/2024 10:30:40 PM,1.83
10066,5/12/2024 10:30:50 PM,1.98
10066,5/12/2024 10:31:00 PM,2.24
10066,5/12/2024 10:31:10 PM,2.51
10066,5/12/2024 10:31:20 PM,2.77
10066,5/12/2024 10:31:30 PM,2.61
10066,5/12/2024 10:31:40 PM,2.39
10066,5/12/2024 10:31:50 PM,2.18
10066,5/12/2024 10:32:00 PM,1.96
10066,5/12/2024 10:32:10 PM,1.74
10066,5/12/2024 10:32:20 PM,1.53
10066,5/12/2024 10:32:30 PM,1.50
10066,5/12/2024 10:32:40 PM,1.49
10066,5/12/2024 10:32:50 PM,1.48
10066,5/12/2024 10:33:00 PM,1.48
10066,5/12/2024 10:33:10 PM,1.47
10066,5/12/2024 10:33:20 PM,1.47
10066,5/12/2024 10:33:30 PM,1.46
10066,5/12/2024 10:33:40 PM,1.46
10066,5/12/2024 10:33:50 PM,1.45
10066,5/12/2024 10:34:00 PM,1.45
10066,5/12/2024 10:34:10 PM,1.44
10066,5/12/2024 10:34:20 PM,1.44
10066,5/12/2024 10:34:30 PM,1.43
10066,5/12/2024 10:34:40 PM,1.43
10066,5/12/2024 10:34:50 PM,1.42
10066,5/12/2024 10:35:00 PM,1.41
10066,5/12/2024 10:35:10 PM,1.41
10066,5/12/2024 10:35:20 PM,1.40
10066,5/12/2024 10:35:30 PM,1.40
10066,5/12/2024 10:35:40 PM,1.39
10066,5/12/2024 10:35:50 PM,1.39
10066,5/12/2024 10:36:00 PM,1.38
10066,5/12/2024 10:36:10 PM,1.38
10066,5/12/2024 10:36:20 PM,1.37
10066,5/12/2024 10:36:30 PM,1.37
10066,5/12/2024 10:36:40 PM,1.36
10066,5/12/2024 10:36:50 PM,1.35
10066,5/12/2024 10:37:00 PM,1.35
10066,5/12/2024 10:37:10 PM,1.34
10066,5/12/2024 10:37:20 PM,1.34
10066,5/12/2024 10:37:30 PM,1.33
10066,5/12/2024 10:37:40 PM,1.33
10066,5/12/2024 10:37:50 PM,1.32
10066,5/12/2024 10:38:00 PM,1.32
10066,5/12/2024 10:38:10 PM,1.31
10066,5/12/2024 10:38:20 PM,1.31
10066,5/12/2024 10:38:30 PM,1.30
10066,5/12/2024 10:38:40 PM,1.29
10066,5/12/2024 10:38:50 PM,1.29
10066,5/12/2024 10:39:00 PM,1.28
10066,5/12/2024 10:39:10 PM,1.28
10066,5/12/2024 10:39:20 PM,1.27
10066,5/12/2024 10:39:30 PM,1.27
10066,5/12/2024 10:39:40 PM,1.26
10066,5/12/2024 10:39:50 PM,1.26
10066,5/12/2024 10:40:00 PM,1.25
10066,5/12/2024 10:40:10 PM,1.25
10066,5/12/2024 10:40:20 PM,1.24
10066,5/12/2024 10:40:30 PM,1.23
10066,5/12/2024 10:40:40 PM,1.23
10066,5/12/2024 10:40:50 PM,1.22
10066,5/12/2024 10:41:00 PM,1.22
10066,5/12/2024 10:41:10 PM,1.21
10066,5/12/2024 10:41:20 PM,1.21
10066,5/12/2024 10:41:30 PM,1.20
10066,5/12/2024 10:41:40 PM,1.20
10066,5/12/2024 10:41:50 PM,1.19
10066,5/12/2024 10:42:00 PM,1.19
10066,5/12/2024 10:42:10 PM,1.18
10066,5/12/2024 10:42:20 PM,1.18
10066,5/12/2024 10:42:30 PM,1.17
10066,5/12/2024 10:42:40 PM,1.16
10066,5/12/2024 10:42:50 PM,1.16
10066,5/12/2024 10:43:00 PM,1.15
10066,5/12/2024 10:43:10 PM,1.15
10066,5/12/2024 10:43:20 PM,1.14
10066,5/12/2024 10:43:30 PM,1.14
10066,5/12/2024 10:43:40 PM,1.13
10066,5/12/2024 10:43:50 PM,1.13
10066,5/12/2024 10:44:00 PM,1.12
10066,5/12/2024 10:44:10 PM,1.12
10066,5/12/2024 10:44:20 PM,1.11
10066,5/12/2024 10:44:30 PM,1.10
10066,5/12/2024 10:44:40 PM,1.10
10066,5/12/2024 10:44:50 PM,1.09
10066,5/12/2024 10:45:00 PM,1.09
10066,5/12/2024 10:45:10 PM,1.08
10066,5/12/2024 10:45:20 PM,1.08
10066,5/12/2024 10:45:30 PM,1.07
10066,5/12/2024 10:45:40 PM,1.07
10066,5/12/2024 10:45:50 PM,1.06
10066,5/12/2024 10:46:00 PM,1.06
10066,5/12/2024 10:46:10 PM,1.05
10066,5/12/2024 10:46:20 PM,1.04
10066,5/12/2024 10:46:30 PM,1.04
10066,5/12/2024 10:46:40 PM,1.03
10066,5/12/2024 10:46:50 PM,1.03
10066,5/12/2024 10:47:00 PM,1.02
10066,5/12/2024 10:47:10 PM,1.02
10066,5/12/2024 10:47:20 PM,1.01
10066,5/12/2024 10:47:30 PM,1.01
10066,5/12/2024 10:47:40 PM,1.00
10066,5/12/2024 10:47:50 PM,1.00
10066,5/12/2024 10:48:00 PM,0.99
10066,5/12/2024 10:48:10 PM,0.98
10066,5/12/2024 10:48:20 PM,0.98
10066,5/12/2024 10:48:30 PM,0.97
10066,5/12/2024 10:48:40 PM,0.97
10066,5/12/2024 10:48:50 PM,0.96
10066,5/12/2024 10:49:00 PM,0.96
10066,5/12/2024 10:49:10 PM,0.95
10066,5/12/2024 10:49:20 PM,0.95
10066,5/12/2024 10:49:30 PM,0.94
10066,5/12/2024 10:49:40 PM,0.94
10066,5/12/2024 10:49:50 PM,0.93
10066,5/12/2024 10:50:00 PM,0.93
10066,5/12/2024 10:50:10 PM,0.92
10066,5/12/2024 10:50:20 PM,0.91
10066,5/12/2024 10:50:30 PM,0.91
10066,5/12/2024 10:50:40 PM,0.90
10066,5/12/2024 10:50:50 PM,0.90
10066,5/12/2024 10:51:00 PM,0.89
10066,5/12/2024 10:51:10 PM,0.89
10066,5/12/2024 10:51:20 PM,0.88
10066,5/12/2024 10:51:30 PM,0.88
10066,5/12/2024 10:51:40 PM,0.87
10066,5/12/2024 10:51:50 PM,0.87
10066,5/12/2024 10:52:00 PM,0.86
10066,5/12/2024 10:52:10 PM,0.85
10066,5/12/2024 10:52:20 PM,0.85
10066,5/12/2024 10:52:30 PM,0.84
10066,5/12/2024 10:52:40 PM,0.84
10066,5/12/2024 10:52:50 PM,0.83
10066,5/12/2024 10:53:00 PM,0.83
10066,5/12/2024 10:53:10 PM,0.82
10066,5/12/2024 10:53:20 PM,0.82
10066,5/12/2024 10:53:30 PM,0.81
10066,5/12/2024 10:53:40 PM,0.81
10066,5/12/2024 10:53:50 PM,0.80
10066,5/12/2024 10:54:00 PM,0.79
10066,5/12/2024 10:54:10 PM,0.79
10066,5/12/2024 10:54:20 PM,0.78
10066,5/12/2024 10:54:30 PM,0.78
10066,5/12/2024 10:54:40 PM,0.77
10066,5/12/2024 10:54:50 PM,0.77
10066,5/12/2024 10:55:00 PM,0.76
10066,5/12/2024 10:55:10 PM,0.76
10066,5/12/2024 10:55:20 PM,0.75
10066,5/12/2024 10:55:30 PM,0.75
10066,5/12/2024 10:55:40 PM,0.74
10066,5/12/2024 10:55:50 PM,0.73
10066,5/12/2024 10:56:00 PM,0.73
10066,5/12/2024 10:56:10 PM,0.72
10066,5/12/2024 10:56:20 PM,0.72
10066,5/12/2024 10:56:30 PM,0.71
10066,5/12/2024 10:56:40 PM,0.71
10066,5/12/2024 10:56:50 PM,0.70
10066,5/12/2024 10:57:00 PM,0.79
10066,5/12/2024 10:57:10 PM,0.93
10066,5/12/2024 10:57:20 PM,1.07
10066,5/12/2024 10:57:30 PM,1.21
10066,5/12/2024 10:57:40 PM,1.35
10066,5/12/2024 10:57:50 PM,1.48
10066,5/12/2024 10:58:00 PM,1.39
10066,5/12/2024 10:58:10 PM,1.26
10066,5/12/2024 10:58:20 PM,1.13
10066,5/12/2024 10:58:30 PM,1.00
10066,5/12/2024 10:58:40 PM,0.87
10066,5/12/2024 10:58:50 PM,0.74
10066,5/12/2024 10:59:00 PM,0.62
10066,5/12/2024 10:59:10 PM,0.92
10066,5/12/2024 10:59:20 PM,1.28
10066,5/12/2024 10:59:30 PM,1.64
10066,5/12/2024 10:59:40 PM,2.00
10066,5/12/2024 10:59:50 PM,2.36
10066,5/12/2024 11:00:00 PM,2.15
10066,5/12/2024 11:00:10 PM,1.86
10066,5/12/2024 11:00:20 PM,1.68
10066,5/12/2024 11:00:30 PM,1.63
10066,5/12/2024 11:00:40 PM,1.59
10066,5/12/2024 11:00:50 PM,1.54
10066,5/12/2024 11:01:00 PM,1.50
10066,5/12/2024 11:01:10 PM,1.45
10066,5/12/2024 11:01:20 PM,1.41
10066,5/12/2024 11:01:30 PM,1.36
10066,5/12/2024 11:01:40 PM,1.32
10066,5/12/2024 11:01:50 PM,1.27
10066,5/12/2024 11:02:00 PM,1.23
10066,5/12/2024 11:02:10 PM,1.18
10066,5/12/2024 11:02:20 PM,1.14
10066,5/12/2024 11:02:30 PM,1.10
10066,5/12/2024 11:02:40 PM,1.05
10066,5/12/2024 11:02:50 PM,1.01
10066,5/12/2024 11:03:00 PM,0.96
10066,5/12/2024 11:03:10 PM,0.92
10066,5/12/2024 11:03:20 PM,0.96
10066,5/12/2024 11:03:30 PM,1.04
10066,5/12/2024 11:03:40 PM,1.13
10066,5/12/2024 11:03:50 PM,1.21
10066,5/12/2024 11:04:00 PM,1.30
10066,5/12/2024 11:04:10 PM,1.38
10066,5/12/2024 11:04:20 PM,1.47
10066,5/12/2024 11:04:30 PM,1.55
10066,5/12/2024 11:04:40 PM,1.63
10066,5/12/2024 11:04:50 PM,1.72
10066,5/12/2024 11:05:00 PM,1.80
10066,5/12/2024 11:05:10 PM,1.89
10066,5/12/2024 11:05:20 PM,1.61
10066,5/12/2024 11:05:30 PM,1.28
10066,5/12/2024 11:05:40 PM,0.95
10066,5/12/2024 11:05:50 PM,1.19
10066,5/12/2024 11:06:00 PM,1.52
10066,5/12/2024 11:06:10 PM,1.86
10066,5/12/2024 11:06:20 PM,1.86
10066,5/12/2024 11:06:30 PM,1.81
10066,5/12/2024 11:06:40 PM,1.77
10066,5/12/2024 11:06:50 PM,1.72
10066,5/12/2024 11:07:00 PM,1.67
10066,5/12/2024 11:07:10 PM,1.62
10066,5/12/2024 11:07:20 PM,1.58
10066,5/12/2024 11:07:30 PM,1.53
10066,5/12/2024 11:07:40 PM,1.48
10066,5/12/2024 11:07:50 PM,1.44
10066,5/12/2024 11:08:00 PM,1.39
10066,5/12/2024 11:08:10 PM,1.34
10066,5/12/2024 11:08:20 PM,1.29
10066,5/12/2024 11:08:30 PM,1.25
10066,5/12/2024 11:08:40 PM,1.20
10066,5/12/2024 11:08:50 PM,1.15
10066,5/12/2024 11:09:00 PM,1.11
10066,5/12/2024 11:09:10 PM,1.18
10066,5/12/2024 11:09:20 PM,1.26
10066,5/12/2024 11:09:30 PM,1.35
10066,5/12/2024 11:09:40 PM,1.43
10066,5/12/2024 11:09:50 PM,1.52
10066,5/12/2024 11:10:00 PM,1.60
10066,5/12/2024 11:10:10 PM,1.69
10066,5/12/2024 11:10:20 PM,1.62
10066,5/12/2024 11:10:30 PM,1.53
10066,5/12/2024 11:10:40 PM,1.44
10066,5/12/2024 11:10:50 PM,1.35
10066,5/12/2024 11:11:00 PM,1.26
10066,5/12/2024 11:11:10 PM,1.17
10066,5/12/2024 11:11:20 PM,1.08
10066,5/12/2024 11:11:30 PM,0.99
10066,5/12/2024 11:11:40 PM,0.90
10066,5/12/2024 11:11:50 PM,0.81
10066,5/12/2024 11:12:00 PM,1.12
10066,5/12/2024 11:12:10 PM,1.49
10066,5/12/2024 11:12:20 PM,1.85
10066,5/12/2024 11:12:30 PM,1.82
10066,5/12/2024 11:12:40 PM,1.73
10066,5/12/2024 11:12:50 PM,1.64
10066,5/12/2024 11:13:00 PM,1.55
10066,5/12/2024 11:13:10 PM,1.45
10066,5/12/2024 11:13:20 PM,1.36
10066,5/12/2024 11:13:30 PM,1.27
10066,5/12/2024 11:13:40 PM,1.18
10066,5/12/2024 11:13:50 PM,1.09
10066,5/12/2024 11:14:00 PM,1.00
10066,5/12/2024 11:14:10 PM,0.90
10066,5/12/2024 11:14:20 PM,0.81
10066,5/12/2024 11:14:30 PM,0.82
10066,5/12/2024 11:14:40 PM,0.84
10066,5/12/2024 11:14:50 PM,0.87
10066,5/12/2024 11:15:00 PM,0.89
10066,5/12/2024 11:15:10 PM,0.92
10066,5/12/2024 11:15:20 PM,0.94
10066,5/12/2024 11:15:30 PM,0.96
10066,5/12/2024 11:15:40 PM,0.99
10066,5/12/2024 11:15:50 PM,1.01
10066,5/12/2024 11:16:00 PM,1.04
10066,5/12/2024 11:16:10 PM,1.06
10066,5/12/2024 11:16:20 PM,1.08
10066,5/12/2024 11:16:30 PM,1.11
10066,5/12/2024 11:16:40 PM,1.13
10066,5/12/2024 11:16:50 PM,1.15
10066,5/12/2024 11:17:00 PM,1.18
10066,5/12/2024 11:17:10 PM,1.20
10066,5/12/2024 11:17:20 PM,1.23
10066,5/12/2024 11:17:30 PM,1.25
10066,5/12/2024 11:17:40 PM,1.27
10066,5/12/2024 11:17:50 PM,1.30
10066,5/12/2024 11:18:00 PM,1.32
10066,5/12/2024 11:18:10 PM,1.35
10066,5/12/2024 11:18:20 PM,1.37
10066,5/12/2024 11:18:30 PM,1.39
10066,5/12/2024 11:18:40 PM,1.42
10066,5/12/2024 11:18:50 PM,1.44
10066,5/12/2024 11:19:00 PM,1.46
10066,5/12/2024 11:19:10 PM,1.49
10066,5/12/2024 11:19:20 PM,1.51
10066,5/12/2024 11:19:30 PM,1.54
10066,5/12/2024 11:19:40 PM,1.56
10066,5/12/2024 11:19:50 PM,1.58
10066,5/12/2024 11:20:00 PM,1.61
10066,5/12/2024 11:20:10 PM,1.63
10066,5/12/2024 11:20:20 PM,1.65
10066,5/12/2024 11:20:30 PM,1.68
10066,5/12/2024 11:20:40 PM,1.70
10066,5/12/2024 11:20:50 PM,1.73
10066,5/12/2024 11:21:00 PM,1.75
10066,5/12/2024 11:21:10 PM,1.77
10066,5/12/2024 11:21:20 PM,1.80
10066,5/12/2024 11:21:30 PM,1.79
10066,5/12/2024 11:21:40 PM,1.77
10066,5/12/2024 11:21:50 PM,1.75
10066,5/12/2024 11:22:00 PM,1.74
10066,5/12/2024 11:22:10 PM,1.72
10066,5/12/2024 11:22:20 PM,1.70
10066,5/12/2024 11:22:30 PM,1.69
10066,5/12/2024 11:22:40 PM,1.67
10066,5/12/2024 11:22:50 PM,1.65
10066,5/12/2024 11:23:00 PM,1.64
10066,5/12/2024 11:23:10 PM,1.62
10066,5/12/2024 11:23:20 PM,1.60
10066,5/12/2024 11:23:30 PM,1.59
10066,5/12/2024 11:23:40 PM,1.57
10066,5/12/2024 11:23:50 PM,1.55
10066,5/12/2024 11:24:00 PM,1.54
10066,5/12/2024 11:24:10 PM,1.52
10066,5/12/2024 11:24:20 PM,1.50
10066,5/12/2024 11:24:30 PM,1.49
10066,5/12/2024 11:24:40 PM,1.47
10066,5/12/2024 11:24:50 PM,1.45
10066,5/12/2024 11:25:00 PM,1.44
10066,5/12/2024 11:25:10 PM,1.42
10066,5/12/2024 11:25:20 PM,1.40
10066,5/12/2024 11:25:30 PM,1.39
10066,5/12/2024 11:25:40 PM,1.37
10066,5/12/2024 11:25:50 PM,1.35
10066,5/12/2024 11:26:00 PM,1.34
10066,5/12/2024 11:26:10 PM,1.32
10066,5/12/2024 11:26:20 PM,1.30
10066,5/12/2024 11:26:30 PM,1.29
10066,5/12/2024 11:26:40 PM,1.27
10066,5/12/2024 11:26:50 PM,1.25
10066,5/12/2024 11:27:00 PM,1.24
10066,5/12/2024 11:27:10 PM,1.22
10066,5/12/2024 11:27:20 PM,1.20
10066,5/12/2024 11:27:30 PM,1.19
10066,5/12/2024 11:27:40 PM,1.17
10066,5/12/2024 11:27:50 PM,1.15
10066,5/12/2024 11:28:00 PM,1.14
10066,5/12/2024 11:28:10 PM,1.12
10066,5/12/2024 11:28:20 PM,1.10
10066,5/12/2024 11:28:30 PM,1.09
10066,5/12/2024 11:28:40 PM,1.07
10066,5/12/2024 11:28:50 PM,1.05
10066,5/12/2024 11:29:00 PM,1.04
10066,5/12/2024 11:29:10 PM,1.02
10066,5/12/2024 11:29:20 PM,1.00
10066,5/12/2024 11:29:30 PM,1.40
10066,5/12/2024 11:29:40 PM,1.85
10066,5/12/2024 11:29:50 PM,1.82
10066,5/12/2024 11:30:00 PM,1.74
10066,5/12/2024 11:30:10 PM,1.65
10066,5/12/2024 11:30:20 PM,1.56
10066,5/12/2024 11:30:30 PM,1.48
10066,5/12/2024 11:30:40 PM,1.39
10066,5/12/2024 11:30:50 PM,1.30
10066,5/12/2024 11:31:00 PM,1.21
10066,5/12/2024 11:31:10 PM,1.13
10066,5/12/2024 11:31:20 PM,1.19
10066,5/12/2024 11:31:30 PM,1.31
10066,5/12/2024 11:31:40 PM,1.44
10066,5/12/2024 11:31:50 PM,1.56
10066,5/12/2024 11:32:00 PM,1.58
10066,5/12/2024 11:32:10 PM,1.55
10066,5/12/2024 11:32:20 PM,1.52
10066,5/12/2024 11:32:30 PM,1.49
10066,5/12/2024 11:32:40 PM,1.46
10066,5/12/2024 11:32:50 PM,1.42
10066,5/12/2024 11:33:00 PM,1.39
10066,5/12/2024 11:33:10 PM,1.36
10066,5/12/2024 11:33:20 PM,1.33
10066,5/12/2024 11:33:30 PM,1.30
10066,5/12/2024 11:33:40 PM,1.27
10066,5/12/2024 11:33:50 PM,1.24
10066,5/12/2024 11:34:00 PM,1.21
10066,5/12/2024 11:34:10 PM,1.18
10066,5/12/2024 11:34:20 PM,1.15
10066,5/12/2024 11:34:30 PM,1.11
10066,5/12/2024 11:34:40 PM,1.08
10066,5/12/2024 11:34:50 PM,1.05
10066,5/12/2024 11:35:00 PM,1.02
10066,5/12/2024 11:35:10 PM,0.99
10066,5/12/2024 11:35:20 PM,0.96
10066,5/12/2024 11:35:30 PM,0.93
10066,5/12/2024 11:35:40 PM,0.90
10066,5/12/2024 11:35:50 PM,0.87
10066,5/12/2024 11:36:00 PM,0.83
10066,5/12/2024 11:36:10 PM,0.80
10066,5/12/2024 11:36:20 PM,0.82
10066,5/12/2024 11:36:30 PM,0.85
10066,5/12/2024 11:36:40 PM,0.87
10066,5/12/2024 11:36:50 PM,0.90
10066,5/12/2024 11:37:00 PM,0.92
10066,5/12/2024 11:37:10 PM,0.95
10066,5/12/2024 11:37:20 PM,0.97
10066,5/12/2024 11:37:30 PM,1.00
10066,5/12/2024 11:37:40 PM,1.02
10066,5/12/2024 11:37:50 PM,1.05
10066,5/12/2024 11:38:00 PM,1.07
10066,5/12/2024 11:38:10 PM,1.10
10066,5/12/2024 11:38:20 PM,1.12
10066,5/12/2024 11:38:30 PM,1.14
10066,5/12/2024 11:38:40 PM,1.17
10066,5/12/2024 11:38:50 PM,1.19
10066,5/12/2024 11:39:00 PM,1.22
10066,5/12/2024 11:39:10 PM,1.24
10066,5/12/2024 11:39:20 PM,1.27
10066,5/12/2024 11:39:30 PM,1.29
10066,5/12/2024 11:39:40 PM,1.32
10066,5/12/2024 11:39:50 PM,1.34
10066,5/12/2024 11:40:00 PM,1.37
10066,5/12/2024 11:40:10 PM,1.39
10066,5/12/2024 11:40:20 PM,1.36
10066,5/12/2024 11:40:30 PM,1.29
10066,5/12/2024 11:40:40 PM,1.22
10066,5/12/2024 11:40:50 PM,1.16
10066,5/12/2024 11:41:00 PM,1.09
10066,5/12/2024 11:41:10 PM,1.02
10066,5/12/2024 11:41:20 PM,0.95
10066,5/12/2024 11:41:30 PM,0.89
10066,5/12/2024 11:41:40 PM,0.82
10066,5/12/2024 11:41:50 PM,0.82
10066,5/12/2024 11:42:00 PM,0.86
10066,5/12/2024 11:42:10 PM,0.89
10066,5/12/2024 11:42:20 PM,0.92
10066,5/12/2024 11:42:30 PM,0.96
10066,5/12/2024 11:42:40 PM,0.99
10066,5/12/2024 11:42:50 PM,1.02
10066,5/12/2024 11:43:00 PM,1.06
10066,5/12/2024 11:43:10 PM,1.09
10066,5/12/2024 11:43:20 PM,1.12
10066,5/12/2024 11:43:30 PM,1.16
10066,5/12/2024 11:43:40 PM,1.19
10066,5/12/2024 11:43:50 PM,1.22
10066,5/12/2024 11:44:00 PM,1.26
10066,5/12/2024 11:44:10 PM,1.29
10066,5/12/2024 11:44:20 PM,1.32
10066,5/12/2024 11:44:30 PM,1.36
10066,5/12/2024 11:44:40 PM,1.39
10066,5/12/2024 11:44:50 PM,1.42
10066,5/12/2024 11:45:00 PM,1.46
10066,5/12/2024 11:45:10 PM,1.49
10066,5/12/2024 11:45:20 PM,1.47
10066,5/12/2024 11:45:30 PM,1.43
10066,5/12/2024 11:45:40 PM,1.38
10066,5/12/2024 11:45:50 PM,1.34
10066,5/12/2024 11:46:00 PM,1.29
10066,5/12/2024 11:46:10 PM,1.25
10066,5/12/2024 11:46:20 PM,1.20
10066,5/12/2024 11:46:30 PM,1.16
10066,5/12/2024 11:46:40 PM,1.11
10066,5/12/2024 11:46:50 PM,1.16
10066,5/12/2024 11:47:00 PM,1.25
10066,5/12/2024 11:47:10 PM,1.34
10066,5/12/2024 11:47:20 PM,1.43
10066,5/12/2024 11:47:30 PM,1.52
10066,5/12/2024 11:47:40 PM,1.61
10066,5/12/2024 11:47:50 PM,1.70
10066,5/12/2024 11:48:00 PM,1.79
10066,5/12/2024 11:48:10 PM,1.27
10066,5/12/2024 11:48:20 PM,0.67
10066,5/12/2024 11:48:30 PM,0.62
10066,5/12/2024 11:48:40 PM,0.64
10066,5/12/2024 11:48:50 PM,0.67
10066,5/12/2024 11:49:00 PM,0.69
10066,5/12/2024 11:49:10 PM,0.72
10066,5/12/2024 11:49:20 PM,0.74
10066,5/12/2024 11:49:30 PM,0.76
10066,5/12/2024 11:49:40 PM,0.79
10066,5/12/2024 11:49:50 PM,0.81
10066,5/12/2024 11:50:00 PM,0.83
10066,5/12/2024 11:50:10 PM,0.86
10066,5/12/2024 11:50:20 PM,0.88
10066,5/12/2024 11:50:30 PM,0.90
10066,5/12/2024 11:50:40 PM,0.93
10066,5/12/2024 11:50:50 PM,0.95
10066,5/12/2024 11:51:00 PM,0.97
10066,5/12/2024 11:51:10 PM,1.00
10066,5/12/2024 11:51:20 PM,1.02
10066,5/12/2024 11:51:30 PM,1.04
10066,5/12/2024 11:51:40 PM,1.07
10066,5/12/2024 11:51:50 PM,1.09
10066,5/12/2024 11:52:00 PM,1.12
10066,5/12/2024 11:52:10 PM,1.14
10066,5/12/2024 11:52:20 PM,1.16
10066,5/12/2024 11:52:30 PM,1.19
10066,5/12/2024 11:52:40 PM,1.21
10066,5/12/2024 11:52:50 PM,1.23
10066,5/12/2024 11:53:00 PM,1.26
10066,5/12/2024 11:53:10 PM,1.28
10066,5/12/2024 11:53:20 PM,1.30
10066,5/12/2024 11:53:30 PM,1.33
10066,5/12/2024 11:53:40 PM,1.35
10066,5/12/2024 11:53:50 PM,1.37
10066,5/12/2024 11:54:00 PM,1.40
10066,5/12/2024 11:54:10 PM,1.36
10066,5/12/2024 11:54:20 PM,1.32
10066,5/12/2024 11:54:30 PM,1.28
10066,5/12/2024 11:54:40 PM,1.24
10066,5/12/2024 11:54:50 PM,1.19
10066,5/12/2024 11:55:00 PM,1.15
10066,5/12/2024 11:55:10 PM,1.11
10066,5/12/2024 11:55:20 PM,1.07
10066,5/12/2024 11:55:30 PM,1.03
10066,5/12/2024 11:55:40 PM,0.98
10066,5/12/2024 11:55:50 PM,0.94
10066,5/12/2024 11:56:00 PM,0.90
10066,5/12/2024 11:56:10 PM,0.86
10066,5/12/2024 11:56:20 PM,0.81
10066,5/12/2024 11:56:30 PM,0.96
10066,5/12/2024 11:56:40 PM,1.19
10066,5/12/2024 11:56:50 PM,1.41
10066,5/12/2024 11:57:00 PM,1.64
10066,5/12/2024 11:57:10 PM,1.87
10066,5/12/2024 11:57:20 PM,1.74
10066,5/12/2024 11:57:30 PM,1.56
10066,5/12/2024 11:57:40 PM,1.37
10066,5/12/2024 11:57:50 PM,1.19
10066,5/12/2024 11:58:00 PM,1.01
10066,5/12/2024 11:58:10 PM,0.82
10066,5/12/2024 11:58:20 PM,0.86
10066,5/12/2024 11:58:30 PM,0.92
10066,5/12/2024 11:58:40 PM,0.99
10066,5/12/2024 11:58:50 PM,1.05
10066,5/12/2024 11:59:00 PM,1.12
